trade_date,M.DCE,Y.DCE,P.DCE,OI.ZCE,RM.ZCE
20100104,0.0,0.0,0.0,,
20100105,0.0,0.0,0.0,,
20100106,0.0,0.0,0.0,,
20100107,0.0,0.0,0.0,,
20100108,0.0,0.0,0.0,,
20100111,0.0,0.0,0.0,,
20100112,0.0,0.0,0.0,,
20100113,0.0,0.0,0.0,,
20100114,0.0,0.0,0.0,,
20100115,0.0,0.0,0.0,,
20100118,0.0,0.0,0.0,,
20100119,0.0,0.0,0.0,,
20100120,0.0,0.0,0.0,,
20100121,0.0,0.0,0.0,,
20100122,0.0,0.0,0.0,,
20100125,0.0,0.0,0.0,,
20100126,0.0,0.0,0.0,,
20100127,0.0,0.0,0.0,,
20100128,0.0,0.0,0.0,,
20100129,0.0,0.0,0.0,,
20100201,0.18592479669977055,0.18592479669977055,0.18592479669977055,,
20100202,0.33666254150565317,0.33666254150565317,0.33666254150565317,,
20100203,0.4590793893484509,0.4590793893484509,0.4590793893484509,,
20100204,0.5586329417816542,0.5586329417816542,0.5586329417816542,,
20100205,0.6396837358265803,0.6396837358265803,0.6396837358265803,,
20100208,0.7057306539820887,0.7057306539820887,0.7057306539820887,,
20100209,0.7595910456085759,0.7595910456085759,0.7595910456085759,,
20100210,0.803540020773908,0.803540020773908,0.803540020773908,,
20100211,0.8394191598975445,0.8394191598975445,0.8394191598975445,,
20100212,0.8687220183393125,0.8687220183393125,0.8687220183393125,,
20100222,0.8926618252446754,0.8926618252446754,0.8926618252446754,,
20100223,0.9122253842582033,0.9122253842582033,0.9122253842582033,,
20100224,0.9282161897662943,0.9282161897662943,0.9282161897662943,,
20100225,0.9412890517146816,0.9412890517146816,0.9412890517146816,,
20100226,0.9519779921802677,0.9519779921802677,0.9519779921802677,,
20100301,0.960718782116231,0.960718782116231,0.960718782116231,,
20100302,0.9678671889992321,0.9678671889992321,0.9678671889992321,,
20100303,0.973713779122857,0.973713779122857,0.973713779122857,,
20100304,0.9784959434742875,0.9784959434742875,0.9784959434742875,,
20100305,0.9824076803051387,0.9824076803051387,0.9824076803051387,,
20100308,0.9856075611390835,0.9856075611390835,0.9856075611390835,,
20100309,0.98822522308741,0.98822522308741,0.98822522308741,,
20100310,0.9903666638182906,0.9903666638182906,0.9903666638182906,,
20100311,0.9921185624901874,0.9921185624901874,0.9921185624901874,,
20100312,0.9935518074957836,0.9935518074957836,0.9935518074957836,,
20100315,0.9947243777383878,0.9947243777383878,0.9947243777383878,,
20100316,0.9956836966555517,0.9956836966555517,0.9956836966555517,,
20100317,0.9964685559742715,0.9964685559742715,0.9964685559742715,,
20100318,0.9971106881776471,0.9971106881776471,0.9971106881776471,,
20100319,0.9976360520548551,0.9976360520548551,0.9976360520548551,,
20100322,0.9980658838364348,0.9980658838364348,0.9980658838364348,,
20100323,0.9984175567601097,0.9984175567601097,0.9984175567601097,,
20100324,0.9987052840480932,0.9987052840480932,0.9987052840480932,,
20100325,0.9989406938669956,0.9989406938669956,0.9989406938669956,,
20100326,0.9991332996134621,0.9991332996134621,0.9991332996134621,,
20100329,0.9992908846022353,0.9992908846022353,0.9992908846022353,,
20100330,0.9994198167499548,0.9994198167499548,0.9994198167499548,,
20100331,0.999525306002907,0.999525306002907,0.999525306002907,,
20100401,0.9996116149324058,0.9996116149324058,0.9996116149324058,,
20100402,0.9996822310218187,0.9996822310218187,0.9996822310218187,,
20100406,0.9997400076164352,0.9997400076164352,0.9997400076164352,,
20100407,0.9997872792378925,0.9997872792378925,0.9997872792378925,,
20100408,0.9998259559268559,0.9998259559268559,0.9998259559268559,,
20100409,0.9998576004288134,0.9998576004288134,0.9998576004288134,,
20100412,0.9998834913436307,0.9998834913436307,0.9998834913436307,,
20100413,0.9999046747917233,0.9999046747917233,0.9999046747917233,,
20100414,0.9999220066852783,0.9999220066852783,0.9999220066852783,,
20100415,0.9999361873130613,0.9999361873130613,0.9999361873130613,,
20100416,0.9999477896365842,0.9999477896365842,0.9999477896365842,,
20100419,0.9999572824411832,0.9999572824411832,0.9999572824411832,,
20100420,0.9999650492775906,0.9999650492775906,0.9999650492775906,,
20100421,0.999971403959434,0.999971403959434,0.999971403959434,,
20100422,0.9999766032429119,0.9999766032429119,0.9999766032429119,,
20100423,0.9999808572010055,0.9999808572010055,0.9999808572010055,,
20100426,0.999984337711426,0.999984337711426,0.999984337711426,,
20100427,0.9999871854012701,0.9999871854012701,0.9999871854012701,,
20100428,0.9999895153289897,0.9999895153289897,0.9999895153289897,,
20100429,0.9999914216332635,0.9999914216332635,0.9999914216332635,,
20100430,0.9999929813366103,0.9999929813366103,0.9999929813366103,,
20100504,0.99999425745743,0.99999425745743,0.99999425745743,,
20100505,0.9999953015562152,0.9999953015562152,0.9999953015562152,,
20100506,0.9999961558188126,0.9999961558188126,0.9999961558188126,,
20100507,0.9999968547609077,0.9999968547609077,0.9999968547609077,,
20100510,0.9999974266226017,0.9999974266226017,0.9999974266226017,,
20100511,0.9999978945094287,0.9999978945094287,0.9999978945094287,,
20100512,0.9999982773259145,0.9999982773259145,0.9999982773259145,,
20100513,0.9999985905393968,0.9999985905393968,0.9999985905393968,,
20100514,0.9999988468049692,0.9999988468049692,0.9999988468049692,,
20100517,0.9999990564767984,0.9999990564767984,0.9999990564767984,,
20100518,0.9999992280264751,0.9999992280264751,0.9999992280264751,,
20100519,0.9999993683853003,0.9999993683853003,0.9999993683853003,,
20100520,0.9999994832243383,0.9999994832243383,0.9999994832243383,,
20100521,0.9999995771835506,0.9999995771835506,0.9999995771835506,,
20100524,0.9999996540592695,0.9999996540592695,0.9999996540592695,,
20100525,0.9999997169575847,0.9999997169575847,0.9999997169575847,,
20100526,0.9999997684198424,0.9999997684198424,0.9999997684198424,,
20100527,0.9999998105253258,0.9999998105253258,0.9999998105253258,,
20100528,0.9999998449752667,0.9999998449752667,0.9999998449752667,,
20100531,0.999999873161582,0.999999873161582,0.999999873161582,,
20100601,0.9999998962231127,0.9999998962231127,0.9999998962231127,,
20100602,0.9999999150916378,0.9999999150916378,0.9999999150916378,,
20100603,0.9999999305295219,0.9999999305295219,0.9999999305295219,,
20100604,0.999999943160518,0.999999943160518,0.999999943160518,,
20100607,0.9999999534949693,0.9999999534949693,0.9999999534949693,,
20100608,0.9999999619504294,0.9999999619504294,0.9999999619504294,,
20100609,0.9999999688685332,0.9999999688685332,0.9999999688685332,,
20100610,0.9999999745287999,0.9999999745287999,0.9999999745287999,,
20100611,0.9999999791599272,0.9999999791599272,0.9999999791599272,,
20100617,0.9999999829490314,0.9999999829490314,0.9999999829490314,,
20100618,0.9999999860492075,0.9999999860492075,0.9999999860492075,,
20100621,0.9999999885857153,0.9999999885857153,0.9999999885857153,,
20100622,0.9999999906610397,0.9999999906610397,0.9999999906610397,,
20100623,0.9999999923590326,0.9999999923590326,0.9999999923590326,,
20100624,0.9999999937482994,0.9999999937482994,0.9999999937482994,,
20100625,0.9999999948849723,0.9999999948849723,0.9999999948849723,,
20100628,0.9999999958149772,0.9999999958149772,0.9999999958149772,,
20100629,0.9999999965758906,0.9999999965758906,0.9999999965758906,,
20100630,0.999999997198456,0.999999997198456,0.999999997198456,,
20100701,0.9999999977078275,0.9999999977078275,0.9999999977078275,,
20100702,0.9999999981245863,0.9999999981245863,0.9999999981245863,,
20100705,0.9999999984655705,0.9999999984655705,0.9999999984655705,,
20100706,0.9999999987445577,0.9999999987445577,0.9999999987445577,,
20100707,0.9999999989728199,0.9999999989728199,0.9999999989728199,,
20100708,0.9999999991595799,0.9999999991595799,0.9999999991595799,,
20100709,0.9999999993123836,0.9999999993123836,0.9999999993123836,,
20100712,0.9999999994374047,0.9999999994374047,0.9999999994374047,,
20100713,0.9999999995396948,0.9999999995396948,0.9999999995396948,,
20100714,0.9999999996233867,0.9999999996233867,0.9999999996233867,,
20100715,0.9999999996918618,0.9999999996918618,0.9999999996918618,,
20100716,0.999999999747887,0.999999999747887,0.999999999747887,,
20100719,0.9999999997937258,0.9999999997937258,0.9999999997937258,,
20100720,0.9999999998312301,0.9999999998312301,0.9999999998312301,,
20100721,0.9999999998619156,0.9999999998619156,0.9999999998619156,,
20100722,0.9999999998870218,0.9999999998870218,0.9999999998870218,,
20100723,0.9999999999075633,0.9999999999075633,0.9999999999075633,,
20100726,0.9999999999243699,0.9999999999243699,0.9999999999243699,,
20100727,0.9999999999381209,0.9999999999381209,0.9999999999381209,,
20100728,0.9999999999493717,0.9999999999493717,0.9999999999493717,,
20100729,0.9999999999585768,0.9999999999585768,0.9999999999585768,,
20100730,0.9999999999661082,0.9999999999661082,0.9999999999661082,,
20100802,0.9999999999722704,0.9999999999722704,0.9999999999722704,,
20100803,0.9999999999773123,0.9999999999773123,0.9999999999773123,,
20100804,0.9999999999814372,0.9999999999814372,0.9999999999814372,,
20100805,0.9999999999848123,0.9999999999848123,0.9999999999848123,,
20100806,0.9999999999875737,0.9999999999875737,0.9999999999875737,,
20100809,0.9999999999898331,0.9999999999898331,0.9999999999898331,,
20100810,0.9999999999916817,0.9999999999916817,0.9999999999916817,,
20100811,0.9999999999931941,0.9999999999931941,0.9999999999931941,,
20100812,0.9999999999944316,0.9999999999944316,0.9999999999944316,,
20100813,0.999999999995444,0.999999999995444,0.999999999995444,,
20100816,0.9999999999962724,0.9999999999962724,0.9999999999962724,,
20100817,0.9999999999969501,0.9999999999969501,0.9999999999969501,,
20100818,0.9999999999975047,0.9999999999975047,0.9999999999975047,,
20100819,0.9999999999979583,0.9999999999979583,0.9999999999979583,,
20100820,0.9999999999983296,0.9999999999983296,0.9999999999983296,,
20100823,0.9999999999986333,0.9999999999986333,0.9999999999986333,,
20100824,0.9999999999988819,0.9999999999988819,0.9999999999988819,,
20100825,0.9999999999990852,0.9999999999990852,0.9999999999990852,,
20100826,0.9999999999992515,0.9999999999992515,0.9999999999992515,,
20100827,0.9999999999993876,0.9999999999993876,0.9999999999993876,,
20100830,0.999999999999499,0.999999999999499,0.999999999999499,,
20100831,0.99999999999959,0.99999999999959,0.99999999999959,,
20100901,0.9999999999996646,0.9999999999996646,0.9999999999996646,,
20100902,0.9999999999997257,0.9999999999997257,0.9999999999997257,,
20100903,0.9999999999997755,0.9999999999997755,0.9999999999997755,,
20100906,0.9999999999998164,0.9999999999998164,0.9999999999998164,,
20100907,0.9999999999998498,0.9999999999998498,0.9999999999998498,,
20100908,0.9999999999998771,0.9999999999998771,0.9999999999998771,,
20100909,0.9999999999998994,0.9999999999998994,0.9999999999998994,,
20100910,0.9999999999999176,0.9999999999999176,0.9999999999999176,,
20100913,0.9999999999999326,0.9999999999999326,0.9999999999999326,,
20100914,0.9999999999999449,0.9999999999999449,0.9999999999999449,,
20100915,0.9999999999999549,0.9999999999999549,0.9999999999999549,,
20100916,0.9999999999999631,0.9999999999999631,0.9999999999999631,,
20100917,0.9999999999999698,0.9999999999999698,0.9999999999999698,,
20100920,0.9999999999999752,0.9999999999999752,0.9999999999999752,,
20100921,0.9999999999999798,0.9999999999999798,0.9999999999999798,,
20100927,0.9999999999999836,0.9999999999999836,0.9999999999999836,,
20100928,0.9999999999999866,0.9999999999999866,0.9999999999999866,,
20100929,0.999999999999989,0.999999999999989,0.999999999999989,,
20100930,0.999999999999991,0.999999999999991,0.999999999999991,,
20101008,0.9999999999999926,0.9999999999999926,0.9999999999999926,,
20101011,0.9999999999999939,0.9999999999999939,0.9999999999999939,,
20101012,0.999999999999995,0.999999999999995,0.999999999999995,,
20101013,0.999999999999996,0.999999999999996,0.999999999999996,,
20101014,0.9999999999999968,0.9999999999999968,0.9999999999999968,,
20101015,0.9999999999999974,0.9999999999999974,0.9999999999999974,,
20101018,0.9999999999999979,0.9999999999999979,0.9999999999999979,,
20101019,0.9999999999999982,0.9999999999999982,0.9999999999999982,,
20101020,0.9999999999999986,0.9999999999999986,0.9999999999999986,,
20101021,0.9999999999999989,0.9999999999999989,0.9999999999999989,,
20101022,0.999999999999999,0.999999999999999,0.999999999999999,,
20101025,0.9999999999999992,0.9999999999999992,0.9999999999999992,,
20101026,0.9999999999999993,0.9999999999999993,0.9999999999999993,,
20101027,0.9999999999999996,0.9999999999999996,0.9999999999999996,,
20101028,0.9999999999999997,0.9999999999999997,0.9999999999999997,,
20101029,0.9999999999999997,0.9999999999999997,0.9999999999999997,,
20101101,0.9999999999999997,0.9999999999999997,0.9999999999999997,,
20101102,0.9999999999999997,0.9999999999999997,0.9999999999999997,,
20101103,0.9999999999999997,0.9999999999999997,0.9999999999999997,,
20101104,0.9999999999999997,0.9999999999999997,0.9999999999999997,,
20101105,0.9999999999999997,0.9999999999999997,0.9999999999999997,,
20101108,0.9999999999999997,0.9999999999999997,0.9999999999999997,,
20101109,0.9999999999999997,0.9999999999999997,0.9999999999999997,,
20101110,0.9999999999999997,0.9999999999999997,0.9999999999999997,,
20101111,0.9999999999999997,0.9999999999999997,0.9999999999999997,,
20101112,0.9999999999999997,0.9999999999999997,0.9999999999999997,,
20101115,0.9999999999999997,0.9999999999999997,0.9999999999999997,,
20101116,0.9999999999999997,0.9999999999999997,0.9999999999999997,,
20101117,0.9999999999999997,0.9999999999999997,0.9999999999999997,,
20101118,0.9999999999999997,0.9999999999999997,0.9999999999999997,,
20101119,0.9999999999999997,0.9999999999999997,0.9999999999999997,,
20101122,0.9999999999999997,0.9999999999999997,0.9999999999999997,,
20101123,0.9999999999999997,0.9999999999999997,0.9999999999999997,,
20101124,0.9999999999999997,0.9999999999999997,0.9999999999999997,,
20101125,0.9999999999999997,0.9999999999999997,0.9999999999999997,,
20101126,0.9999999999999997,0.9999999999999997,0.9999999999999997,,
20101129,0.9999999999999997,0.9999999999999997,0.9999999999999997,,
20101130,0.9999999999999997,0.9999999999999997,0.9999999999999997,,
20101201,0.9999999999999997,0.9999999999999997,0.9999999999999997,,
20101202,0.9999999999999997,0.9999999999999997,0.9999999999999997,,
20101203,0.9999999999999997,0.9999999999999997,0.9999999999999997,,
20101206,0.9999999999999997,0.9999999999999997,0.9999999999999997,,
20101207,0.9999999999999997,0.9999999999999997,0.9999999999999997,,
20101208,0.9999999999999997,0.9999999999999997,0.9999999999999997,,
20101209,0.9999999999999997,0.9999999999999997,0.9999999999999997,,
20101210,0.9999999999999997,0.9999999999999997,0.9999999999999997,,
20101213,0.9999999999999997,0.9999999999999997,0.9999999999999997,,
20101214,0.9999999999999997,0.9999999999999997,0.9999999999999997,,
20101215,0.9999999999999997,0.9999999999999997,0.9999999999999997,,
20101216,0.9999999999999997,0.9999999999999997,0.9999999999999997,,
20101217,0.9999999999999997,0.9999999999999997,0.9999999999999997,,
20101220,0.9999999999999997,0.9999999999999997,0.9999999999999997,,
20101221,0.9999999999999997,0.9999999999999997,0.9999999999999997,,
20101222,0.9999999999999997,0.9999999999999997,0.9999999999999997,,
20101223,0.9999999999999997,0.9999999999999997,0.9999999999999997,,
20101224,0.9999999999999997,0.9999999999999997,0.9999999999999997,,
20101227,0.9999999999999997,0.9999999999999997,0.9999999999999997,,
20101228,0.9999999999999997,0.9999999999999997,0.9999999999999997,,
20101229,0.9999999999999997,0.9999999999999997,0.9999999999999997,,
20101230,0.9999999999999997,0.9999999999999997,0.9999999999999997,,
20101231,0.9999999999999997,0.9999999999999997,0.9999999999999997,,
20110104,0.9999999999999997,0.9999999999999997,0.9999999999999997,,
20110105,0.9999999999999997,0.9999999999999997,0.9999999999999997,,
20110106,0.9999999999999997,0.9999999999999997,0.9999999999999997,,
20110107,0.9999999999999997,0.9999999999999997,0.9999999999999997,,
20110110,0.9999999999999997,0.9999999999999997,0.9999999999999997,,
20110111,0.9999999999999997,0.9999999999999997,0.9999999999999997,,
20110112,0.9999999999999997,0.9999999999999997,0.9999999999999997,,
20110113,0.9999999999999997,0.9999999999999997,0.9999999999999997,,
20110114,0.9999999999999997,0.9999999999999997,0.9999999999999997,,
20110117,0.9999999999999997,0.9999999999999997,0.9999999999999997,,
20110118,0.9999999999999997,0.9999999999999997,0.9999999999999997,,
20110119,0.9999999999999997,0.9999999999999997,0.9999999999999997,,
20110120,0.9999999999999997,0.9999999999999997,0.9999999999999997,,
20110121,0.9999999999999997,0.9999999999999997,0.9999999999999997,,
20110124,0.9999999999999997,0.9999999999999997,0.9999999999999997,,
20110125,0.9999999999999997,0.9999999999999997,0.9999999999999997,,
20110126,0.9999999999999997,0.9999999999999997,0.9999999999999997,,
20110127,0.9999999999999997,0.9999999999999997,0.9999999999999997,,
20110128,0.9999999999999997,0.9999999999999997,0.9999999999999997,,
20110131,0.9999999999999997,0.9999999999999997,0.9999999999999997,,
20110201,0.9999999999999997,0.9999999999999997,0.9999999999999997,,
20110209,0.9999999999999997,0.9999999999999997,0.9999999999999997,,
20110210,0.9999999999999997,0.9999999999999997,0.9999999999999997,,
20110211,0.9999999999999997,0.9999999999999997,0.9999999999999997,,
20110214,0.9999999999999997,0.9999999999999997,0.9999999999999997,,
20110215,0.9999999999999997,0.9999999999999997,0.9999999999999997,,
20110216,0.9999999999999997,0.9999999999999997,0.9999999999999997,,
20110217,0.9999999999999997,0.9999999999999997,0.9999999999999997,,
20110218,0.9999999999999997,0.9999999999999997,0.9999999999999997,,
20110221,0.9999999999999997,0.9999999999999997,0.9999999999999997,,
20110222,0.9999999999999997,0.9999999999999997,0.9999999999999997,,
20110223,0.9999999999999997,0.9999999999999997,0.9999999999999997,,
20110224,0.9999999999999997,0.9999999999999997,0.9999999999999997,,
20110225,0.9999999999999997,0.9999999999999997,0.9999999999999997,,
20110228,0.9999999999999997,0.9999999999999997,0.9999999999999997,,
20110301,0.9999999999999997,0.9999999999999997,0.9999999999999997,,
20110302,0.9999999999999997,0.9999999999999997,0.9999999999999997,,
20110303,0.9999999999999997,0.9999999999999997,0.9999999999999997,,
20110304,0.9999999999999997,0.9999999999999997,0.9999999999999997,,
20110307,0.9999999999999997,0.9999999999999997,0.9999999999999997,,
20110308,0.9999999999999997,0.9999999999999997,0.9999999999999997,,
20110309,0.9999999999999997,0.9999999999999997,0.9999999999999997,,
20110310,0.9999999999999997,0.9999999999999997,0.9999999999999997,,
20110311,0.9999999999999997,0.9999999999999997,0.9999999999999997,,
20110314,0.9999999999999997,0.9999999999999997,0.9999999999999997,,
20110315,0.9999999999999997,0.9999999999999997,0.9999999999999997,,
20110316,0.9999999999999997,0.9999999999999997,0.9999999999999997,,
20110317,0.9999999999999997,0.9999999999999997,0.9999999999999997,,
20110318,0.9999999999999997,0.9999999999999997,0.9999999999999997,,
20110321,0.9999999999999997,0.9999999999999997,0.9999999999999997,,
20110322,0.9999999999999997,0.9999999999999997,0.9999999999999997,,
20110323,0.9999999999999997,0.9999999999999997,0.9999999999999997,,
20110324,0.9999999999999997,0.9999999999999997,0.9999999999999997,,
20110325,0.9999999999999997,0.9999999999999997,0.9999999999999997,,
20110328,0.9999999999999997,0.9999999999999997,0.9999999999999997,,
20110329,0.9999999999999997,0.9999999999999997,0.9999999999999997,,
20110330,0.9999999999999997,0.9999999999999997,0.9999999999999997,,
20110331,0.9999999999999997,0.9999999999999997,0.9999999999999997,,
20110401,0.9999999999999997,0.9999999999999997,0.9999999999999997,,
20110406,0.9999999999999997,0.9999999999999997,0.9999999999999997,,
20110407,0.9999999999999997,0.9999999999999997,0.9999999999999997,,
20110408,0.9999999999999997,0.9999999999999997,0.9999999999999997,,
20110411,0.9999999999999997,0.9999999999999997,0.9999999999999997,,
20110412,0.9999999999999997,0.9999999999999997,0.9999999999999997,,
20110413,0.9999999999999997,0.9999999999999997,0.9999999999999997,,
20110414,0.9999999999999997,0.9999999999999997,0.9999999999999997,,
20110415,0.9999999999999997,0.9999999999999997,0.9999999999999997,,
20110418,0.9999999999999997,0.9999999999999997,0.9999999999999997,,
20110419,0.9999999999999997,0.9999999999999997,0.9999999999999997,,
20110420,0.9999999999999997,0.9999999999999997,0.9999999999999997,,
20110421,0.9999999999999997,0.9999999999999997,0.9999999999999997,,
20110422,0.9999999999999997,0.9999999999999997,0.9999999999999997,,
20110425,0.9999999999999997,0.9999999999999997,0.9999999999999997,,
20110426,0.9999999999999997,0.9999999999999997,0.9999999999999997,,
20110427,0.9999999999999997,0.9999999999999997,0.9999999999999997,,
20110428,0.9999999999999997,0.9999999999999997,0.9999999999999997,,
20110429,0.9999999999999997,0.9999999999999997,0.9999999999999997,,
20110503,0.9999999999999997,0.9999999999999997,0.9999999999999997,,
20110504,0.9999999999999997,0.9999999999999997,0.9999999999999997,,
20110505,0.9999999999999997,0.9999999999999997,0.9999999999999997,,
20110506,0.9999999999999997,0.9999999999999997,0.9999999999999997,,
20110509,0.9999999999999997,0.9999999999999997,0.9999999999999997,,
20110510,0.9999999999999997,0.9999999999999997,0.9999999999999997,,
20110511,0.9999999999999997,0.9999999999999997,0.9999999999999997,,
20110512,0.9999999999999997,0.9999999999999997,0.9999999999999997,,
20110513,0.9999999999999997,0.9999999999999997,0.9999999999999997,,
20110516,0.9999999999999997,0.9999999999999997,0.9999999999999997,,
20110517,0.9999999999999997,0.9999999999999997,0.9999999999999997,,
20110518,0.9999999999999997,0.9999999999999997,0.9999999999999997,,
20110519,0.9999999999999997,0.9999999999999997,0.9999999999999997,,
20110520,0.9999999999999997,0.9999999999999997,0.9999999999999997,,
20110523,0.9999999999999997,0.9999999999999997,0.9999999999999997,,
20110524,0.9999999999999997,0.9999999999999997,0.9999999999999997,,
20110525,0.9999999999999997,0.9999999999999997,0.9999999999999997,,
20110526,0.9999999999999997,0.9999999999999997,0.9999999999999997,,
20110527,0.9999999999999997,0.9999999999999997,0.9999999999999997,,
20110530,0.9999999999999997,0.9999999999999997,0.9999999999999997,,
20110531,0.9999999999999997,0.9999999999999997,0.9999999999999997,,
20110601,0.9999999999999997,0.9999999999999997,0.9999999999999997,,
20110602,0.9999999999999997,0.9999999999999997,0.9999999999999997,,
20110603,0.9999999999999997,0.9999999999999997,0.9999999999999997,,
20110607,0.9999999999999997,0.9999999999999997,0.9999999999999997,,
20110608,0.9999999999999997,0.9999999999999997,0.9999999999999997,,
20110609,0.9999999999999997,0.9999999999999997,0.9999999999999997,,
20110610,0.9999999999999997,0.9999999999999997,0.9999999999999997,,
20110613,0.9999999999999997,0.9999999999999997,0.9999999999999997,,
20110614,0.9999999999999997,0.9999999999999997,0.9999999999999997,,
20110615,0.9999999999999997,0.9999999999999997,0.9999999999999997,,
20110616,0.9999999999999997,0.9999999999999997,0.9999999999999997,,
20110617,0.9999999999999997,0.9999999999999997,0.9999999999999997,,
20110620,0.9999999999999997,0.9999999999999997,0.9999999999999997,,
20110621,0.9999999999999997,0.9999999999999997,0.9999999999999997,,
20110622,0.9999999999999997,0.9999999999999997,0.9999999999999997,,
20110623,0.9999999999999997,0.9999999999999997,0.9999999999999997,,
20110624,0.9999999999999997,0.9999999999999997,0.9999999999999997,,
20110627,0.9999999999999997,0.9999999999999997,0.9999999999999997,,
20110628,0.9999999999999997,0.9999999999999997,0.9999999999999997,,
20110629,0.9999999999999997,0.9999999999999997,0.9999999999999997,,
20110630,0.9999999999999997,0.9999999999999997,0.9999999999999997,,
20110701,0.9999999999999997,0.9999999999999997,0.9999999999999997,,
20110704,0.9999999999999997,0.9999999999999997,0.9999999999999997,,
20110705,0.9999999999999997,0.9999999999999997,0.9999999999999997,,
20110706,0.9999999999999997,0.9999999999999997,0.9999999999999997,,
20110707,0.9999999999999997,0.9999999999999997,0.9999999999999997,,
20110708,0.9999999999999997,0.9999999999999997,0.9999999999999997,,
20110711,0.9999999999999997,0.9999999999999997,0.9999999999999997,,
20110712,0.9999999999999997,0.9999999999999997,0.9999999999999997,,
20110713,0.9999999999999997,0.9999999999999997,0.9999999999999997,,
20110714,0.9999999999999997,0.9999999999999997,0.9999999999999997,,
20110715,0.9999999999999997,0.9999999999999997,0.9999999999999997,,
20110718,0.9999999999999997,0.9999999999999997,0.9999999999999997,,
20110719,0.9999999999999997,0.9999999999999997,0.9999999999999997,,
20110720,0.9999999999999997,0.9999999999999997,0.9999999999999997,,
20110721,0.9999999999999997,0.9999999999999997,0.9999999999999997,,
20110722,0.9999999999999997,0.9999999999999997,0.9999999999999997,,
20110725,0.9999999999999997,0.9999999999999997,0.9999999999999997,,
20110726,0.9999999999999997,0.9999999999999997,0.9999999999999997,,
20110727,0.9999999999999997,0.9999999999999997,0.9999999999999997,,
20110728,0.9999999999999997,0.9999999999999997,0.9999999999999997,,
20110729,0.9999999999999997,0.9999999999999997,0.9999999999999997,,
20110801,0.9999999999999997,0.9999999999999997,0.9999999999999997,,
20110802,0.9999999999999997,0.9999999999999997,0.9999999999999997,,
20110803,0.9999999999999997,0.9999999999999997,0.9999999999999997,,
20110804,0.9999999999999997,0.9999999999999997,0.9999999999999997,,
20110805,0.9999999999999997,0.9999999999999997,0.9999999999999997,,
20110808,0.9999999999999997,0.9999999999999997,0.9999999999999997,,
20110809,0.9999999999999997,0.9999999999999997,0.9999999999999997,,
20110810,0.9999999999999997,0.9999999999999997,0.9999999999999997,,
20110811,0.9999999999999997,0.9999999999999997,0.9999999999999997,,
20110812,0.9999999999999997,0.9999999999999997,0.9999999999999997,,
20110815,0.9999999999999997,0.9999999999999997,0.9999999999999997,,
20110816,0.9999999999999997,0.9999999999999997,0.9999999999999997,,
20110817,0.9999999999999997,0.9999999999999997,0.9999999999999997,,
20110818,0.9999999999999997,0.9999999999999997,0.9999999999999997,,
20110819,0.9999999999999997,0.9999999999999997,0.9999999999999997,,
20110822,0.9999999999999997,0.9999999999999997,0.9999999999999997,,
20110823,0.9999999999999997,0.9999999999999997,0.9999999999999997,,
20110824,0.9999999999999997,0.9999999999999997,0.9999999999999997,,
20110825,0.9999999999999997,0.9999999999999997,0.9999999999999997,,
20110826,0.9999999999999997,0.9999999999999997,0.9999999999999997,,
20110829,0.9999999999999997,0.9999999999999997,0.9999999999999997,,
20110830,0.9999999999999997,0.9999999999999997,0.9999999999999997,,
20110831,0.9999999999999997,0.9999999999999997,0.9999999999999997,,
20110901,0.9999999999999997,0.9999999999999997,0.9999999999999997,,
20110902,0.9999999999999997,0.9999999999999997,0.9999999999999997,,
20110905,0.9999999999999997,0.9999999999999997,0.9999999999999997,,
20110906,0.9999999999999997,0.9999999999999997,0.9999999999999997,,
20110907,0.9999999999999997,0.9999999999999997,0.9999999999999997,,
20110908,0.9999999999999997,0.9999999999999997,0.9999999999999997,,
20110909,0.9999999999999997,0.9999999999999997,0.9999999999999997,,
20110913,0.9999999999999997,0.9999999999999997,0.9999999999999997,,
20110914,0.9999999999999997,0.9999999999999997,0.9999999999999997,,
20110915,0.9999999999999997,0.9999999999999997,0.9999999999999997,,
20110916,0.9999999999999997,0.9999999999999997,0.9999999999999997,,
20110919,0.9999999999999997,0.9999999999999997,0.9999999999999997,,
20110920,0.9999999999999997,0.9999999999999997,0.9999999999999997,,
20110921,0.9999999999999997,0.9999999999999997,0.9999999999999997,,
20110922,0.9999999999999997,0.9999999999999997,0.9999999999999997,,
20110923,0.9999999999999997,0.9999999999999997,0.9999999999999997,,
20110926,0.9999999999999997,0.9999999999999997,0.9999999999999997,,
20110927,0.9999999999999997,0.9999999999999997,0.9999999999999997,,
20110928,0.9999999999999997,0.9999999999999997,0.9999999999999997,,
20110929,0.9999999999999997,0.9999999999999997,0.9999999999999997,,
20110930,0.9999999999999997,0.9999999999999997,0.9999999999999997,,
20111010,0.9999999999999997,0.9999999999999997,0.9999999999999997,,
20111011,0.9999999999999997,0.9999999999999997,0.9999999999999997,,
20111012,0.9999999999999997,0.9999999999999997,0.9999999999999997,,
20111013,0.9999999999999997,0.9999999999999997,0.9999999999999997,,
20111014,0.9999999999999997,0.9999999999999997,0.9999999999999997,,
20111017,0.9999999999999997,0.9999999999999997,0.9999999999999997,,
20111018,0.9999999999999997,0.9999999999999997,0.9999999999999997,,
20111019,0.9999999999999997,0.9999999999999997,0.9999999999999997,,
20111020,0.9999999999999997,0.9999999999999997,0.9999999999999997,,
20111021,0.9999999999999997,0.9999999999999997,0.9999999999999997,,
20111024,0.9999999999999997,0.9999999999999997,0.9999999999999997,,
20111025,0.9999999999999997,0.9999999999999997,0.9999999999999997,,
20111026,0.9999999999999997,0.9999999999999997,0.9999999999999997,,
20111027,0.9999999999999997,0.9999999999999997,0.9999999999999997,,
20111028,0.9999999999999997,0.9999999999999997,0.9999999999999997,,
20111031,0.9999999999999997,0.9999999999999997,0.9999999999999997,,
20111101,0.9999999999999997,0.9999999999999997,0.9999999999999997,,
20111102,0.9999999999999997,0.9999999999999997,0.9999999999999997,,
20111103,0.9999999999999997,0.9999999999999997,0.9999999999999997,,
20111104,0.9999999999999997,0.9999999999999997,0.9999999999999997,,
20111107,0.9999999999999997,0.9999999999999997,0.9999999999999997,,
20111108,0.9999999999999997,0.9999999999999997,0.9999999999999997,,
20111109,0.9999999999999997,0.9999999999999997,0.9999999999999997,,
20111110,0.9999999999999997,0.9999999999999997,0.9999999999999997,,
20111111,0.9999999999999997,0.9999999999999997,0.9999999999999997,,
20111114,0.9999999999999997,0.9999999999999997,0.9999999999999997,,
20111115,0.9999999999999997,0.9999999999999997,0.9999999999999997,,
20111116,0.9999999999999997,0.9999999999999997,0.9999999999999997,,
20111117,0.9999999999999997,0.9999999999999997,0.9999999999999997,,
20111118,0.9999999999999997,0.9999999999999997,0.9999999999999997,,
20111121,0.9999999999999997,0.9999999999999997,0.9999999999999997,,
20111122,0.9999999999999997,0.9999999999999997,0.9999999999999997,,
20111123,0.9999999999999997,0.9999999999999997,0.9999999999999997,,
20111124,0.9999999999999997,0.9999999999999997,0.9999999999999997,,
20111125,0.9999999999999997,0.9999999999999997,0.9999999999999997,,
20111128,0.9999999999999997,0.9999999999999997,0.9999999999999997,,
20111129,0.9999999999999997,0.9999999999999997,0.9999999999999997,,
20111130,0.9999999999999997,0.9999999999999997,0.9999999999999997,,
20111201,0.9999999999999997,0.9999999999999997,0.9999999999999997,,
20111202,0.9999999999999997,0.9999999999999997,0.9999999999999997,,
20111205,0.9999999999999997,0.9999999999999997,0.9999999999999997,,
20111206,0.9999999999999997,0.9999999999999997,0.9999999999999997,,
20111207,0.9999999999999997,0.9999999999999997,0.9999999999999997,,
20111208,0.9999999999999997,0.9999999999999997,0.9999999999999997,,
20111209,0.9999999999999997,0.9999999999999997,0.9999999999999997,,
20111212,0.9999999999999997,0.9999999999999997,0.9999999999999997,,
20111213,0.9999999999999997,0.9999999999999997,0.9999999999999997,,
20111214,0.9999999999999997,0.9999999999999997,0.9999999999999997,,
20111215,0.9999999999999997,0.9999999999999997,0.9999999999999997,,
20111216,0.9999999999999997,0.9999999999999997,0.9999999999999997,,
20111219,0.9999999999999997,0.9999999999999997,0.9999999999999997,,
20111220,0.9999999999999997,0.9999999999999997,0.9999999999999997,,
20111221,0.9999999999999997,0.9999999999999997,0.9999999999999997,,
20111222,0.9999999999999997,0.9999999999999997,0.9999999999999997,,
20111223,0.9999999999999997,0.9999999999999997,0.9999999999999997,,
20111226,0.9999999999999997,0.9999999999999997,0.9999999999999997,,
20111227,0.9999999999999997,0.9999999999999997,0.9999999999999997,,
20111228,0.9999999999999997,0.9999999999999997,0.9999999999999997,,
20111229,0.9999999999999997,0.9999999999999997,0.9999999999999997,,
20111230,0.9999999999999997,0.9999999999999997,0.9999999999999997,,
20120104,0.9999999999999997,0.9999999999999997,0.9999999999999997,,
20120105,0.9999999999999997,0.9999999999999997,0.9999999999999997,,
20120106,0.9999999999999997,0.9999999999999997,0.9999999999999997,,
20120109,0.9999999999999997,0.9999999999999997,0.9999999999999997,,
20120110,0.9999999999999997,0.9999999999999997,0.9999999999999997,,
20120111,0.9999999999999997,0.9999999999999997,0.9999999999999997,,
20120112,0.9999999999999997,0.9999999999999997,0.9999999999999997,,
20120113,0.9999999999999997,0.9999999999999997,0.9999999999999997,,
20120116,0.9999999999999997,0.9999999999999997,0.9999999999999997,,
20120117,0.9999999999999997,0.9999999999999997,0.9999999999999997,,
20120118,0.9999999999999997,0.9999999999999997,0.9999999999999997,,
20120119,0.9999999999999997,0.9999999999999997,0.9999999999999997,,
20120120,0.9999999999999997,0.9999999999999997,0.9999999999999997,,
20120130,0.9999999999999997,0.9999999999999997,0.9999999999999997,,
20120131,0.9999999999999997,0.9999999999999997,0.9999999999999997,,
20120201,0.9999999999999997,0.9999999999999997,0.9999999999999997,,
20120202,0.9999999999999997,0.9999999999999997,0.9999999999999997,,
20120203,0.9999999999999997,0.9999999999999997,0.9999999999999997,,
20120206,0.9999999999999997,0.9999999999999997,0.9999999999999997,,
20120207,0.9999999999999997,0.9999999999999997,0.9999999999999997,,
20120208,0.9999999999999997,0.9999999999999997,0.9999999999999997,,
20120209,0.9999999999999997,0.9999999999999997,0.9999999999999997,,
20120210,0.9999999999999997,0.9999999999999997,0.9999999999999997,,
20120213,0.9999999999999997,0.9999999999999997,0.9999999999999997,,
20120214,0.9999999999999997,0.9999999999999997,0.9999999999999997,,
20120215,0.9999999999999997,0.9999999999999997,0.9999999999999997,,
20120216,0.9999999999999997,0.9999999999999997,0.9999999999999997,,
20120217,0.9999999999999997,0.9999999999999997,0.9999999999999997,,
20120220,0.9999999999999997,0.9999999999999997,0.9999999999999997,,
20120221,0.9999999999999997,0.9999999999999997,0.9999999999999997,,
20120222,0.9999999999999997,0.9999999999999997,0.9999999999999997,,
20120223,0.9999999999999997,0.9999999999999997,0.9999999999999997,,
20120224,0.9999999999999997,0.9999999999999997,0.9999999999999997,,
20120227,0.9999999999999997,0.9999999999999997,0.9999999999999997,,
20120228,0.9999999999999997,0.9999999999999997,0.9999999999999997,,
20120229,0.9999999999999997,0.9999999999999997,0.9999999999999997,,
20120301,0.9999999999999997,0.9999999999999997,0.9999999999999997,,
20120302,0.9999999999999997,0.9999999999999997,0.9999999999999997,,
20120305,0.9999999999999997,0.9999999999999997,0.9999999999999997,,
20120306,0.9999999999999997,0.9999999999999997,0.9999999999999997,,
20120307,0.9999999999999997,0.9999999999999997,0.9999999999999997,,
20120308,0.9999999999999997,0.9999999999999997,0.9999999999999997,,
20120309,0.9999999999999997,0.9999999999999997,0.9999999999999997,,
20120312,0.9999999999999997,0.9999999999999997,0.9999999999999997,,
20120313,0.9999999999999997,0.9999999999999997,0.9999999999999997,,
20120314,0.9999999999999997,0.9999999999999997,0.9999999999999997,,
20120315,0.9999999999999997,0.9999999999999997,0.9999999999999997,,
20120316,0.9999999999999997,0.9999999999999997,0.9999999999999997,,
20120319,0.9999999999999997,0.9999999999999997,0.9999999999999997,,
20120320,0.9999999999999997,0.9999999999999997,0.9999999999999997,,
20120321,0.9999999999999997,0.9999999999999997,0.9999999999999997,,
20120322,0.9999999999999997,0.9999999999999997,0.9999999999999997,,
20120323,0.9999999999999997,0.9999999999999997,0.9999999999999997,,
20120326,0.9999999999999997,0.9999999999999997,0.9999999999999997,,
20120327,0.9999999999999997,0.9999999999999997,0.9999999999999997,,
20120328,0.9999999999999997,0.9999999999999997,0.9999999999999997,,
20120329,0.9999999999999997,0.9999999999999997,0.9999999999999997,,
20120330,0.9999999999999997,0.9999999999999997,0.9999999999999997,,
20120405,0.9999999999999997,0.9999999999999997,0.9999999999999997,,
20120406,0.9999999999999997,0.9999999999999997,0.9999999999999997,,
20120409,0.9999999999999997,0.9999999999999997,0.9999999999999997,,
20120410,0.9999999999999997,0.9999999999999997,0.9999999999999997,,
20120411,0.9999999999999997,0.9999999999999997,0.9999999999999997,,
20120412,0.9999999999999997,0.9999999999999997,0.9999999999999997,,
20120413,0.9999999999999997,0.9999999999999997,0.9999999999999997,,
20120416,0.9999999999999997,0.9999999999999997,0.9999999999999997,,
20120417,0.9999999999999997,0.9999999999999997,0.9999999999999997,,
20120418,0.9999999999999997,0.9999999999999997,0.9999999999999997,,
20120419,0.9999999999999997,0.9999999999999997,0.9999999999999997,,
20120420,0.9999999999999997,0.9999999999999997,0.9999999999999997,,
20120423,0.9999999999999997,0.9999999999999997,0.9999999999999997,,
20120424,0.9999999999999997,0.9999999999999997,0.9999999999999997,,
20120425,0.9999999999999997,0.9999999999999997,0.9999999999999997,,
20120426,0.9999999999999997,0.9999999999999997,0.9999999999999997,,
20120427,0.9999999999999997,0.9999999999999997,0.9999999999999997,,
20120502,0.9999999999999997,0.9999999999999997,0.9999999999999997,,
20120503,0.9999999999999997,0.9999999999999997,0.9999999999999997,,
20120504,0.9999999999999997,0.9999999999999997,0.9999999999999997,,
20120507,0.9999999999999997,0.9999999999999997,0.9999999999999997,,
20120508,0.9999999999999997,0.9999999999999997,0.9999999999999997,,
20120509,0.9999999999999997,0.9999999999999997,0.9999999999999997,,
20120510,0.9999999999999997,0.9999999999999997,0.9999999999999997,,
20120511,0.9999999999999997,0.9999999999999997,0.9999999999999997,,
20120514,0.9999999999999997,0.9999999999999997,0.9999999999999997,,
20120515,0.9999999999999997,0.9999999999999997,0.9999999999999997,,
20120516,0.9999999999999997,0.9999999999999997,0.9999999999999997,,
20120517,0.9999999999999997,0.9999999999999997,0.9999999999999997,,
20120518,0.9999999999999997,0.9999999999999997,0.9999999999999997,,
20120521,0.9999999999999997,0.9999999999999997,0.9999999999999997,,
20120522,0.9999999999999997,0.9999999999999997,0.9999999999999997,,
20120523,0.9999999999999997,0.9999999999999997,0.9999999999999997,,
20120524,0.9999999999999997,0.9999999999999997,0.9999999999999997,,
20120525,0.9999999999999997,0.9999999999999997,0.9999999999999997,,
20120528,0.9999999999999997,0.9999999999999997,0.9999999999999997,,
20120529,0.9999999999999997,0.9999999999999997,0.9999999999999997,,
20120530,0.9999999999999997,0.9999999999999997,0.9999999999999997,,
20120531,0.9999999999999997,0.9999999999999997,0.9999999999999997,,
20120601,0.9999999999999997,0.9999999999999997,0.9999999999999997,,
20120604,0.9999999999999997,0.9999999999999997,0.9999999999999997,,
20120605,0.9999999999999997,0.9999999999999997,0.9999999999999997,,
20120606,0.9999999999999997,0.9999999999999997,0.9999999999999997,,
20120607,0.9999999999999997,0.9999999999999997,0.9999999999999997,,
20120608,0.9999999999999997,0.9999999999999997,0.9999999999999997,,
20120611,0.9999999999999997,0.9999999999999997,0.9999999999999997,,
20120612,0.9999999999999997,0.9999999999999997,0.9999999999999997,,
20120613,0.9999999999999997,0.9999999999999997,0.9999999999999997,,
20120614,0.9999999999999997,0.9999999999999997,0.9999999999999997,,
20120615,0.9999999999999997,0.9999999999999997,0.9999999999999997,,
20120618,0.9999999999999997,0.9999999999999997,0.9999999999999997,,
20120619,0.9999999999999997,0.9999999999999997,0.9999999999999997,,
20120620,0.9999999999999997,0.9999999999999997,0.9999999999999997,,
20120621,0.9999999999999997,0.9999999999999997,0.9999999999999997,,
20120625,0.9999999999999997,0.9999999999999997,0.9999999999999997,,
20120626,0.9999999999999997,0.9999999999999997,0.9999999999999997,,
20120627,0.9999999999999997,0.9999999999999997,0.9999999999999997,,
20120628,0.9999999999999997,0.9999999999999997,0.9999999999999997,,
20120629,0.9999999999999997,0.9999999999999997,0.9999999999999997,,
20120702,0.9999999999999997,0.9999999999999997,0.9999999999999997,,
20120703,0.9999999999999997,0.9999999999999997,0.9999999999999997,,
20120704,0.9999999999999997,0.9999999999999997,0.9999999999999997,,
20120705,0.9999999999999997,0.9999999999999997,0.9999999999999997,,
20120706,0.9999999999999997,0.9999999999999997,0.9999999999999997,,
20120709,0.9999999999999997,0.9999999999999997,0.9999999999999997,,
20120710,0.9999999999999997,0.9999999999999997,0.9999999999999997,,
20120711,0.9999999999999997,0.9999999999999997,0.9999999999999997,,
20120712,0.9999999999999997,0.9999999999999997,0.9999999999999997,,
20120713,0.9999999999999997,0.9999999999999997,0.9999999999999997,,
20120716,0.9999999999999997,0.9999999999999997,0.9999999999999997,0.0,
20120717,0.9999999999999997,0.9999999999999997,0.9999999999999997,0.0,
20120718,0.9999999999999997,0.9999999999999997,0.9999999999999997,0.0,
20120719,0.9999999999999997,0.9999999999999997,0.9999999999999997,0.0,
20120720,0.9999999999999997,0.9999999999999997,0.9999999999999997,0.0,
20120723,0.9999999999999997,0.9999999999999997,0.9999999999999997,0.0,
20120724,0.9999999999999997,0.9999999999999997,0.9999999999999997,0.0,
20120725,0.9999999999999997,0.9999999999999997,0.9999999999999997,0.0,
20120726,0.9999999999999997,0.9999999999999997,0.9999999999999997,0.0,
20120727,0.9999999999999997,0.9999999999999997,0.9999999999999997,0.0,
20120730,0.9999999999999997,0.9999999999999997,0.9999999999999997,0.0,
20120731,0.9999999999999997,0.9999999999999997,0.9999999999999997,0.0,
20120801,0.9999999999999997,0.9999999999999997,0.9999999999999997,0.0,
20120802,0.9999999999999997,0.9999999999999997,0.9999999999999997,0.0,
20120803,0.9999999999999997,0.9999999999999997,0.9999999999999997,0.0,
20120806,0.9999999999999997,0.9999999999999997,0.9999999999999997,0.0,
20120807,0.9999999999999997,0.9999999999999997,0.9999999999999997,0.0,
20120808,0.9999999999999997,0.9999999999999997,0.9999999999999997,0.0,
20120809,0.9999999999999997,0.9999999999999997,0.9999999999999997,0.0,
20120810,0.9999999999999997,0.9999999999999997,0.9999999999999997,0.0,
20120813,0.9999999999999997,0.9999999999999997,0.9999999999999997,0.0,
20120814,0.9999999999999997,0.9999999999999997,0.9999999999999997,0.0,
20120815,0.9999999999999997,0.9999999999999997,0.9999999999999997,0.0,
20120816,0.9999999999999997,0.9999999999999997,0.9999999999999997,0.0,
20120817,0.9999999999999997,0.9999999999999997,0.9999999999999997,0.0,
20120820,0.9999999999999997,0.9999999999999997,0.9999999999999997,0.0,
20120821,0.9999999999999997,0.9999999999999997,0.9999999999999997,0.0,
20120822,0.9999999999999997,0.9999999999999997,0.9999999999999997,0.0,
20120823,0.9999999999999997,0.9999999999999997,0.9999999999999997,0.0,
20120824,0.9999999999999997,0.9999999999999997,0.9999999999999997,0.0,
20120827,0.9999999999999997,0.9999999999999997,0.9999999999999997,0.0,
20120828,0.9999999999999997,0.9999999999999997,0.9999999999999997,0.0,
20120829,0.9999999999999997,0.9999999999999997,0.9999999999999997,0.0,
20120830,0.9999999999999997,0.9999999999999997,0.9999999999999997,0.0,
20120831,0.9999999999999997,0.9999999999999997,0.9999999999999997,0.0,
20120903,0.9999999999999997,0.9999999999999997,0.9999999999999997,0.0,
20120904,0.9999999999999997,0.9999999999999997,0.9999999999999997,0.0,
20120905,0.9999999999999997,0.9999999999999997,0.9999999999999997,0.0,
20120906,0.9999999999999997,0.9999999999999997,0.9999999999999997,0.0,
20120907,0.9999999999999997,0.9999999999999997,0.9999999999999997,0.0,
20120910,0.9999999999999997,0.9999999999999997,0.9999999999999997,0.0,
20120911,0.9999999999999997,0.9999999999999997,0.9999999999999997,0.0,
20120912,0.9999999999999997,0.9999999999999997,0.9999999999999997,0.0,
20120913,0.9999999999999997,0.9999999999999997,0.9999999999999997,0.0,
20120914,0.9999999999999997,0.9999999999999997,0.9999999999999997,0.0,
20120917,0.9999999999999997,0.9999999999999997,0.9999999999999997,0.0,
20120918,0.9999999999999997,0.9999999999999997,0.9999999999999997,0.0,
20120919,0.9999999999999997,0.9999999999999997,0.9999999999999997,0.0,
20120920,0.9999999999999997,0.9999999999999997,0.9999999999999997,0.0,
20120921,0.9999999999999997,0.9999999999999997,0.9999999999999997,0.0,
20120924,0.9999999999999997,0.9999999999999997,0.9999999999999997,0.0,
20120925,0.9999999999999997,0.9999999999999997,0.9999999999999997,0.0,
20120926,0.9999999999999997,0.9999999999999997,0.9999999999999997,0.0,
20120927,0.9999999999999997,0.9999999999999997,0.9999999999999997,0.0,
20120928,0.9999999999999997,0.9999999999999997,0.9999999999999997,0.0,
20121008,0.9999999999999997,0.9999999999999997,0.9999999999999997,0.0,
20121009,0.9999999999999997,0.9999999999999997,0.9999999999999997,0.0,
20121010,0.9999999999999997,0.9999999999999997,0.9999999999999997,0.0,
20121011,0.9999999999999997,0.9999999999999997,0.9999999999999997,5.980673946637549,
20121012,0.9999999999999997,0.9999999999999997,0.9999999999999997,5.980673946637549,
20121015,0.9999999999999997,0.9999999999999997,0.9999999999999997,5.987764721425989,
20121016,0.9999999999999997,0.9999999999999997,0.9999999999999997,6.13544090181332,
20121017,0.9999999999999997,0.9999999999999997,0.9999999999999997,5.297468789454438,
20121018,0.9999999999999997,0.9999999999999997,0.9999999999999997,4.877778310766518,
20121019,0.9999999999999997,0.9999999999999997,0.9999999999999997,4.589553383463057,
20121022,0.9999999999999997,0.9999999999999997,0.9999999999999997,4.382995272305569,
20121023,0.9999999999999997,0.9999999999999997,0.9999999999999997,4.230397336206263,
20121024,0.9999999999999997,0.9999999999999997,0.9999999999999997,4.049284209360036,
20121025,0.9999999999999997,0.9999999999999997,0.9999999999999997,3.837405431416199,
20121026,0.9999999999999997,0.9999999999999997,0.9999999999999997,3.6731964182788412,
20121029,0.9999999999999997,0.9999999999999997,0.9999999999999997,3.6127758825695837,
20121030,0.9999999999999997,0.9999999999999997,0.9999999999999997,3.5649058138266247,
20121031,0.9999999999999997,0.9999999999999997,0.9999999999999997,3.431953210816538,
20121101,0.9999999999999997,0.9999999999999997,0.9999999999999997,3.3245124326329716,
20121102,0.9999999999999997,0.9999999999999997,0.9999999999999997,3.2572603702516956,
20121105,0.9999999999999997,0.9999999999999997,0.9999999999999997,3.246778160500977,
20121106,0.9999999999999997,0.9999999999999997,0.9999999999999997,3.064226399892613,
20121107,0.9999999999999997,0.9999999999999997,0.9999999999999997,2.633938305749741,
20121108,0.9999999999999997,0.9999999999999997,0.9999999999999997,2.2850826361148386,
20121109,0.9999999999999997,0.9999999999999997,0.9999999999999997,2.0078849512634007,
20121112,0.9999999999999997,0.9999999999999997,0.9999999999999997,1.7852802541879274,
20121113,0.9999999999999997,0.9999999999999997,0.9999999999999997,1.608119834138175,
20121114,0.9999999999999997,0.9999999999999997,0.9999999999999997,1.4583217859670177,
20121115,0.9999999999999997,0.9999999999999997,0.9999999999999997,1.3347485838588249,
20121116,0.9999999999999997,0.9999999999999997,0.9999999999999997,1.24047048519533,
20121119,0.9999999999999997,0.9999999999999997,0.9999999999999997,1.167574205365524,
20121120,0.9999999999999997,0.9999999999999997,0.9999999999999997,1.1080860903904728,
20121121,0.9999999999999997,0.9999999999999997,0.9999999999999997,1.0571300105504131,
20121122,0.9999999999999997,0.9999999999999997,0.9999999999999997,1.0216129313286506,
20121123,0.9999999999999997,0.9999999999999997,0.9999999999999997,0.9960099523939975,
20121126,0.9999999999999997,0.9999999999999997,0.9999999999999997,0.975541105943471,
20121127,0.9999999999999997,0.9999999999999997,0.9999999999999997,0.9638461192810426,
20121128,0.9999999999999997,0.9999999999999997,0.9999999999999997,0.9594534979284635,
20121129,0.9999999999999997,0.9999999999999997,0.9999999999999997,0.9605966762056788,
20121130,0.9999999999999997,0.9999999999999997,0.9999999999999997,0.9614397892542672,
20121203,0.9999999999999997,0.9999999999999997,0.9999999999999997,0.9615269108018561,
20121204,0.9999999999999997,0.9999999999999997,0.9999999999999997,0.9613178312823278,
20121205,0.9999999999999997,0.9999999999999997,0.9999999999999997,0.9608282163960051,
20121206,0.9999999999999997,0.9999999999999997,0.9999999999999997,0.960200859221846,
20121207,0.9999999999999997,0.9999999999999997,0.9999999999999997,0.9543408657682777,
20121210,0.9999999999999997,0.9999999999999997,0.9999999999999997,0.9441614976950784,
20121211,0.9999999999999997,0.9999999999999997,0.9999999999999997,0.9316810032718861,
20121212,0.9999999999999997,0.9999999999999997,0.9999999999999997,0.9299490860548423,
20121213,0.9999999999999997,0.9999999999999997,0.9999999999999997,0.9288486477050872,
20121214,0.9999999999999997,0.9999999999999997,0.9999999999999997,0.943087726585736,
20121217,0.9999999999999997,0.9999999999999997,0.9999999999999997,0.9562542571559555,
20121218,0.9999999999999997,0.9999999999999997,0.9999999999999997,0.9618289688957714,
20121219,0.9999999999999997,0.9999999999999997,0.9999999999999997,0.9695658086080237,
20121220,0.9999999999999997,0.9999999999999997,0.9999999999999997,0.9790508083244611,
20121221,0.9999999999999997,0.9999999999999997,0.9999999999999997,0.987882100525462,
20121224,0.9999999999999997,0.9999999999999997,0.9999999999999997,1.002161840473777,
20121225,0.9999999999999997,0.9999999999999997,0.9999999999999997,1.0135255889265018,
20121226,0.9999999999999997,0.9999999999999997,0.9999999999999997,1.0219158816733438,
20121227,0.9999999999999997,0.9999999999999997,0.9999999999999997,1.0258409367143733,
20121228,0.9999999999999997,0.9999999999999997,0.9999999999999997,1.0185968959118326,0.0
20121231,0.9999999999999997,0.9999999999999997,0.9999999999999997,1.010280360973805,0.0
20130104,0.9999999999999997,0.9999999999999997,0.9999999999999997,1.0023170825544856,0.0
20130107,0.9999999999999997,0.9999999999999997,0.9999999999999997,0.9911451109738375,0.0
20130108,0.9999999999999997,0.9999999999999997,0.9999999999999997,0.9812879883906417,0.0
20130109,0.9999999999999997,0.9999999999999997,0.9999999999999997,0.9790471307121713,0.0
20130110,0.9999999999999997,0.9999999999999997,0.9999999999999997,0.982764693685448,0.0
20130111,0.9999999999999997,0.9999999999999997,0.9999999999999997,0.9904368380713433,0.0
20130114,0.9999999999999997,0.9999999999999997,0.9999999999999997,0.9921755985481603,0.0
20130115,0.9999999999999997,0.9999999999999997,0.9999999999999997,0.9935982195126559,0.0
20130116,0.9999999999999997,0.9999999999999997,0.9999999999999997,0.994762181287339,0.0
20130117,0.9999999999999997,0.9999999999999997,0.9999999999999997,0.9957145130910624,0.0
20130118,0.9999999999999997,0.9999999999999997,0.9999999999999997,0.9964936932846228,0.0
20130121,0.9999999999999997,0.9999999999999997,0.9999999999999997,0.9971312041023052,0.0
20130122,0.9999999999999997,0.9999999999999997,0.9999999999999997,0.9976528036950219,0.0
20130123,0.9999999999999997,0.9999999999999997,0.9999999999999997,0.9980795668862229,0.0
20130124,0.9999999999999997,0.9999999999999997,0.9999999999999997,0.9984287366950041,0.0
20130125,0.9999999999999997,0.9999999999999997,0.9999999999999997,0.9987144210338478,0.0
20130128,0.9999999999999997,0.9999999999999997,0.9999999999999997,0.9989481627320517,0.0
20130129,0.9999999999999997,0.9999999999999997,0.9999999999999997,0.9991394059171954,0.0
20130130,0.9999999999999997,0.9999999999999997,0.9999999999999997,0.9992958775990842,0.18592479669977055
20130131,0.9999999999999997,0.9999999999999997,0.9999999999999997,0.9994238998741932,0.33666254150565317
20130201,0.9999999999999997,0.9999999999999997,0.9999999999999997,0.9995286453652668,0.4590793893484509
20130204,0.9999999999999997,0.9999999999999997,0.9999999999999997,0.9996143462170859,0.5586329417816542
20130205,0.9999999999999997,0.9999999999999997,0.9999999999999997,0.9996844650928254,0.6396837358265803
20130206,0.9999999999999997,0.9999999999999997,0.9999999999999997,0.999741835080044,0.7057306539820887
20130207,0.9999999999999997,0.9999999999999997,0.9999999999999997,0.9997887741591416,0.7595910456085759
20130208,0.9999999999999997,0.9999999999999997,0.9999999999999997,0.9998271788593147,0.803540020773908
20130218,0.9999999999999997,0.9999999999999997,0.9999999999999997,0.9998586008861223,0.8394191598975445
20130219,0.9999999999999997,0.9999999999999997,0.9999999999999997,0.9998843098167407,0.8687220183393125
20130220,0.9999999999999997,0.9999999999999997,0.9999999999999997,0.9999053443960656,0.8926618252446754
20130221,0.9999999999999997,0.9999999999999997,0.9999999999999997,0.9999225545062401,0.9122253842582033
20130222,0.9999999999999997,0.9999999999999997,0.9999999999999997,0.9999366355053522,0.9282161897662943
20130225,0.9999999999999997,0.9999999999999997,0.9999999999999997,0.9999481563227259,0.9412890517146816
20130226,0.9999999999999997,0.9999999999999997,0.9999999999999997,0.999957582445977,0.9519779921802677
20130227,0.9999999999999997,0.9999999999999997,0.9999999999999997,0.9999652947286005,0.960718782116231
20130228,0.9999999999999997,0.9999999999999997,0.9999999999999997,0.9999716047779952,0.9678671889992321
20130301,0.9999999999999997,0.9999999999999997,0.9999999999999997,0.9999767675456654,0.973713779122857
20130304,0.9999999999999997,0.9999999999999997,0.9999999999999997,0.9999809916282937,0.9784959434742875
20130305,0.9999999999999997,0.9999999999999997,0.9999999999999997,0.9999844476958913,0.9824076803051387
20130306,0.9999999999999997,0.9999999999999997,0.9999999999999997,0.9999872753875572,0.9856075611390835
20130307,0.9999999999999997,0.9999999999999997,0.9999999999999997,0.9999895889534622,0.98822522308741
20130308,0.9999999999999997,0.9999999999999997,0.9999999999999997,0.9999914818710188,0.9903666638182906
20130311,0.9999999999999997,0.9999999999999997,0.9999999999999997,0.9999930306217455,0.9921185624901874
20130312,0.9999999999999997,0.9999999999999997,0.9999999999999997,0.9999942977814299,0.9935518074957836
20130313,0.9999999999999997,0.9999999999999997,0.9999999999999997,0.9999953345484439,0.9947243777383878
20130314,0.9999999999999997,0.9999999999999997,0.9999999999999997,0.999996182812364,0.9956836966555517
20130315,0.9999999999999997,0.9999999999999997,0.9999999999999997,0.9999968768464802,0.9964685559742715
20130318,0.9999999999999997,0.9999999999999997,0.9999999999999997,0.9999974446925749,0.9971106881776471
20130319,0.9999999999999997,0.9999999999999997,0.9999999999999997,0.9999979092939251,0.9976360520548551
20130320,0.9999999999999997,0.9999999999999997,0.9999999999999997,0.9999982894223024,0.9980658838364348
20130321,0.9999999999999997,0.9999999999999997,0.9999999999999997,0.9999986004364291,0.9984175567601097
20130322,0.9999999999999997,0.9999999999999997,0.9999999999999997,0.9999988549025328,0.9987052840480932
20130325,0.9999999999999997,0.9999999999999997,0.9999999999999997,0.9999990631020721,0.9989406938669956
20130326,0.9999999999999997,0.9999999999999997,0.9999999999999997,0.9999992334471496,0.9991332996134621
20130327,0.9999999999999997,0.9999999999999997,0.9999999999999997,0.9999993728203949,0.9992908846022353
20130328,0.9999999999999997,0.9999999999999997,0.9999999999999997,0.9999994868530501,0.9994198167499548
20130329,0.9999999999999997,0.9999999999999997,0.9999999999999997,0.9999995801524951,0.999525306002907
20130401,0.9999999999999997,0.9999999999999997,0.9999999999999997,0.9999996564884048,0.9996116149324058
20130402,0.9999999999999997,0.9999999999999997,0.9999999999999997,0.9999997189450583,0.9996822310218187
20130403,0.9999999999999997,0.9999999999999997,0.9999999999999997,0.9999997700459564,0.9997400076164352
20130408,0.9999999999999997,0.9999999999999997,0.9999999999999997,0.9999998118557824,0.9997872792378925
20130409,0.9999999999999997,0.9999999999999997,0.9999999999999997,0.9999998460638214,0.9998259559268559
20130410,0.9999999999999997,0.9999999999999997,0.9999999999999997,0.9999998740522172,0.9998576004288134
20130411,0.9999999999999997,0.9999999999999997,0.9999999999999997,0.9999998969518138,0.9998834913436307
20130412,0.9999999999999997,0.9999999999999997,0.9999999999999997,0.9999999156878473,0.9999046747917233
20130415,0.9999999999999997,0.9999999999999997,0.9999999999999997,0.9999999310173293,0.9999220066852783
20130416,0.9999999999999997,0.9999999999999997,0.9999999999999997,0.9999999435596326,0.9999361873130613
20130417,0.9999999999999997,0.9999999999999997,0.9999999999999997,0.9999999538215172,0.9999477896365842
20130418,0.9999999999999997,0.9999999999999997,0.9999999999999997,0.9999999622176046,0.9999572824411832
20130419,0.9999999999999997,0.9999999999999997,0.9999999999999997,0.9999999690871306,0.9999650492775906
20130422,0.9999999999999997,0.9999999999999997,0.9999999999999997,0.9999999747076521,0.999971403959434
20130423,0.9999999999999997,0.9999999999999997,0.9999999999999997,0.9999999793062606,0.9999766032429119
20130424,0.9999999999999997,0.9999999999999997,0.9999999999999997,0.9999999830687585,0.9999808572010055
20130425,0.9999999999999997,0.9999999999999997,0.9999999999999997,0.9999999861471658,0.999984337711426
20130426,0.9999999999999997,0.9999999999999997,0.9999999999999997,0.9999999886658628,0.9999871854012701
20130502,0.9999999999999997,0.9999999999999997,0.9999999999999997,0.9999999907266148,0.9999895153289897
20130503,0.9999999999999997,0.9999999999999997,0.9999999999999997,0.9999999924126847,0.9999914216332635
20130506,0.9999999999999997,0.9999999999999997,0.9999999999999997,0.9999999937921964,0.9999929813366103
20130507,0.9999999999999997,0.9999999999999997,0.9999999999999997,0.9999999949208878,0.99999425745743
20130508,0.9999999999999997,0.9999999999999997,0.9999999999999997,0.9999999958443625,0.9999953015562152
20130509,0.9999999999999997,0.9999999999999997,0.9999999999999997,0.9999999965999329,0.9999961558188126
20130510,0.9999999999999997,0.9999999999999997,0.9999999999999997,0.9999999972181267,0.9999968547609077
20130513,0.9999999999999997,0.9999999999999997,0.9999999999999997,0.9999999977239217,0.9999974266226017
20130514,0.9999999999999997,0.9999999999999997,0.9999999999999997,0.9999999981377539,0.9999978945094287
20130515,0.9999999999999997,0.9999999999999997,0.9999999999999997,0.999999998476344,0.9999982773259145
20130516,0.9999999999999997,0.9999999999999997,0.9999999999999997,0.9999999987533722,0.9999985905393968
20130517,0.9999999999999997,0.9999999999999997,0.9999999999999997,0.9999999989800316,0.9999988468049692
20130520,0.9999999999999997,0.9999999999999997,0.9999999999999997,0.9999999991654801,0.9999990564767984
20130521,0.9999999999999997,0.9999999999999997,0.9999999999999997,0.999999999317211,0.9999992280264751
20130522,0.9999999999999997,0.9999999999999997,0.9999999999999997,0.9999999994413542,0.9999993683853003
20130523,0.9999999999999997,0.9999999999999997,0.9999999999999997,0.999999999542926,0.9999994832243383
20130524,0.9999999999999997,0.9999999999999997,0.9999999999999997,0.9999999996260303,0.9999995771835506
20130527,0.9999999999999997,0.9999999999999997,0.9999999999999997,0.9999999996940246,0.9999996540592695
20130528,0.9999999999999997,0.9999999999999997,0.9999999999999997,0.9999999997496563,0.9999997169575847
20130529,0.9999999999999997,0.9999999999999997,0.9999999999999997,0.999999999795173,0.9999997684198424
20130530,0.9999999999999997,0.9999999999999997,0.9999999999999997,0.9999999998324139,0.9999998105253258
20130531,0.9999999999999997,0.9999999999999997,0.9999999999999997,0.9999999998628838,0.9999998449752667
20130603,0.9999999999999997,0.9999999999999997,0.9999999999999997,0.9999999998878139,0.999999873161582
20130604,0.9999999999999997,0.9999999999999997,0.9999999999999997,0.9999999999082113,0.9999998962231127
20130605,0.9999999999999997,0.9999999999999997,0.9999999999999997,0.9999999999249002,0.9999999150916378
20130606,0.9999999999999997,0.9999999999999997,0.9999999999999997,0.9999999999385547,0.9999999305295219
20130607,0.9999999999999997,0.9999999999999997,0.9999999999999997,0.9999999999497265,0.999999943160518
20130613,0.9999999999999997,0.9999999999999997,0.9999999999999997,0.9999999999588671,0.9999999534949693
20130614,0.9999999999999997,0.9999999999999997,0.9999999999999997,0.9999999999663458,0.9999999619504294
20130617,0.9999999999999997,0.9999999999999997,0.9999999999999997,0.9999999999724647,0.9999999688685332
20130618,0.9999999999999997,0.9999999999999997,0.9999999999999997,0.9999999999774711,0.9999999745287999
20130619,0.9999999999999997,0.9999999999999997,0.9999999999999997,0.9999999999815672,0.9999999791599272
20130620,0.9999999999999997,0.9999999999999997,0.9999999999999997,0.9999999999849186,0.9999999829490314
20130621,0.9999999999999997,0.9999999999999997,0.9999999999999997,0.9999999999876606,0.9999999860492075
20130624,0.9999999999999997,0.9999999999999997,0.9999999999999997,0.9999999999899042,0.9999999885857153
20130625,0.9999999999999997,0.9999999999999997,0.9999999999999997,0.9999999999917398,0.9999999906610397
20130626,0.9999999999999997,0.9999999999999997,0.9999999999999997,0.9999999999932416,0.9999999923590326
20130627,0.9999999999999997,0.9999999999999997,0.9999999999999997,0.9999999999944703,0.9999999937482994
20130628,0.9999999999999997,0.9999999999999997,0.9999999999999997,0.9999999999954757,0.9999999948849723
20130701,0.9999999999999997,0.9999999999999997,0.9999999999999997,0.9999999999962984,0.9999999958149772
20130702,0.9999999999999997,0.9999999999999997,0.9999999999999997,0.9999999999969714,0.9999999965758906
20130703,0.9999999999999997,0.9999999999999997,0.9999999999999997,0.9999999999975221,0.999999997198456
20130704,0.9999999999999997,0.9999999999999997,0.9999999999999997,0.9999999999979727,0.9999999977078275
20130705,0.9999999999999997,0.9999999999999997,0.9999999999999997,0.9999999999983413,0.9999999981245863
20130708,0.9999999999999997,0.9999999999999997,0.9999999999999997,0.9999999999986429,0.9999999984655705
20130709,0.9999999999999997,0.9999999999999997,0.9999999999999997,0.9999999999988897,0.9999999987445577
20130710,0.9999999999999997,0.9999999999999997,0.9999999999999997,0.9999999999990915,0.9999999989728199
20130711,0.9999999999999997,0.9999999999999997,0.9999999999999997,0.9999999999992567,0.9999999991595799
20130712,0.9999999999999997,0.9999999999999997,0.9999999999999997,0.9999999999993918,0.9999999993123836
20130715,0.9999999999999997,0.9999999999999997,0.9999999999999997,0.9999999999995025,0.9999999994374047
20130716,0.9999999999999997,0.9999999999999997,0.9999999999999997,0.9999999999995929,0.9999999995396948
20130717,0.9999999999999997,0.9999999999999997,0.9999999999999997,0.9999999999996668,0.9999999996233867
20130718,0.9999999999999997,0.9999999999999997,0.9999999999999997,0.9999999999997274,0.9999999996918618
20130719,0.9999999999999997,0.9999999999999997,0.9999999999999997,0.999999999999777,0.999999999747887
20130722,0.9999999999999997,0.9999999999999997,0.9999999999999997,0.9999999999998175,0.9999999997937258
20130723,0.9999999999999997,0.9999999999999997,0.9999999999999997,0.9999999999998507,0.9999999998312301
20130724,0.9999999999999997,0.9999999999999997,0.9999999999999997,0.9999999999998778,0.9999999998619156
20130725,0.9999999999999997,0.9999999999999997,0.9999999999999997,0.9999999999999001,0.9999999998870218
20130726,0.9999999999999997,0.9999999999999997,0.9999999999999997,0.9999999999999183,0.9999999999075633
20130729,0.9999999999999997,0.9999999999999997,0.9999999999999997,0.9999999999999332,0.9999999999243699
20130730,0.9999999999999997,0.9999999999999997,0.9999999999999997,0.9999999999999453,0.9999999999381209
20130731,0.9999999999999997,0.9999999999999997,0.9999999999999997,0.9999999999999553,0.9999999999493717
20130801,0.9999999999999997,0.9999999999999997,0.9999999999999997,0.9999999999999634,0.9999999999585768
20130802,0.9999999999999997,0.9999999999999997,0.9999999999999997,0.9999999999999699,0.9999999999661082
20130805,0.9999999999999997,0.9999999999999997,0.9999999999999997,0.9999999999999755,0.9999999999722704
20130806,0.9999999999999997,0.9999999999999997,0.9999999999999997,0.99999999999998,0.9999999999773123
20130807,0.9999999999999997,0.9999999999999997,0.9999999999999997,0.9999999999999837,0.9999999999814372
20130808,0.9999999999999997,0.9999999999999997,0.9999999999999997,0.9999999999999866,0.9999999999848123
20130809,0.9999999999999997,0.9999999999999997,0.9999999999999997,0.999999999999989,0.9999999999875737
20130812,0.9999999999999997,0.9999999999999997,0.9999999999999997,0.999999999999991,0.9999999999898331
20130813,0.9999999999999997,0.9999999999999997,0.9999999999999997,0.9999999999999926,0.9999999999916817
20130814,0.9999999999999997,0.9999999999999997,0.9999999999999997,0.9999999999999939,0.9999999999931941
20130815,0.9999999999999997,0.9999999999999997,0.9999999999999997,0.999999999999995,0.9999999999944316
20130816,0.9999999999999997,0.9999999999999997,0.9999999999999997,0.999999999999996,0.999999999995444
20130819,0.9999999999999997,0.9999999999999997,0.9999999999999997,0.9999999999999968,0.9999999999962724
20130820,0.9999999999999997,0.9999999999999997,0.9999999999999997,0.9999999999999974,0.9999999999969501
20130821,0.9999999999999997,0.9999999999999997,0.9999999999999997,0.9999999999999979,0.9999999999975047
20130822,0.9999999999999997,0.9999999999999997,0.9999999999999997,0.9999999999999982,0.9999999999979583
20130823,0.9999999999999997,0.9999999999999997,0.9999999999999997,0.9999999999999986,0.9999999999983296
20130826,0.9999999999999997,0.9999999999999997,0.9999999999999997,0.9999999999999989,0.9999999999986333
20130827,0.9999999999999997,0.9999999999999997,0.9999999999999997,0.999999999999999,0.9999999999988819
20130828,0.9999999999999997,0.9999999999999997,0.9999999999999997,0.9999999999999992,0.9999999999990852
20130829,0.9999999999999997,0.9999999999999997,0.9999999999999997,0.9999999999999993,0.9999999999992515
20130830,0.9999999999999997,0.9999999999999997,0.9999999999999997,0.9999999999999996,0.9999999999993876
20130902,0.9999999999999997,0.9999999999999997,0.9999999999999997,0.9999999999999997,0.999999999999499
20130903,0.9999999999999997,0.9999999999999997,0.9999999999999997,0.9999999999999997,0.99999999999959
20130904,0.9999999999999997,0.9999999999999997,0.9999999999999997,0.9999999999999997,0.9999999999996646
20130905,0.9999999999999997,0.9999999999999997,0.9999999999999997,0.9999999999999997,0.9999999999997257
20130906,0.9999999999999997,0.9999999999999997,0.9999999999999997,0.9999999999999997,0.9999999999997755
20130909,0.9999999999999997,0.9999999999999997,0.9999999999999997,0.9999999999999997,0.9999999999998164
20130910,0.9999999999999997,0.9999999999999997,0.9999999999999997,0.9999999999999997,0.9999999999998498
20130911,0.9999999999999997,0.9999999999999997,0.9999999999999997,0.9999999999999997,0.9999999999998771
20130912,0.9999999999999997,0.9999999999999997,0.9999999999999997,0.9999999999999997,0.9999999999998994
20130913,0.9999999999999997,0.9999999999999997,0.9999999999999997,0.9999999999999997,0.9999999999999176
20130916,0.9999999999999997,0.9999999999999997,0.9999999999999997,0.9999999999999997,0.9999999999999326
20130917,0.9999999999999997,0.9999999999999997,0.9999999999999997,0.9999999999999997,0.9999999999999449
20130918,0.9999999999999997,0.9999999999999997,0.9999999999999997,0.9999999999999997,0.9999999999999549
20130923,0.9999999999999997,0.9999999999999997,0.9999999999999997,0.9999999999999997,0.9999999999999631
20130924,0.9999999999999997,0.9999999999999997,0.9999999999999997,0.9999999999999997,0.9999999999999698
20130925,0.9999999999999997,0.9999999999999997,0.9999999999999997,0.9999999999999997,0.9999999999999752
20130926,0.9999999999999997,0.9999999999999997,0.9999999999999997,0.9999999999999997,0.9999999999999798
20130927,0.9999999999999997,0.9999999999999997,0.9999999999999997,0.9999999999999997,0.9999999999999836
20130930,0.9999999999999997,0.9999999999999997,0.9999999999999997,0.9999999999999997,0.9999999999999866
20131008,0.9999999999999997,0.9999999999999997,0.9999999999999997,0.9999999999999997,0.999999999999989
20131009,0.9999999999999997,0.9999999999999997,0.9999999999999997,0.9999999999999997,0.999999999999991
20131010,0.9999999999999997,0.9999999999999997,0.9999999999999997,0.9999999999999997,0.9999999999999926
20131011,0.9999999999999997,0.9999999999999997,0.9999999999999997,0.9999999999999997,0.9999999999999939
20131014,0.9999999999999997,0.9999999999999997,0.9999999999999997,0.9999999999999997,0.999999999999995
20131015,0.9999999999999997,0.9999999999999997,0.9999999999999997,0.9999999999999997,0.999999999999996
20131016,0.9999999999999997,0.9999999999999997,0.9999999999999997,0.9999999999999997,0.9999999999999968
20131017,0.9999999999999997,0.9999999999999997,0.9999999999999997,0.9999999999999997,0.9999999999999974
20131018,0.9999999999999997,0.9999999999999997,0.9999999999999997,0.9999999999999997,0.9999999999999979
20131021,0.9999999999999997,0.9999999999999997,0.9999999999999997,0.9999999999999997,0.9999999999999982
20131022,0.9999999999999997,0.9999999999999997,0.9999999999999997,0.9999999999999997,0.9999999999999986
20131023,0.9999999999999997,0.9999999999999997,0.9999999999999997,0.9999999999999997,0.9999999999999989
20131024,0.9999999999999997,0.9999999999999997,0.9999999999999997,0.9999999999999997,0.999999999999999
20131025,0.9999999999999997,0.9999999999999997,0.9999999999999997,0.9999999999999997,0.9999999999999992
20131028,0.9999999999999997,0.9999999999999997,0.9999999999999997,0.9999999999999997,0.9999999999999993
20131029,0.9999999999999997,0.9999999999999997,0.9999999999999997,0.9999999999999997,0.9999999999999996
20131030,0.9999999999999997,0.9999999999999997,0.9999999999999997,0.9999999999999997,0.9999999999999997
20131031,0.9999999999999997,0.9999999999999997,0.9999999999999997,0.9999999999999997,0.9999999999999997
20131101,0.9999999999999997,0.9999999999999997,0.9999999999999997,0.9999999999999997,0.9999999999999997
20131104,0.9999999999999997,0.9999999999999997,0.9999999999999997,0.9999999999999997,0.9999999999999997
20131105,0.9999999999999997,0.9999999999999997,0.9999999999999997,0.9999999999999997,0.9999999999999997
20131106,0.9999999999999997,0.9999999999999997,0.9999999999999997,0.9999999999999997,0.9999999999999997
20131107,0.9999999999999997,0.9999999999999997,0.9999999999999997,0.9999999999999997,0.9999999999999997
20131108,0.9999999999999997,0.9999999999999997,0.9999999999999997,0.9999999999999997,0.9999999999999997
20131111,0.9999999999999997,0.9999999999999997,0.9999999999999997,0.9999999999999997,0.9999999999999997
20131112,0.9999999999999997,0.9999999999999997,0.9999999999999997,0.9999999999999997,0.9999999999999997
20131113,0.9999999999999997,0.9999999999999997,0.9999999999999997,0.9999999999999997,0.9999999999999997
20131114,0.9999999999999997,0.9999999999999997,0.9999999999999997,0.9999999999999997,0.9999999999999997
20131115,0.9999999999999997,0.9999999999999997,0.9999999999999997,0.9999999999999997,0.9999999999999997
20131118,0.9999999999999997,0.9999999999999997,0.9999999999999997,0.9999999999999997,0.9999999999999997
20131119,0.9999999999999997,0.9999999999999997,0.9999999999999997,0.9999999999999997,0.9999999999999997
20131120,0.9999999999999997,0.9999999999999997,0.9999999999999997,0.9999999999999997,0.9999999999999997
20131121,0.9999999999999997,0.9999999999999997,0.9999999999999997,0.9999999999999997,0.9999999999999997
20131122,0.9999999999999997,0.9999999999999997,0.9999999999999997,0.9999999999999997,0.9999999999999997
20131125,0.9999999999999997,0.9999999999999997,0.9999999999999997,0.9999999999999997,0.9999999999999997
20131126,0.9999999999999997,0.9999999999999997,0.9999999999999997,0.9999999999999997,0.9999999999999997
20131127,0.9999999999999997,0.9999999999999997,0.9999999999999997,0.9999999999999997,0.9999999999999997
20131128,0.9999999999999997,0.9999999999999997,0.9999999999999997,0.9999999999999997,0.9999999999999997
20131129,0.9999999999999997,0.9999999999999997,0.9999999999999997,0.9999999999999997,0.9999999999999997
20131202,0.9999999999999997,0.9999999999999997,0.9999999999999997,0.9999999999999997,0.9999999999999997
20131203,0.9999999999999997,0.9999999999999997,0.9999999999999997,0.9999999999999997,0.9999999999999997
20131204,0.9999999999999997,0.9999999999999997,0.9999999999999997,0.9999999999999997,0.9999999999999997
20131205,0.9999999999999997,0.9999999999999997,0.9999999999999997,0.9999999999999997,0.9999999999999997
20131206,0.9999999999999997,0.9999999999999997,0.9999999999999997,0.9999999999999997,0.9999999999999997
20131209,0.9999999999999997,0.9999999999999997,0.9999999999999997,0.9999999999999997,0.9999999999999997
20131210,0.9999999999999997,0.9999999999999997,0.9999999999999997,0.9999999999999996,0.9999999999999997
20131211,0.9999999999999997,0.9999999999999997,0.9999999999999997,0.9999999999999996,0.9999999999999997
20131212,0.9999999999999997,0.9999999999999997,0.9999999999999997,0.9999999999999996,0.9999999999999997
20131213,0.9999999999999997,0.9999999999999997,0.9999999999999997,0.9999999999999996,0.9999999999999997
20131216,0.9999999999999997,0.9999999999999997,0.9999999999999997,0.9999999999999997,0.9999999999999997
20131217,0.9999999999999997,0.9999999999999997,0.9999999999999997,0.9999999999999997,0.9999999999999997
20131218,0.9999999999999997,0.9999999999999997,0.9999999999999997,0.9999999999999996,0.9999999999999997
20131219,0.9999999999999997,0.9999999999999997,0.9999999999999997,0.9999999999999996,0.9999999999999997
20131220,0.9999999999999997,0.9999999999999997,0.9999999999999997,0.9999999999999996,0.9999999999999997
20131223,0.9999999999999997,0.9999999999999997,0.9999999999999997,0.9999999999999996,0.9999999999999997
20131224,0.9999999999999997,0.9999999999999997,0.9999999999999997,0.9999999999999996,0.9999999999999997
20131225,0.9999999999999997,0.9999999999999997,0.9999999999999997,0.9999999999999996,0.9999999999999997
20131226,0.9999999999999997,0.9999999999999997,0.9999999999999997,0.9999999999999996,0.9999999999999997
20131227,0.9999999999999997,0.9999999999999997,0.9999999999999997,0.9999999999999996,0.9999999999999997
20131230,0.9999999999999997,0.9999999999999997,0.9999999999999997,0.9999999999999996,0.9999999999999997
20131231,0.9999999999999997,0.9999999999999997,0.9999999999999997,0.9999999999999996,0.9999999999999997
20140102,0.9999999999999997,0.9999999999999997,0.9999999999999997,0.9999999999999997,0.9999999999999997
20140103,0.9999999999999997,0.9999999999999997,0.9999999999999997,0.9999999999999997,0.9999999999999997
20140106,0.9999999999999997,0.9999999999999997,0.9999999999999997,0.9999999999999997,0.9999999999999997
20140107,0.9999999999999997,0.9999999999999997,0.9999999999999997,0.9999999999999997,0.9999999999999997
20140108,0.9999999999999997,0.9999999999999997,0.9999999999999997,0.9999999999999997,0.9999999999999997
20140109,0.9999999999999997,0.9999999999999997,0.9999999999999997,0.9999999999999997,0.9999999999999997
20140110,0.9999999999999997,0.9999999999999997,0.9999999999999997,0.9999999999999997,0.9999999999999997
20140113,0.9999999999999997,0.9999999999999997,0.9999999999999997,0.9999999999999996,0.9999999999999997
20140114,0.9999999999999997,0.9999999999999997,0.9999999999999997,0.9999999999999996,0.9999999999999997
20140115,0.9999999999999997,0.9999999999999997,0.9999999999999997,0.9999999999999996,0.9999999999999997
20140116,0.9999999999999997,0.9999999999999997,0.9999999999999997,0.9999999999999996,0.9999999999999997
20140117,0.9999999999999997,0.9999999999999997,0.9999999999999997,0.9999999999999996,0.9999999999999997
20140120,0.9999999999999997,0.9999999999999997,0.9999999999999997,0.9999999999999997,0.9999999999999997
20140121,0.9999999999999997,0.9999999999999997,0.9999999999999997,0.9999999999999997,0.9999999999999997
20140122,0.9999999999999997,0.9999999999999997,0.9999999999999997,0.9999999999999997,0.9999999999999997
20140123,0.9999999999999997,0.9999999999999997,0.9999999999999997,0.9999999999999997,0.9999999999999997
20140124,0.9999999999999997,0.9999999999999997,0.9999999999999997,0.9999999999999997,0.9999999999999997
20140127,0.9999999999999997,0.9999999999999997,0.9999999999999997,0.9999999999999997,0.9999999999999997
20140128,0.9999999999999997,0.9999999999999997,0.9999999999999997,0.9999999999999997,0.9999999999999997
20140129,0.9999999999999997,0.9999999999999997,0.9999999999999997,0.9999999999999997,0.9999999999999997
20140130,0.9999999999999997,0.9999999999999997,0.9999999999999997,0.9999999999999997,0.9999999999999997
20140207,0.9999999999999997,0.9999999999999997,0.9999999999999997,0.9999999999999997,0.9999999999999997
20140210,0.9999999999999997,0.9999999999999997,0.9999999999999997,0.9999999999999997,0.9999999999999997
20140211,0.9999999999999997,0.9999999999999997,0.9999999999999997,0.9999999999999997,0.9999999999999997
20140212,0.9999999999999997,0.9999999999999997,0.9999999999999997,0.9999999999999997,0.9999999999999997
20140213,0.9999999999999997,0.9999999999999997,0.9999999999999997,0.9999999999999997,0.9999999999999997
20140214,0.9999999999999997,0.9999999999999997,0.9999999999999997,0.9999999999999997,0.9999999999999997
20140217,0.9999999999999997,0.9999999999999997,0.9999999999999997,0.9999999999999997,0.9999999999999997
20140218,0.9999999999999997,0.9999999999999997,0.9999999999999997,0.9999999999999997,0.9999999999999997
20140219,0.9999999999999997,0.9999999999999997,0.9999999999999997,0.9999999999999997,0.9999999999999997
20140220,0.9999999999999997,0.9999999999999997,0.9999999999999997,0.9999999999999997,0.9999999999999997
20140221,0.9999999999999997,0.9999999999999997,0.9999999999999997,0.9999999999999997,0.9999999999999997
20140224,0.9999999999999997,0.9999999999999997,0.9999999999999997,0.9999999999999997,0.9999999999999997
20140225,0.9999999999999997,0.9999999999999997,0.9999999999999997,0.9999999999999997,0.9999999999999997
20140226,0.9999999999999997,0.9999999999999997,0.9999999999999997,0.9999999999999997,0.9999999999999997
20140227,0.9999999999999997,0.9999999999999997,0.9999999999999997,0.9999999999999997,0.9999999999999997
20140228,0.9999999999999997,0.9999999999999997,0.9999999999999997,0.9999999999999997,0.9999999999999997
20140303,0.9999999999999997,0.9999999999999997,0.9999999999999997,0.9999999999999997,0.9999999999999997
20140304,0.9999999999999997,0.9999999999999997,0.9999999999999997,0.9999999999999997,0.9999999999999997
20140305,0.9999999999999997,0.9999999999999997,0.9999999999999997,0.9999999999999997,0.9999999999999997
20140306,0.9999999999999997,0.9999999999999997,0.9999999999999997,0.9999999999999997,0.9999999999999997
20140307,0.9999999999999997,0.9999999999999997,0.9999999999999997,0.9999999999999997,0.9999999999999997
20140310,0.9999999999999997,0.9999999999999997,0.9999999999999997,0.9999999999999997,0.9999999999999997
20140311,0.9999999999999997,0.9999999999999997,0.9999999999999997,0.9999999999999997,0.9999999999999997
20140312,0.9999999999999997,0.9999999999999997,0.9999999999999997,0.9999999999999997,0.9999999999999997
20140313,0.9999999999999997,0.9999999999999997,0.9999999999999997,0.9999999999999997,0.9999999999999997
20140314,0.9999999999999997,0.9999999999999997,0.9999999999999997,0.9999999999999997,0.9999999999999997
20140317,0.9999999999999997,0.9999999999999997,0.9999999999999997,0.9999999999999997,0.9999999999999997
20140318,0.9999999999999997,0.9999999999999997,0.9999999999999997,0.9999999999999997,0.9999999999999997
20140319,0.9999999999999997,0.9999999999999997,0.9999999999999997,0.9999999999999997,0.9999999999999997
20140320,0.9999999999999997,0.9999999999999997,0.9999999999999997,0.9999999999999997,0.9999999999999997
20140321,0.9999999999999997,0.9999999999999997,0.9999999999999997,0.9999999999999997,0.9999999999999997
20140324,0.9999999999999997,0.9999999999999997,0.9999999999999997,0.9999999999999997,0.9999999999999997
20140325,0.9999999999999997,0.9999999999999997,0.9999999999999997,0.9999999999999997,0.9999999999999997
20140326,0.9999999999999997,0.9999999999999997,0.9999999999999997,0.9999999999999997,0.9999999999999997
20140327,0.9999999999999997,0.9999999999999997,0.9999999999999997,0.9999999999999997,0.9999999999999997
20140328,0.9999999999999997,0.9999999999999997,0.9999999999999997,0.9999999999999997,0.9999999999999997
20140331,0.9999999999999997,0.9999999999999997,0.9999999999999997,0.9999999999999997,0.9999999999999997
20140401,0.9999999999999997,0.9999999999999997,0.9999999999999997,0.9999999999999997,0.9999999999999997
20140402,0.9999999999999997,0.9999999999999997,0.9999999999999997,0.9999999999999997,0.9999999999999997
20140403,0.9999999999999997,0.9999999999999997,0.9999999999999997,0.9999999999999997,0.9999999999999997
20140404,0.9999999999999997,0.9999999999999997,0.9999999999999997,0.9999999999999997,0.9999999999999997
20140408,0.9999999999999997,0.9999999999999997,0.9999999999999997,0.9999999999999997,0.9999999999999997
20140409,0.9999999999999997,0.9999999999999997,0.9999999999999997,0.9999999999999997,0.9999999999999997
20140410,0.9999999999999997,0.9999999999999997,0.9999999999999997,0.9999999999999997,0.9999999999999997
20140411,0.9999999999999997,0.9999999999999997,0.9999999999999997,0.9999999999999997,0.9999999999999997
20140414,0.9999999999999997,0.9999999999999997,0.9999999999999997,0.9999999999999997,0.9999999999999997
20140415,0.9999999999999997,0.9999999999999997,0.9999999999999997,0.9999999999999997,0.9999999999999997
20140416,0.9999999999999997,0.9999999999999997,0.9999999999999997,0.9999999999999997,0.9999999999999997
20140417,0.9999999999999997,0.9999999999999997,0.9999999999999997,0.9999999999999997,0.9999999999999997
20140418,0.9999999999999997,0.9999999999999997,0.9999999999999997,0.9999999999999996,0.9999999999999997
20140421,0.9999999999999997,0.9999999999999997,0.9999999999999997,0.9999999999999996,0.9999999999999997
20140422,0.9999999999999997,0.9999999999999997,0.9999999999999997,0.9999999999999996,0.9999999999999997
20140423,0.9999999999999997,0.9999999999999997,0.9999999999999997,0.9999999999999996,0.9999999999999997
20140424,0.9999999999999997,0.9999999999999997,0.9999999999999997,0.9999999999999996,0.9999999999999997
20140425,0.9999999999999997,0.9999999999999997,0.9999999999999997,0.9999999999999996,0.9999999999999997
20140428,0.9999999999999997,0.9999999999999997,0.9999999999999997,0.9999999999999997,0.9999999999999997
20140429,0.9999999999999997,0.9999999999999997,0.9999999999999997,0.9999999999999997,0.9999999999999997
20140430,0.9999999999999997,0.9999999999999997,0.9999999999999997,0.9999999999999997,0.9999999999999997
20140505,0.9999999999999997,0.9999999999999997,0.9999999999999997,0.9999999999999997,0.9999999999999997
20140506,0.9999999999999997,0.9999999999999997,0.9999999999999997,0.9999999999999996,0.9999999999999997
20140507,0.9999999999999997,0.9999999999999997,0.9999999999999997,0.9999999999999996,0.9999999999999997
20140508,0.9999999999999997,0.9999999999999997,0.9999999999999997,0.9999999999999996,0.9999999999999997
20140509,0.9999999999999997,0.9999999999999997,0.9999999999999997,0.9999999999999996,0.9999999999999997
20140512,0.9999999999999997,0.9999999999999997,0.9999999999999997,0.9999999999999996,0.9999999999999997
20140513,0.9999999999999997,0.9999999999999997,0.9999999999999997,0.9999999999999996,0.9999999999999997
20140514,0.9999999999999997,0.9999999999999997,0.9999999999999997,0.9999999999999996,0.9999999999999997
20140515,0.9999999999999997,0.9999999999999997,0.9999999999999997,0.9999999999999996,0.9999999999999997
20140516,0.9999999999999997,0.9999999999999997,0.9999999999999997,0.9999999999999996,0.9999999999999997
20140519,0.9999999999999997,0.9999999999999997,0.9999999999999997,0.9999999999999996,0.9999999999999997
20140520,0.9999999999999997,0.9999999999999997,0.9999999999999997,0.9999999999999996,0.9999999999999997
20140521,0.9999999999999997,0.9999999999999997,0.9999999999999997,0.9999999999999996,0.9999999999999997
20140522,0.9999999999999997,0.9999999999999997,0.9999999999999997,0.9999999999999996,0.9999999999999997
20140523,0.9999999999999997,0.9999999999999997,0.9999999999999997,0.9999999999999997,0.9999999999999997
20140526,0.9999999999999997,0.9999999999999997,0.9999999999999997,0.9999999999999997,0.9999999999999997
20140527,0.9999999999999997,0.9999999999999997,0.9999999999999997,0.9999999999999997,0.9999999999999997
20140528,0.9999999999999997,0.9999999999999997,0.9999999999999997,0.9999999999999996,0.9999999999999997
20140529,0.9999999999999997,0.9999999999999997,0.9999999999999997,0.9999999999999996,0.9999999999999997
20140530,0.9999999999999997,0.9999999999999997,0.9999999999999997,0.9999999999999996,0.9999999999999997
20140603,0.9999999999999997,0.9999999999999997,0.9999999999999997,0.9999999999999996,0.9999999999999997
20140604,0.9999999999999997,0.9999999999999997,0.9999999999999997,0.9999999999999996,0.9999999999999997
20140605,0.9999999999999997,0.9999999999999997,0.9999999999999997,0.9999999999999996,0.9999999999999997
20140606,0.9999999999999997,0.9999999999999997,0.9999999999999997,0.9999999999999996,0.9999999999999997
20140609,0.9999999999999997,0.9999999999999997,0.9999999999999997,0.9999999999999996,0.9999999999999997
20140610,0.9999999999999997,0.9999999999999997,0.9999999999999997,0.9999999999999996,0.9999999999999997
20140611,0.9999999999999997,0.9999999999999997,0.9999999999999997,0.9999999999999996,0.9999999999999997
20140612,0.9999999999999997,0.9999999999999997,0.9999999999999997,0.9999999999999996,0.9999999999999997
20140613,0.9999999999999997,0.9999999999999997,0.9999999999999997,0.9999999999999996,0.9999999999999997
20140616,0.9999999999999997,0.9999999999999997,0.9999999999999997,0.9999999999999996,0.9999999999999997
20140617,0.9999999999999997,0.9999999999999997,0.9999999999999997,0.9999999999999996,0.9999999999999997
20140618,0.9999999999999997,0.9999999999999997,0.9999999999999997,0.9999999999999996,0.9999999999999997
20140619,0.9999999999999997,0.9999999999999997,0.9999999999999997,0.9999999999999996,0.9999999999999997
20140620,0.9999999999999997,0.9999999999999997,0.9999999999999997,0.9999999999999996,0.9999999999999997
20140623,0.9999999999999997,0.9999999999999997,0.9999999999999997,0.9999999999999996,0.9999999999999997
20140624,0.9999999999999997,0.9999999999999997,0.9999999999999997,0.9999999999999996,0.9999999999999997
20140625,0.9999999999999997,0.9999999999999997,0.9999999999999997,0.9999999999999996,0.9999999999999997
20140626,0.9999999999999997,0.9999999999999997,0.9999999999999997,0.9999999999999996,0.9999999999999997
20140627,0.9999999999999997,0.9999999999999997,0.9999999999999997,0.9999999999999996,0.9999999999999997
20140630,0.9999999999999997,0.9999999999999997,0.9999999999999997,0.9999999999999996,0.9999999999999997
20140701,0.9999999999999997,0.9999999999999997,0.9999999999999997,0.9999999999999996,0.9999999999999997
20140702,0.9999999999999997,0.9999999999999997,0.9999999999999997,0.9999999999999996,0.9999999999999997
20140703,0.9999999999999997,0.9999999999999997,0.9999999999999997,0.9999999999999997,0.9999999999999997
20140704,0.9999999999999997,0.9999999999999997,0.9999999999999997,0.9999999999999997,0.9999999999999997
20140707,0.9999999999999997,0.9999999999999997,0.9999999999999997,0.9999999999999997,0.9999999999999997
20140708,0.9999999999999997,0.9999999999999997,0.9999999999999997,0.9999999999999997,0.9999999999999997
20140709,0.9999999999999997,0.9999999999999997,0.9999999999999997,0.9999999999999997,0.9999999999999997
20140710,0.9999999999999997,0.9999999999999997,0.9999999999999997,0.9999999999999997,0.9999999999999997
20140711,0.9999999999999997,0.9999999999999997,0.9999999999999997,0.9999999999999997,0.9999999999999997
20140714,0.9999999999999997,0.9999999999999997,0.9999999999999997,0.9999999999999997,0.9999999999999997
20140715,0.9999999999999997,0.9999999999999997,0.9999999999999997,0.9999999999999997,0.9999999999999997
20140716,0.9999999999999997,0.9999999999999997,0.9999999999999997,0.9999999999999997,0.9999999999999997
20140717,0.9999999999999997,0.9999999999999997,0.9999999999999997,0.9999999999999997,0.9999999999999997
20140718,0.9999999999999997,0.9999999999999997,0.9999999999999997,0.9999999999999997,0.9999999999999997
20140721,0.9999999999999997,0.9999999999999997,0.9999999999999997,0.9999999999999996,0.9999999999999997
20140722,0.9999999999999997,0.9999999999999997,0.9999999999999997,0.9999999999999996,0.9999999999999997
20140723,0.9999999999999997,0.9999999999999997,0.9999999999999997,0.9999999999999996,0.9999999999999997
20140724,0.9999999999999997,0.9999999999999997,0.9999999999999997,0.9999999999999996,0.9999999999999997
20140725,0.9999999999999997,0.9999999999999997,0.9999999999999997,0.9999999999999996,0.9999999999999997
20140728,0.9999999999999997,0.9999999999999997,0.9999999999999997,0.9999999999999996,0.9999999999999997
20140729,0.9999999999999997,0.9999999999999997,0.9999999999999997,0.9999999999999996,0.9999999999999997
20140730,0.9999999999999997,0.9999999999999997,0.9999999999999997,0.9999999999999996,0.9999999999999997
20140731,0.9999999999999997,0.9999999999999997,0.9999999999999997,0.9999999999999996,0.9999999999999997
20140801,0.9999999999999997,0.9999999999999997,0.9999999999999997,0.9999999999999996,0.9999999999999997
20140804,0.9999999999999997,0.9999999999999997,0.9999999999999997,0.9999999999999996,0.9999999999999997
20140805,0.9999999999999997,0.9999999999999997,0.9999999999999997,0.9999999999999996,0.9999999999999997
20140806,0.9999999999999997,0.9999999999999997,0.9999999999999997,0.9999999999999996,0.9999999999999997
20140807,0.9999999999999997,0.9999999999999997,0.9999999999999997,0.9999999999999996,0.9999999999999997
20140808,0.9999999999999997,0.9999999999999997,0.9999999999999997,0.9999999999999996,0.9999999999999997
20140811,0.9999999999999997,0.9999999999999997,0.9999999999999997,0.9999999999999993,0.9999999999999997
20140812,0.9999999999999997,0.9999999999999997,0.9999999999999997,0.9999999999999993,0.9999999999999997
20140813,0.9999999999999997,0.9999999999999997,0.9999999999999997,0.9999999999999993,0.9999999999999997
20140814,0.9999999999999997,0.9999999999999997,0.9999999999999997,0.9999999999999993,0.9999999999999997
20140815,0.9999999999999997,0.9999999999999997,0.9999999999999997,0.9999999999999996,0.9999999999999997
20140818,0.9999999999999997,0.9999999999999997,0.9999999999999997,0.9999999999999996,0.9999999999999997
20140819,0.9999999999999997,0.9999999999999997,0.9999999999999997,0.9999999999999997,0.9999999999999997
20140820,0.9999999999999997,0.9999999999999997,0.9999999999999997,0.9999999999999997,0.9999999999999997
20140821,0.9999999999999997,0.9999999999999997,0.9999999999999997,0.9999999999999997,0.9999999999999997
20140822,0.9999999999999997,0.9999999999999997,0.9999999999999997,0.9999999999999997,0.9999999999999997
20140825,0.9999999999999997,0.9999999999999997,0.9999999999999997,0.9999999999999997,0.9999999999999997
20140826,0.9999999999999997,0.9999999999999997,0.9999999999999997,0.9999999999999997,0.9999999999999997
20140827,0.9999999999999997,0.9999999999999997,0.9999999999999997,0.9999999999999997,0.9999999999999997
20140828,0.9999999999999997,0.9999999999999997,0.9999999999999997,0.9999999999999997,0.9999999999999997
20140829,0.9999999999999997,0.9999999999999997,0.9999999999999997,0.9999999999999997,0.9999999999999997
20140901,0.9999999999999997,0.9999999999999997,0.9999999999999997,0.9999999999999997,0.9999999999999997
20140902,0.9999999999999997,0.9999999999999997,0.9999999999999997,0.9999999999999997,0.9999999999999997
20140903,0.9999999999999997,0.9999999999999997,0.9999999999999997,0.9999999999999997,0.9999999999999997
20140904,0.9999999999999997,0.9999999999999997,0.9999999999999997,0.9999999999999997,0.9999999999999997
20140905,0.9999999999999997,0.9999999999999997,0.9999999999999997,0.9999999999999997,0.9999999999999997
20140909,0.9999999999999997,0.9999999999999997,0.9999999999999997,0.9999999999999997,0.9999999999999997
20140910,0.9999999999999997,0.9999999999999997,0.9999999999999997,0.9999999999999997,0.9999999999999997
20140911,0.9999999999999997,0.9999999999999997,0.9999999999999997,0.9999999999999997,0.9999999999999997
20140912,0.9999999999999997,0.9999999999999997,0.9999999999999997,0.9999999999999997,0.9999999999999997
20140915,0.9999999999999997,0.9999999999999997,0.9999999999999997,0.9999999999999997,0.9999999999999997
20140916,0.9999999999999997,0.9999999999999997,0.9999999999999997,0.9999999999999997,0.9999999999999997
20140917,0.9999999999999997,0.9999999999999997,0.9999999999999997,0.9999999999999997,0.9999999999999997
20140918,0.9999999999999997,0.9999999999999997,0.9999999999999997,0.9999999999999997,0.9999999999999997
20140919,0.9999999999999997,0.9999999999999997,0.9999999999999997,0.9999999999999997,0.9999999999999997
20140922,0.9999999999999997,0.9999999999999997,0.9999999999999997,0.9999999999999997,0.9999999999999997
20140923,0.9999999999999997,0.9999999999999997,0.9999999999999997,0.9999999999999997,0.9999999999999997
20140924,0.9999999999999997,0.9999999999999997,0.9999999999999997,0.9999999999999997,0.9999999999999997
20140925,0.9999999999999997,0.9999999999999997,0.9999999999999997,0.9999999999999997,0.9999999999999997
20140926,0.9999999999999997,0.9999999999999997,0.9999999999999997,0.9999999999999997,0.9999999999999997
20140929,0.9999999999999997,0.9999999999999997,0.9999999999999997,0.9999999999999997,0.9999999999999997
20140930,0.9999999999999997,0.9999999999999997,0.9999999999999997,0.9999999999999997,0.9999999999999997
20141008,0.9999999999999997,0.9999999999999997,0.9999999999999997,0.9999999999999997,0.9999999999999997
20141009,0.9999999999999997,0.9999999999999997,0.9999999999999997,0.9999999999999997,0.9999999999999997
20141010,0.9999999999999997,0.9999999999999997,0.9999999999999997,0.9999999999999997,0.9999999999999997
20141013,0.9999999999999997,0.9999999999999997,0.9999999999999997,0.9999999999999997,0.9999999999999997
20141014,0.9999999999999997,0.9999999999999997,0.9999999999999997,0.9999999999999997,0.9999999999999997
20141015,0.9999999999999997,0.9999999999999997,0.9999999999999997,0.9999999999999997,0.9999999999999997
20141016,0.9999999999999997,0.9999999999999997,0.9999999999999997,0.9999999999999997,0.9999999999999997
20141017,0.9999999999999997,0.9999999999999997,0.9999999999999997,0.9999999999999997,0.9999999999999997
20141020,0.9999999999999997,0.9999999999999997,0.9999999999999997,0.9999999999999997,0.9999999999999997
20141021,0.9999999999999997,0.9999999999999997,0.9999999999999997,0.9999999999999997,0.9999999999999997
20141022,0.9999999999999997,0.9999999999999997,0.9999999999999997,0.9999999999999997,0.9999999999999997
20141023,0.9999999999999997,0.9999999999999997,0.9999999999999997,0.9999999999999997,0.9999999999999997
20141024,0.9999999999999997,0.9999999999999997,0.9999999999999997,0.9999999999999997,0.9999999999999997
20141027,0.9999999999999997,0.9999999999999997,0.9999999999999997,0.9999999999999997,0.9999999999999997
20141028,0.9999999999999997,0.9999999999999997,0.9999999999999997,0.9999999999999997,0.9999999999999997
20141029,0.9999999999999997,0.9999999999999997,0.9999999999999997,0.9999999999999997,0.9999999999999997
20141030,0.9999999999999997,0.9999999999999997,0.9999999999999997,0.9999999999999997,0.9999999999999997
20141031,0.9999999999999997,0.9999999999999997,0.9999999999999997,0.9999999999999997,0.9999999999999997
20141103,0.9999999999999997,0.9999999999999997,0.9999999999999997,0.9999999999999997,0.9999999999999997
20141104,0.9999999999999997,0.9999999999999997,0.9999999999999997,0.9999999999999997,0.9999999999999997
20141105,0.9999999999999997,0.9999999999999997,0.9999999999999997,0.9999999999999997,0.9999999999999997
20141106,0.9999999999999997,0.9999999999999997,0.9999999999999997,0.9999999999999997,0.9999999999999997
20141107,0.9999999999999997,0.9999999999999997,0.9999999999999997,0.9999999999999997,0.9999999999999997
20141110,0.9999999999999997,0.9999999999999997,0.9999999999999997,0.9999999999999997,0.9999999999999997
20141111,0.9999999999999997,0.9999999999999997,0.9999999999999997,0.9999999999999997,0.9999999999999997
20141112,0.9999999999999997,0.9999999999999997,0.9999999999999997,0.9999999999999997,0.9999999999999997
20141113,0.9999999999999997,0.9999999999999997,0.9999999999999997,0.9999999999999997,0.9999999999999997
20141114,0.9999999999999997,0.9999999999999997,0.9999999999999997,0.9999999999999997,0.9999999999999997
20141117,0.9999999999999997,0.9999999999999997,0.9999999999999997,0.9999999999999997,0.9999999999999997
20141118,0.9999999999999997,0.9999999999999997,0.9999999999999997,0.9999999999999997,0.9999999999999997
20141119,0.9999999999999997,0.9999999999999997,0.9999999999999997,0.9999999999999997,0.9999999999999997
20141120,0.9999999999999997,0.9999999999999997,0.9999999999999997,0.9999999999999997,0.9999999999999997
20141121,0.9999999999999997,0.9999999999999997,0.9999999999999997,0.9999999999999997,0.9999999999999997
20141124,0.9999999999999997,0.9999999999999997,0.9999999999999997,0.9999999999999997,0.9999999999999997
20141125,0.9999999999999997,0.9999999999999997,0.9999999999999997,0.9999999999999997,0.9999999999999997
20141126,0.9999999999999997,0.9999999999999997,0.9999999999999997,0.9999999999999997,0.9999999999999997
20141127,0.9999999999999997,0.9999999999999997,0.9999999999999997,0.9999999999999997,0.9999999999999997
20141128,0.9999999999999997,0.9999999999999997,0.9999999999999997,0.9999999999999997,0.9999999999999997
20141201,0.9999999999999997,0.9999999999999997,0.9999999999999997,0.9999999999999997,0.9999999999999997
20141202,0.9999999999999997,0.9999999999999997,0.9999999999999997,0.9999999999999997,0.9999999999999997
20141203,0.9999999999999997,0.9999999999999997,0.9999999999999997,0.9999999999999997,0.9999999999999997
20141204,0.9999999999999997,0.9999999999999997,0.9999999999999997,0.9999999999999997,0.9999999999999997
20141205,0.9999999999999997,0.9999999999999997,0.9999999999999997,0.9999999999999997,0.9999999999999997
20141208,0.9999999999999997,0.9999999999999997,0.9999999999999997,0.9999999999999997,0.9999999999999997
20141209,0.9999999999999997,0.9999999999999997,0.9999999999999997,0.9999999999999997,0.9999999999999997
20141210,0.9999999999999997,0.9999999999999997,0.9999999999999997,0.9999999999999997,0.9999999999999997
20141211,0.9999999999999997,0.9999999999999997,0.9999999999999997,0.9999999999999997,0.9999999999999997
20141212,0.9999999999999997,0.9999999999999997,0.9999999999999997,0.9999999999999997,0.9999999999999997
20141215,0.9999999999999997,0.9999999999999997,0.9999999999999997,0.9999999999999997,0.9999999999999997
20141216,0.9999999999999997,0.9999999999999997,0.9999999999999997,0.9999999999999997,0.9999999999999997
20141217,0.9999999999999997,0.9999999999999997,0.9999999999999997,0.9999999999999997,0.9999999999999997
20141218,0.9999999999999997,0.9999999999999997,0.9999999999999997,0.9999999999999997,0.9999999999999997
20141219,0.9999999999999997,0.9999999999999997,0.9999999999999997,0.9999999999999997,0.9999999999999997
20141222,0.9999999999999997,0.9999999999999997,0.9999999999999997,0.9999999999999997,0.9999999999999997
20141223,0.9999999999999997,0.9999999999999997,0.9999999999999997,0.9999999999999997,0.9999999999999997
20141224,0.9999999999999997,0.9999999999999997,0.9999999999999997,0.9999999999999997,0.9999999999999997
20141225,0.9999999999999997,0.9999999999999997,0.9999999999999997,0.9999999999999997,0.9999999999999997
20141226,0.9999999999999997,0.9999999999999997,0.9999999999999997,0.9999999999999997,0.9999999999999997
20141229,0.9999999999999997,0.9999999999999997,0.9999999999999997,0.9999999999999997,0.9999999999999997
20141230,0.9999999999999997,0.9999999999999997,0.9999999999999997,0.9999999999999997,0.9999999999999997
20141231,0.9999999999999997,0.9999999999999997,0.9999999999999997,0.9999999999999997,0.9999999999999997
20150105,0.9999999999999997,0.9999999999999997,0.9999999999999997,0.9999999999999997,0.9999999999999997
20150106,0.9999999999999997,0.9999999999999997,0.9999999999999997,0.9999999999999997,0.9999999999999997
20150107,0.9999999999999997,0.9999999999999997,0.9999999999999997,0.9999999999999997,0.9999999999999997
20150108,0.9999999999999997,0.9999999999999997,0.9999999999999997,0.9999999999999997,0.9999999999999997
20150109,0.9999999999999997,0.9999999999999997,0.9999999999999997,0.9999999999999997,0.9999999999999997
20150112,0.9999999999999997,0.9999999999999997,0.9999999999999997,0.9999999999999997,0.9999999999999997
20150113,0.9999999999999997,0.9999999999999997,0.9999999999999997,0.9999999999999997,0.9999999999999997
20150114,0.9999999999999997,0.9999999999999997,0.9999999999999997,0.9999999999999997,0.9999999999999997
20150115,0.9999999999999997,0.9999999999999997,0.9999999999999997,0.9999999999999997,0.9999999999999997
20150116,0.9999999999999997,0.9999999999999997,0.9999999999999997,0.9999999999999997,0.9999999999999997
20150119,0.9999999999999997,0.9999999999999997,0.9999999999999997,0.9999999999999997,0.9999999999999997
20150120,0.9999999999999997,0.9999999999999997,0.9999999999999997,0.9999999999999997,0.9999999999999997
20150121,0.9999999999999997,0.9999999999999997,0.9999999999999997,0.9999999999999997,0.9999999999999997
20150122,0.9999999999999997,0.9999999999999997,0.9999999999999997,0.9999999999999997,0.9999999999999997
20150123,0.9999999999999997,0.9999999999999997,0.9999999999999997,0.9999999999999997,0.9999999999999997
20150126,0.9999999999999997,0.9999999999999997,0.9999999999999997,0.9999999999999997,0.9999999999999997
20150127,0.9999999999999997,0.9999999999999997,0.9999999999999997,0.9999999999999997,0.9999999999999997
20150128,0.9999999999999997,0.9999999999999997,0.9999999999999997,0.9999999999999996,0.9999999999999997
20150129,0.9999999999999997,0.9999999999999997,0.9999999999999997,0.9999999999999997,0.9999999999999997
20150130,0.9999999999999997,0.9999999999999997,0.9999999999999997,0.9999999999999997,0.9999999999999997
20150202,0.9999999999999997,0.9999999999999997,0.9999999999999997,0.9999999999999997,0.9999999999999997
20150203,0.9999999999999997,0.9999999999999997,0.9999999999999997,0.9999999999999996,0.9999999999999997
20150204,0.9999999999999997,0.9999999999999997,0.9999999999999997,0.9999999999999996,0.9999999999999997
20150205,0.9999999999999997,0.9999999999999997,0.9999999999999997,0.9999999999999996,0.9999999999999997
20150206,0.9999999999999997,0.9999999999999997,0.9999999999999997,0.9999999999999996,0.9999999999999997
20150209,0.9999999999999997,0.9999999999999997,0.9999999999999997,0.9999999999999996,0.9999999999999997
20150210,0.9999999999999997,0.9999999999999997,0.9999999999999997,0.9999999999999996,0.9999999999999997
20150211,0.9999999999999997,0.9999999999999997,0.9999999999999997,0.9999999999999996,0.9999999999999997
20150212,0.9999999999999997,0.9999999999999997,0.9999999999999997,0.9999999999999996,0.9999999999999997
20150213,0.9999999999999997,0.9999999999999997,0.9999999999999997,0.9999999999999996,0.9999999999999997
20150216,0.9999999999999997,0.9999999999999997,0.9999999999999997,0.9999999999999996,0.9999999999999997
20150217,0.9999999999999997,0.9999999999999997,0.9999999999999997,0.9999999999999996,0.9999999999999997
20150225,0.9999999999999997,0.9999999999999997,0.9999999999999997,0.9999999999999996,0.9999999999999997
20150226,0.9999999999999997,0.9999999999999997,0.9999999999999997,0.9999999999999996,0.9999999999999997
20150227,0.9999999999999997,0.9999999999999997,0.9999999999999997,0.9999999999999997,0.9999999999999997
20150302,0.9999999999999997,0.9999999999999997,0.9999999999999997,0.9999999999999997,0.9999999999999997
20150303,0.9999999999999997,0.9999999999999997,0.9999999999999997,0.9999999999999997,0.9999999999999997
20150304,0.9999999999999997,0.9999999999999997,0.9999999999999997,0.9999999999999997,0.9999999999999997
20150305,0.9999999999999997,0.9999999999999997,0.9999999999999997,0.9999999999999997,0.9999999999999997
20150306,0.9999999999999997,0.9999999999999997,0.9999999999999997,0.9999999999999997,0.9999999999999997
20150309,0.9999999999999997,0.9999999999999997,0.9999999999999997,0.9999999999999997,0.9999999999999997
20150310,0.9999999999999997,0.9999999999999997,0.9999999999999997,0.9999999999999997,0.9999999999999997
20150311,0.9999999999999997,0.9999999999999997,0.9999999999999997,0.9999999999999997,0.9999999999999997
20150312,0.9999999999999997,0.9999999999999997,0.9999999999999997,0.9999999999999997,0.9999999999999997
20150313,0.9999999999999997,0.9999999999999997,0.9999999999999997,0.9999999999999997,0.9999999999999997
20150316,0.9999999999999997,0.9999999999999997,0.9999999999999997,0.9999999999999997,0.9999999999999997
20150317,0.9999999999999997,0.9999999999999997,0.9999999999999997,0.9999999999999997,0.9999999999999997
20150318,0.9999999999999997,0.9999999999999997,0.9999999999999997,0.9999999999999997,0.9999999999999997
20150319,0.9999999999999997,0.9999999999999997,0.9999999999999997,0.9999999999999997,0.9999999999999997
20150320,0.9999999999999997,0.9999999999999997,0.9999999999999997,0.9999999999999997,0.9999999999999997
20150323,0.9999999999999997,0.9999999999999997,0.9999999999999997,0.9999999999999997,0.9999999999999997
20150324,0.9999999999999997,0.9999999999999997,0.9999999999999997,0.9999999999999997,0.9999999999999997
20150325,0.9999999999999997,0.9999999999999997,0.9999999999999997,0.9999999999999997,0.9999999999999997
20150326,0.9999999999999997,0.9999999999999997,0.9999999999999997,0.9999999999999997,0.9999999999999997
20150327,0.9999999999999997,0.9999999999999997,0.9999999999999997,0.9999999999999997,0.9999999999999997
20150330,0.9999999999999997,0.9999999999999997,0.9999999999999997,0.9999999999999997,0.9999999999999997
20150331,0.9999999999999997,0.9999999999999997,0.9999999999999997,0.9999999999999996,0.9999999999999997
20150401,0.9999999999999997,0.9999999999999997,0.9999999999999997,0.9999999999999996,0.9999999999999997
20150402,0.9999999999999997,0.9999999999999997,0.9999999999999997,0.9999999999999996,0.9999999999999997
20150403,0.9999999999999997,0.9999999999999997,0.9999999999999997,0.9999999999999996,0.9999999999999997
20150407,0.9999999999999997,0.9999999999999997,0.9999999999999997,0.9999999999999996,0.9999999999999997
20150408,0.9999999999999997,0.9999999999999997,0.9999999999999997,0.9999999999999996,0.9999999999999997
20150409,0.9999999999999997,0.9999999999999997,0.9999999999999997,0.9999999999999996,0.9999999999999997
20150410,0.9999999999999997,0.9999999999999997,0.9999999999999997,0.9999999999999996,0.9999999999999997
20150413,0.9999999999999997,0.9999999999999997,0.9999999999999997,0.9999999999999996,0.9999999999999997
20150414,0.9999999999999997,0.9999999999999997,0.9999999999999997,0.9999999999999996,0.9999999999999997
20150415,0.9999999999999997,0.9999999999999997,0.9999999999999997,0.9999999999999996,0.9999999999999997
20150416,0.9999999999999997,0.9999999999999997,0.9999999999999997,0.9999999999999996,0.9999999999999997
20150417,0.9999999999999997,0.9999999999999997,0.9999999999999997,0.9999999999999996,0.9999999999999997
20150420,0.9999999999999997,0.9999999999999997,0.9999999999999997,0.9999999999999996,0.9999999999999997
20150421,0.9999999999999997,0.9999999999999997,0.9999999999999997,0.9999999999999996,0.9999999999999997
20150422,0.9999999999999997,0.9999999999999997,0.9999999999999997,0.9999999999999996,0.9999999999999997
20150423,0.9999999999999997,0.9999999999999997,0.9999999999999997,0.9999999999999996,0.9999999999999997
20150424,0.9999999999999997,0.9999999999999997,0.9999999999999997,0.9999999999999996,0.9999999999999997
20150427,0.9999999999999997,0.9999999999999997,0.9999999999999997,0.9999999999999996,0.9999999999999997
20150428,0.9999999999999997,0.9999999999999997,0.9999999999999997,0.9999999999999996,0.9999999999999997
20150429,0.9999999999999997,0.9999999999999997,0.9999999999999997,0.9999999999999996,0.9999999999999997
20150430,0.9999999999999997,0.9999999999999997,0.9999999999999997,0.9999999999999996,0.9999999999999997
20150504,0.9999999999999997,0.9999999999999997,0.9999999999999997,0.9999999999999996,0.9999999999999997
20150505,0.9999999999999997,0.9999999999999997,0.9999999999999997,0.9999999999999996,0.9999999999999997
20150506,0.9999999999999997,0.9999999999999997,0.9999999999999997,0.9999999999999996,0.9999999999999997
20150507,0.9999999999999997,0.9999999999999997,0.9999999999999997,0.9999999999999996,0.9999999999999997
20150508,0.9999999999999997,0.9999999999999997,0.9999999999999997,0.9999999999999997,0.9999999999999997
20150511,0.9999999999999997,0.9999999999999997,0.9999999999999997,0.9999999999999997,0.9999999999999997
20150512,0.9999999999999997,0.9999999999999997,0.9999999999999997,0.9999999999999997,0.9999999999999997
20150513,0.9999999999999997,0.9999999999999997,0.9999999999999997,0.9999999999999997,0.9999999999999997
20150514,0.9999999999999997,0.9999999999999997,0.9999999999999997,0.9999999999999996,0.9999999999999997
20150515,0.9999999999999997,0.9999999999999997,0.9999999999999997,0.9999999999999996,0.9999999999999997
20150518,0.9999999999999997,0.9999999999999997,0.9999999999999997,0.9999999999999996,0.9999999999999997
20150519,0.9999999999999997,0.9999999999999997,0.9999999999999997,0.9999999999999996,0.9999999999999997
20150520,0.9999999999999997,0.9999999999999997,0.9999999999999997,0.9999999999999996,0.9999999999999997
20150521,0.9999999999999997,0.9999999999999997,0.9999999999999997,0.9999999999999996,0.9999999999999997
20150522,0.9999999999999997,0.9999999999999997,0.9999999999999997,0.9999999999999996,0.9999999999999997
20150525,0.9999999999999997,0.9999999999999997,0.9999999999999997,0.9999999999999997,0.9999999999999997
20150526,0.9999999999999997,0.9999999999999997,0.9999999999999997,0.9999999999999997,0.9999999999999997
20150527,0.9999999999999997,0.9999999999999997,0.9999999999999997,0.9999999999999997,0.9999999999999997
20150528,0.9999999999999997,0.9999999999999997,0.9999999999999997,0.9999999999999997,0.9999999999999997
20150529,0.9999999999999997,0.9999999999999997,0.9999999999999997,0.9999999999999997,0.9999999999999997
20150601,0.9999999999999997,0.9999999999999997,0.9999999999999997,0.9999999999999997,0.9999999999999997
20150602,0.9999999999999997,0.9999999999999997,0.9999999999999997,0.9999999999999997,0.9999999999999997
20150603,0.9999999999999997,0.9999999999999997,0.9999999999999997,0.9999999999999997,0.9999999999999997
20150604,0.9999999999999997,0.9999999999999997,0.9999999999999997,0.9999999999999997,0.9999999999999997
20150605,0.9999999999999997,0.9999999999999997,0.9999999999999997,0.9999999999999997,0.9999999999999997
20150608,0.9999999999999997,0.9999999999999997,0.9999999999999997,0.9999999999999997,0.9999999999999997
20150609,0.9999999999999997,0.9999999999999997,0.9999999999999997,0.9999999999999997,0.9999999999999997
20150610,0.9999999999999997,0.9999999999999997,0.9999999999999997,0.9999999999999997,0.9999999999999997
20150611,0.9999999999999997,0.9999999999999997,0.9999999999999997,0.9999999999999997,0.9999999999999997
20150612,0.9999999999999997,0.9999999999999997,0.9999999999999997,0.9999999999999997,0.9999999999999997
20150615,0.9999999999999997,0.9999999999999997,0.9999999999999997,0.9999999999999997,0.9999999999999997
20150616,0.9999999999999997,0.9999999999999997,0.9999999999999997,0.9999999999999997,0.9999999999999997
20150617,0.9999999999999997,0.9999999999999997,0.9999999999999997,0.9999999999999997,0.9999999999999997
20150618,0.9999999999999997,0.9999999999999997,0.9999999999999997,0.9999999999999997,0.9999999999999997
20150619,0.9999999999999997,0.9999999999999997,0.9999999999999997,0.9999999999999997,0.9999999999999997
20150623,0.9999999999999997,0.9999999999999997,0.9999999999999997,0.9999999999999997,0.9999999999999997
20150624,0.9999999999999997,0.9999999999999997,0.9999999999999997,0.9999999999999997,0.9999999999999997
20150625,0.9999999999999997,0.9999999999999997,0.9999999999999997,0.9999999999999997,0.9999999999999997
20150626,0.9999999999999997,0.9999999999999997,0.9999999999999997,0.9999999999999997,0.9999999999999997
20150629,0.9999999999999997,0.9999999999999997,0.9999999999999997,0.9999999999999997,0.9999999999999997
20150630,0.9999999999999997,0.9999999999999997,0.9999999999999997,0.9999999999999996,0.9999999999999997
20150701,0.9999999999999997,0.9999999999999997,0.9999999999999997,0.9999999999999997,0.9999999999999997
20150702,0.9999999999999997,0.9999999999999997,0.9999999999999997,0.9999999999999996,0.9999999999999997
20150703,0.9999999999999997,0.9999999999999997,0.9999999999999997,0.9999999999999996,0.9999999999999997
20150706,0.9999999999999997,0.9999999999999997,0.9999999999999997,0.9999999999999996,0.9999999999999997
20150707,0.9999999999999997,0.9999999999999997,0.9999999999999997,0.9999999999999996,0.9999999999999997
20150708,0.9999999999999997,0.9999999999999997,0.9999999999999997,0.9999999999999997,0.9999999999999997
20150709,0.9999999999999997,0.9999999999999997,0.9999999999999997,0.9999999999999997,0.9999999999999997
20150710,0.9999999999999997,0.9999999999999997,0.9999999999999997,0.9999999999999997,0.9999999999999997
20150713,0.9999999999999997,0.9999999999999997,0.9999999999999997,0.9999999999999997,0.9999999999999997
20150714,0.9999999999999997,0.9999999999999997,0.9999999999999997,0.9999999999999997,0.9999999999999997
20150715,0.9999999999999997,0.9999999999999997,0.9999999999999997,0.9999999999999997,0.9999999999999997
20150716,0.9999999999999997,0.9999999999999997,0.9999999999999997,0.9999999999999997,0.9999999999999997
20150717,0.9999999999999997,0.9999999999999997,0.9999999999999997,0.9999999999999997,0.9999999999999997
20150720,0.9999999999999997,0.9999999999999997,0.9999999999999997,0.9999999999999997,0.9999999999999997
20150721,0.9999999999999997,0.9999999999999997,0.9999999999999997,0.9999999999999997,0.9999999999999997
20150722,0.9999999999999997,0.9999999999999997,0.9999999999999997,0.9999999999999997,0.9999999999999997
20150723,0.9999999999999997,0.9999999999999997,0.9999999999999997,0.9999999999999997,0.9999999999999997
20150724,0.9999999999999997,0.9999999999999997,0.9999999999999997,0.9999999999999997,0.9999999999999997
20150727,0.9999999999999997,0.9999999999999997,0.9999999999999997,0.9999999999999997,0.9999999999999997
20150728,0.9999999999999997,0.9999999999999997,0.9999999999999997,0.9999999999999997,0.9999999999999997
20150729,0.9999999999999997,0.9999999999999997,0.9999999999999997,0.9999999999999997,0.9999999999999997
20150730,0.9999999999999997,0.9999999999999997,0.9999999999999997,0.9999999999999997,0.9999999999999997
20150731,0.9999999999999997,0.9999999999999997,0.9999999999999997,0.9999999999999997,0.9999999999999997
20150803,0.9999999999999997,0.9999999999999997,0.9999999999999997,0.9999999999999997,0.9999999999999997
20150804,0.9999999999999997,0.9999999999999997,0.9999999999999997,0.9999999999999997,0.9999999999999997
20150805,0.9999999999999997,0.9999999999999997,0.9999999999999997,0.9999999999999997,0.9999999999999997
20150806,0.9999999999999997,0.9999999999999997,0.9999999999999997,0.9999999999999997,0.9999999999999997
20150807,0.9999999999999997,0.9999999999999997,0.9999999999999997,0.9999999999999997,0.9999999999999997
20150810,0.9999999999999997,0.9999999999999997,0.9999999999999997,0.9999999999999997,0.9999999999999997
20150811,0.9999999999999997,0.9999999999999997,0.9999999999999997,0.9999999999999997,0.9999999999999997
20150812,0.9999999999999997,0.9999999999999997,0.9999999999999997,0.9999999999999997,0.9999999999999997
20150813,0.9999999999999997,0.9999999999999997,0.9999999999999997,0.9999999999999997,0.9999999999999997
20150814,0.9999999999999997,0.9999999999999997,0.9999999999999997,0.9999999999999997,0.9999999999999997
20150817,0.9999999999999997,0.9999999999999997,0.9999999999999997,0.9999999999999997,0.9999999999999997
20150818,0.9999999999999997,0.9999999999999997,0.9999999999999997,0.9999999999999997,0.9999999999999997
20150819,0.9999999999999997,0.9999999999999997,0.9999999999999997,0.9999999999999997,0.9999999999999997
20150820,0.9999999999999997,0.9999999999999997,0.9999999999999997,0.9999999999999997,0.9999999999999997
20150821,0.9999999999999997,0.9999999999999997,0.9999999999999997,0.9999999999999997,0.9999999999999997
20150824,0.9999999999999997,0.9999999999999997,0.9999999999999997,0.9999999999999997,0.9999999999999997
20150825,0.9999999999999997,0.9999999999999997,0.9999999999999997,0.9999999999999997,0.9999999999999997
20150826,0.9999999999999997,0.9999999999999997,0.9999999999999997,0.9999999999999997,0.9999999999999997
20150827,0.9999999999999997,0.9999999999999997,0.9999999999999997,0.9999999999999997,0.9999999999999997
20150828,0.9999999999999997,0.9999999999999997,0.9999999999999997,0.9999999999999997,0.9999999999999997
20150831,0.9999999999999997,0.9999999999999997,0.9999999999999997,0.9999999999999997,0.9999999999999997
20150901,0.9999999999999997,0.9999999999999997,0.9999999999999997,0.9999999999999997,0.9999999999999997
20150902,0.9999999999999997,0.9999999999999997,0.9999999999999997,0.9999999999999997,0.9999999999999997
20150907,0.9999999999999997,0.9999999999999997,0.9999999999999997,0.9999999999999997,0.9999999999999997
20150908,0.9999999999999997,0.9999999999999997,0.9999999999999997,0.9999999999999997,0.9999999999999997
20150909,0.9999999999999997,0.9999999999999997,0.9999999999999997,0.9999999999999997,0.9999999999999997
20150910,0.9999999999999997,0.9999999999999997,0.9999999999999997,0.9999999999999997,0.9999999999999997
20150911,0.9999999999999997,0.9999999999999997,0.9999999999999997,0.9999999999999997,0.9999999999999997
20150914,0.9999999999999997,0.9999999999999997,0.9999999999999997,0.9999999999999997,0.9999999999999997
20150915,0.9999999999999997,0.9999999999999997,0.9999999999999997,0.9999999999999997,0.9999999999999997
20150916,0.9999999999999997,0.9999999999999997,0.9999999999999997,0.9999999999999997,0.9999999999999997
20150917,0.9999999999999997,0.9999999999999997,0.9999999999999997,0.9999999999999997,0.9999999999999997
20150918,0.9999999999999997,0.9999999999999997,0.9999999999999997,0.9999999999999997,0.9999999999999997
20150921,0.9999999999999997,0.9999999999999997,0.9999999999999997,0.9999999999999997,0.9999999999999997
20150922,0.9999999999999997,0.9999999999999997,0.9999999999999997,0.9999999999999997,0.9999999999999997
20150923,0.9999999999999997,0.9999999999999997,0.9999999999999997,0.9999999999999997,0.9999999999999997
20150924,0.9999999999999997,0.9999999999999997,0.9999999999999997,0.9999999999999996,0.9999999999999997
20150925,0.9999999999999997,0.9999999999999997,0.9999999999999997,0.9999999999999997,0.9999999999999997
20150928,0.9999999999999997,0.9999999999999997,0.9999999999999997,0.9999999999999996,0.9999999999999997
20150929,0.9999999999999997,0.9999999999999997,0.9999999999999997,0.9999999999999996,0.9999999999999997
20150930,0.9999999999999997,0.9999999999999997,0.9999999999999997,0.9999999999999996,0.9999999999999997
20151008,0.9999999999999997,0.9999999999999997,0.9999999999999997,0.9999999999999996,0.9999999999999997
20151009,0.9999999999999997,0.9999999999999997,0.9999999999999997,0.9999999999999996,0.9999999999999997
20151012,0.9999999999999997,0.9999999999999997,0.9999999999999997,0.9999999999999996,0.9999999999999997
20151013,0.9999999999999997,0.9999999999999997,0.9999999999999997,0.9999999999999996,0.9999999999999997
20151014,0.9999999999999997,0.9999999999999997,0.9999999999999997,0.9999999999999996,0.9999999999999997
20151015,0.9999999999999997,0.9999999999999997,0.9999999999999997,0.9999999999999996,0.9999999999999997
20151016,0.9999999999999997,0.9999999999999997,0.9999999999999997,0.9999999999999996,0.9999999999999997
20151019,0.9999999999999997,0.9999999999999997,0.9999999999999997,0.9999999999999996,0.9999999999999997
20151020,0.9999999999999997,0.9999999999999997,0.9999999999999997,0.9999999999999996,0.9999999999999997
20151021,0.9999999999999997,0.9999999999999997,0.9999999999999997,0.9999999999999996,0.9999999999999997
20151022,0.9999999999999997,0.9999999999999997,0.9999999999999997,0.9999999999999997,0.9999999999999997
20151023,0.9999999999999997,0.9999999999999997,0.9999999999999997,0.9999999999999997,0.9999999999999997
20151026,0.9999999999999997,0.9999999999999997,0.9999999999999997,0.9999999999999997,0.9999999999999997
20151027,0.9999999999999997,0.9999999999999997,0.9999999999999997,0.9999999999999997,0.9999999999999997
20151028,0.9999999999999997,0.9999999999999997,0.9999999999999997,0.9999999999999997,0.9999999999999997
20151029,0.9999999999999997,0.9999999999999997,0.9999999999999997,0.9999999999999997,0.9999999999999997
20151030,0.9999999999999997,0.9999999999999997,0.9999999999999997,0.9999999999999997,0.9999999999999997
20151102,0.9999999999999997,0.9999999999999997,0.9999999999999997,0.9999999999999997,0.9999999999999997
20151103,0.9999999999999997,0.9999999999999997,0.9999999999999997,0.9999999999999997,0.9999999999999997
20151104,0.9999999999999997,0.9999999999999997,0.9999999999999997,0.9999999999999997,0.9999999999999997
20151105,0.9999999999999997,0.9999999999999997,0.9999999999999997,0.9999999999999997,0.9999999999999997
20151106,0.9999999999999997,0.9999999999999997,0.9999999999999997,0.9999999999999997,0.9999999999999997
20151109,0.9999999999999997,0.9999999999999997,0.9999999999999997,0.9999999999999997,0.9999999999999997
20151110,0.9999999999999997,0.9999999999999997,0.9999999999999997,0.9999999999999997,0.9999999999999997
20151111,0.9999999999999997,0.9999999999999997,0.9999999999999997,0.9999999999999997,0.9999999999999997
20151112,0.9999999999999997,0.9999999999999997,0.9999999999999997,0.9999999999999997,0.9999999999999997
20151113,0.9999999999999997,0.9999999999999997,0.9999999999999997,0.9999999999999997,0.9999999999999997
20151116,0.9999999999999997,0.9999999999999997,0.9999999999999997,0.9999999999999997,0.9999999999999997
20151117,0.9999999999999997,0.9999999999999997,0.9999999999999997,0.9999999999999997,0.9999999999999997
20151118,0.9999999999999997,0.9999999999999997,0.9999999999999997,0.9999999999999997,0.9999999999999997
20151119,0.9999999999999997,0.9999999999999997,0.9999999999999997,0.9999999999999997,0.9999999999999997
20151120,0.9999999999999997,0.9999999999999997,0.9999999999999997,0.9999999999999997,0.9999999999999997
20151123,0.9999999999999997,0.9999999999999997,0.9999999999999997,0.9999999999999997,0.9999999999999997
20151124,0.9999999999999997,0.9999999999999997,0.9999999999999997,0.9999999999999997,0.9999999999999997
20151125,0.9999999999999997,0.9999999999999997,0.9999999999999997,0.9999999999999997,0.9999999999999997
20151126,0.9999999999999997,0.9999999999999997,0.9999999999999997,0.9999999999999997,0.9999999999999997
20151127,0.9999999999999997,0.9999999999999997,0.9999999999999997,0.9999999999999997,0.9999999999999997
20151130,0.9999999999999997,0.9999999999999997,0.9999999999999997,0.9999999999999997,0.9999999999999997
20151201,0.9999999999999997,0.9999999999999997,0.9999999999999997,0.9999999999999997,0.9999999999999997
20151202,0.9999999999999997,0.9999999999999997,0.9999999999999997,0.9999999999999997,0.9999999999999997
20151203,0.9999999999999997,0.9999999999999997,0.9999999999999997,0.9999999999999997,0.9999999999999997
20151204,0.9999999999999997,0.9999999999999997,0.9999999999999997,0.9999999999999997,0.9999999999999997
20151207,0.9999999999999997,0.9999999999999997,0.9999999999999997,0.9999999999999997,0.9999999999999997
20151208,0.9999999999999997,0.9999999999999997,0.9999999999999997,0.9999999999999997,0.9999999999999997
20151209,0.9999999999999997,0.9999999999999997,0.9999999999999997,0.9999999999999997,0.9999999999999997
20151210,0.9999999999999997,0.9999999999999997,0.9999999999999997,0.9999999999999997,0.9999999999999997
20151211,0.9999999999999997,0.9999999999999997,0.9999999999999997,0.9999999999999997,0.9999999999999997
20151214,0.9999999999999997,0.9999999999999997,0.9999999999999997,0.9999999999999997,0.9999999999999997
20151215,0.9999999999999997,0.9999999999999997,0.9999999999999997,0.9999999999999997,0.9999999999999997
20151216,0.9999999999999997,0.9999999999999997,0.9999999999999997,0.9999999999999997,0.9999999999999997
20151217,0.9999999999999997,0.9999999999999997,0.9999999999999997,0.9999999999999997,0.9999999999999997
20151218,0.9999999999999997,0.9999999999999997,0.9999999999999997,0.9999999999999997,0.9999999999999997
20151221,0.9999999999999997,0.9999999999999997,0.9999999999999997,0.9999999999999997,0.9999999999999997
20151222,0.9999999999999997,0.9999999999999997,0.9999999999999997,0.9999999999999997,0.9999999999999997
20151223,0.9999999999999997,0.9999999999999997,0.9999999999999997,0.9999999999999997,0.9999999999999997
20151224,0.9999999999999997,0.9999999999999997,0.9999999999999997,0.9999999999999997,0.9999999999999997
20151225,0.9999999999999997,0.9999999999999997,0.9999999999999997,0.9999999999999997,0.9999999999999997
20151228,0.9999999999999997,0.9999999999999997,0.9999999999999997,0.9999999999999997,0.9999999999999997
20151229,0.9999999999999997,0.9999999999999997,0.9999999999999997,0.9999999999999997,0.9999999999999997
20151230,0.9999999999999997,0.9999999999999997,0.9999999999999997,0.9999999999999997,0.9999999999999997
20151231,0.9999999999999997,0.9999999999999997,0.9999999999999997,0.9999999999999997,0.9999999999999997
20160104,0.9999999999999997,0.9999999999999997,0.9999999999999997,0.9999999999999997,0.9999999999999997
20160105,0.9999999999999997,0.9999999999999997,0.9999999999999997,0.9999999999999997,0.9999999999999997
20160106,0.9999999999999997,0.9999999999999997,0.9999999999999997,0.9999999999999997,0.9999999999999997
20160107,0.9999999999999997,0.9999999999999997,0.9999999999999997,0.9999999999999996,0.9999999999999997
20160108,0.9999999999999997,0.9999999999999997,0.9999999999999997,0.9999999999999996,0.9999999999999997
20160111,0.9999999999999997,0.9999999999999997,0.9999999999999997,0.9999999999999996,0.9999999999999997
20160112,0.9999999999999997,0.9999999999999997,0.9999999999999997,0.9999999999999996,0.9999999999999997
20160113,0.9999999999999997,0.9999999999999997,0.9999999999999997,0.9999999999999996,0.9999999999999997
20160114,0.9999999999999997,0.9999999999999997,0.9999999999999997,0.9999999999999996,0.9999999999999997
20160115,0.9999999999999997,0.9999999999999997,0.9999999999999997,0.9999999999999996,0.9999999999999997
20160118,0.9999999999999997,0.9999999999999997,0.9999999999999997,0.9999999999999996,0.9999999999999997
20160119,0.9999999999999997,0.9999999999999997,0.9999999999999997,0.9999999999999996,0.9999999999999997
20160120,0.9999999999999997,0.9999999999999997,0.9999999999999997,0.9999999999999996,0.9999999999999997
20160121,0.9999999999999997,0.9999999999999997,0.9999999999999997,0.9999999999999996,0.9999999999999997
20160122,0.9999999999999997,0.9999999999999997,0.9999999999999997,0.9999999999999996,0.9999999999999997
20160125,0.9999999999999997,0.9999999999999997,0.9999999999999997,0.9999999999999996,0.9999999999999997
20160126,0.9999999999999997,0.9999999999999997,0.9999999999999997,0.9999999999999996,0.9999999999999997
20160127,0.9999999999999997,0.9999999999999997,0.9999999999999997,0.9999999999999996,0.9999999999999997
20160128,0.9999999999999997,0.9999999999999997,0.9999999999999997,0.9999999999999996,0.9999999999999997
20160129,0.9999999999999997,0.9999999999999997,0.9999999999999997,0.9999999999999996,0.9999999999999997
20160201,0.9999999999999997,0.9999999999999997,0.9999999999999997,0.9999999999999996,0.9999999999999997
20160202,0.9999999999999997,0.9999999999999997,0.9999999999999997,0.9999999999999996,0.9999999999999997
20160203,0.9999999999999997,0.9999999999999997,0.9999999999999997,0.9999999999999993,0.9999999999999997
20160204,0.9999999999999997,0.9999999999999997,0.9999999999999997,0.9999999999999993,0.9999999999999997
20160205,0.9999999999999997,0.9999999999999997,0.9999999999999997,0.9999999999999993,0.9999999999999997
20160215,0.9999999999999997,0.9999999999999997,0.9999999999999997,0.9999999999999993,0.9999999999999997
20160216,0.9999999999999997,0.9999999999999997,0.9999999999999997,0.9999999999999993,0.9999999999999997
20160217,0.9999999999999997,0.9999999999999997,0.9999999999999997,0.9999999999999993,0.9999999999999997
20160218,0.9999999999999997,0.9999999999999997,0.9999999999999997,0.9999999999999993,0.9999999999999997
20160219,0.9999999999999997,0.9999999999999997,0.9999999999999997,0.9999999999999993,0.9999999999999997
20160222,0.9999999999999997,0.9999999999999997,0.9999999999999997,0.9999999999999993,0.9999999999999997
20160223,0.9999999999999997,0.9999999999999997,0.9999999999999997,0.9999999999999993,0.9999999999999997
20160224,0.9999999999999997,0.9999999999999997,0.9999999999999997,0.9999999999999993,0.9999999999999997
20160225,0.9999999999999997,0.9999999999999997,0.9999999999999997,0.9999999999999993,0.9999999999999997
20160226,0.9999999999999997,0.9999999999999997,0.9999999999999997,0.9999999999999993,0.9999999999999997
20160229,0.9999999999999997,0.9999999999999997,0.9999999999999997,0.9999999999999993,0.9999999999999997
20160301,0.9999999999999997,0.9999999999999997,0.9999999999999997,0.9999999999999993,0.9999999999999997
20160302,0.9999999999999997,0.9999999999999997,0.9999999999999997,0.9999999999999993,0.9999999999999997
20160303,0.9999999999999997,0.9999999999999997,0.9999999999999997,0.9999999999999993,0.9999999999999997
20160304,0.9999999999999997,0.9999999999999997,0.9999999999999997,0.9999999999999993,0.9999999999999997
20160307,0.9999999999999997,0.9999999999999997,0.9999999999999997,0.9999999999999993,0.9999999999999997
20160308,0.9999999999999997,0.9999999999999997,0.9999999999999997,0.9999999999999993,0.9999999999999997
20160309,0.9999999999999997,0.9999999999999997,0.9999999999999997,0.9999999999999993,0.9999999999999997
20160310,0.9999999999999997,0.9999999999999997,0.9999999999999997,0.9999999999999993,0.9999999999999997
20160311,0.9999999999999997,0.9999999999999997,0.9999999999999997,0.9999999999999993,0.9999999999999997
20160314,0.9999999999999997,0.9999999999999997,0.9999999999999997,0.9999999999999993,0.9999999999999997
20160315,0.9999999999999997,0.9999999999999997,0.9999999999999997,0.9999999999999993,0.9999999999999997
20160316,0.9999999999999997,0.9999999999999997,0.9999999999999997,0.9999999999999993,0.9999999999999997
20160317,0.9999999999999997,0.9999999999999997,0.9999999999999997,0.9999999999999993,0.9999999999999997
20160318,0.9999999999999997,0.9999999999999997,0.9999999999999997,0.9999999999999996,0.9999999999999997
20160321,0.9999999999999997,0.9999999999999997,0.9999999999999997,0.9999999999999996,0.9999999999999997
20160322,0.9999999999999997,0.9999999999999997,0.9999999999999997,0.9999999999999997,0.9999999999999997
20160323,0.9999999999999997,0.9999999999999997,0.9999999999999997,0.9999999999999997,0.9999999999999997
20160324,0.9999999999999997,0.9999999999999997,0.9999999999999997,0.9999999999999997,0.9999999999999997
20160325,0.9999999999999997,0.9999999999999997,0.9999999999999997,0.9999999999999997,0.9999999999999997
20160328,0.9999999999999997,0.9999999999999997,0.9999999999999997,0.9999999999999997,0.9999999999999997
20160329,0.9999999999999997,0.9999999999999997,0.9999999999999997,0.9999999999999997,0.9999999999999997
20160330,0.9999999999999997,0.9999999999999997,0.9999999999999997,0.9999999999999997,0.9999999999999997
20160331,0.9999999999999997,0.9999999999999997,0.9999999999999997,0.9999999999999997,0.9999999999999997
20160401,0.9999999999999997,0.9999999999999997,0.9999999999999997,0.9999999999999997,0.9999999999999997
20160405,0.9999999999999997,0.9999999999999997,0.9999999999999997,0.9999999999999997,0.9999999999999997
20160406,0.9999999999999997,0.9999999999999997,0.9999999999999997,0.9999999999999997,0.9999999999999997
20160407,0.9999999999999997,0.9999999999999997,0.9999999999999997,0.9999999999999997,0.9999999999999997
20160408,0.9999999999999997,0.9999999999999997,0.9999999999999997,0.9999999999999997,0.9999999999999997
20160411,0.9999999999999997,0.9999999999999997,0.9999999999999997,0.9999999999999997,0.9999999999999997
20160412,0.9999999999999997,0.9999999999999997,0.9999999999999997,0.9999999999999997,0.9999999999999997
20160413,0.9999999999999997,0.9999999999999997,0.9999999999999997,0.9999999999999997,0.9999999999999997
20160414,0.9999999999999997,0.9999999999999997,0.9999999999999997,0.9999999999999997,0.9999999999999997
20160415,0.9999999999999997,0.9999999999999997,0.9999999999999997,0.9999999999999997,0.9999999999999997
20160418,0.9999999999999997,0.9999999999999997,0.9999999999999997,0.9999999999999997,0.9999999999999997
20160419,0.9999999999999997,0.9999999999999997,0.9999999999999997,0.9999999999999997,0.9999999999999997
20160420,0.9999999999999997,0.9999999999999997,0.9999999999999997,0.9999999999999997,0.9999999999999997
20160421,0.9999999999999997,0.9999999999999997,0.9999999999999997,0.9999999999999997,0.9999999999999997
20160422,0.9999999999999997,0.9999999999999997,0.9999999999999997,0.9999999999999997,0.9999999999999997
20160425,0.9999999999999997,0.9999999999999997,0.9999999999999997,0.9999999999999997,0.9999999999999997
20160426,0.9999999999999997,0.9999999999999997,0.9999999999999997,0.9999999999999997,0.9999999999999997
20160427,0.9999999999999997,0.9999999999999997,0.9999999999999997,0.9999999999999997,0.9999999999999997
20160428,0.9999999999999997,0.9999999999999997,0.9999999999999997,0.9999999999999997,0.9999999999999997
20160429,0.9999999999999997,0.9999999999999997,0.9999999999999997,0.9999999999999997,0.9999999999999997
20160503,0.9999999999999997,0.9999999999999997,0.9999999999999997,0.9999999999999997,0.9999999999999997
20160504,0.9999999999999997,0.9999999999999997,0.9999999999999997,0.9999999999999997,0.9999999999999997
20160505,0.9999999999999997,0.9999999999999997,0.9999999999999997,0.9999999999999997,0.9999999999999997
20160506,0.9999999999999997,0.9999999999999997,0.9999999999999997,0.9999999999999997,0.9999999999999997
20160509,0.9999999999999997,0.9999999999999997,0.9999999999999997,0.9999999999999997,0.9999999999999997
20160510,0.9999999999999997,0.9999999999999997,0.9999999999999997,0.9999999999999997,0.9999999999999997
20160511,0.9999999999999997,0.9999999999999997,0.9999999999999997,0.9999999999999997,0.9999999999999997
20160512,0.9999999999999997,0.9999999999999997,0.9999999999999997,0.9999999999999997,0.9999999999999997
20160513,0.9999999999999997,0.9999999999999997,0.9999999999999997,0.9999999999999997,0.9999999999999997
20160516,0.9999999999999997,0.9999999999999997,0.9999999999999997,0.9999999999999997,0.9999999999999997
20160517,0.9999999999999997,0.9999999999999997,0.9999999999999997,0.9999999999999997,0.9999999999999997
20160518,0.9999999999999997,0.9999999999999997,0.9999999999999997,0.9999999999999997,0.9999999999999997
20160519,0.9999999999999997,0.9999999999999997,0.9999999999999997,0.9999999999999997,0.9999999999999997
20160520,0.9999999999999997,0.9999999999999997,0.9999999999999997,0.9999999999999997,0.9999999999999997
20160523,0.9999999999999997,0.9999999999999997,0.9999999999999997,0.9999999999999997,0.9999999999999997
20160524,0.9999999999999997,0.9999999999999997,0.9999999999999997,0.9999999999999997,0.9999999999999997
20160525,0.9999999999999997,0.9999999999999997,0.9999999999999997,0.9999999999999997,0.9999999999999997
20160526,0.9999999999999997,0.9999999999999997,0.9999999999999997,0.9999999999999997,0.9999999999999997
20160527,0.9999999999999997,0.9999999999999997,0.9999999999999997,0.9999999999999997,0.9999999999999997
20160530,0.9999999999999997,0.9999999999999997,0.9999999999999997,0.9999999999999997,0.9999999999999997
20160531,0.9999999999999997,0.9999999999999997,0.9999999999999997,0.9999999999999997,0.9999999999999997
20160601,0.9999999999999997,0.9999999999999997,0.9999999999999997,0.9999999999999997,0.9999999999999997
20160602,0.9999999999999997,0.9999999999999997,0.9999999999999997,0.9999999999999997,0.9999999999999997
20160603,0.9999999999999997,0.9999999999999997,0.9999999999999997,0.9999999999999997,0.9999999999999997
20160606,0.9999999999999997,0.9999999999999997,0.9999999999999997,0.9999999999999997,0.9999999999999997
20160607,0.9999999999999997,0.9999999999999997,0.9999999999999997,0.9999999999999997,0.9999999999999997
20160608,0.9999999999999997,0.9999999999999997,0.9999999999999997,0.9999999999999997,0.9999999999999997
20160613,0.9999999999999997,0.9999999999999997,0.9999999999999997,0.9999999999999997,0.9999999999999997
20160614,0.9999999999999997,0.9999999999999997,0.9999999999999997,0.9999999999999997,0.9999999999999997
20160615,0.9999999999999997,0.9999999999999997,0.9999999999999997,0.9999999999999997,0.9999999999999997
20160616,0.9999999999999997,0.9999999999999997,0.9999999999999997,0.9999999999999997,0.9999999999999997
20160617,0.9999999999999997,0.9999999999999997,0.9999999999999997,0.9999999999999997,0.9999999999999997
20160620,0.9999999999999997,0.9999999999999997,0.9999999999999997,0.9999999999999997,0.9999999999999997
20160621,0.9999999999999997,0.9999999999999997,0.9999999999999997,0.9999999999999997,0.9999999999999997
20160622,0.9999999999999997,0.9999999999999997,0.9999999999999997,0.9999999999999997,0.9999999999999997
20160623,0.9999999999999997,0.9999999999999997,0.9999999999999997,0.9999999999999997,0.9999999999999997
20160624,0.9999999999999997,0.9999999999999997,0.9999999999999997,0.9999999999999997,0.9999999999999997
20160627,0.9999999999999997,0.9999999999999997,0.9999999999999997,0.9999999999999997,0.9999999999999997
20160628,0.9999999999999997,0.9999999999999997,0.9999999999999997,0.9999999999999997,0.9999999999999997
20160629,0.9999999999999997,0.9999999999999997,0.9999999999999997,0.9999999999999997,0.9999999999999997
20160630,0.9999999999999997,0.9999999999999997,0.9999999999999997,0.9999999999999997,0.9999999999999997
20160701,0.9999999999999997,0.9999999999999997,0.9999999999999997,0.9999999999999997,0.9999999999999997
20160704,0.9999999999999997,0.9999999999999997,0.9999999999999997,0.9999999999999997,0.9999999999999997
20160705,0.9999999999999997,0.9999999999999997,0.9999999999999997,0.9999999999999997,0.9999999999999997
20160706,0.9999999999999997,0.9999999999999997,0.9999999999999997,0.9999999999999997,0.9999999999999997
20160707,0.9999999999999997,0.9999999999999997,0.9999999999999997,0.9999999999999997,0.9999999999999997
20160708,0.9999999999999997,0.9999999999999997,0.9999999999999997,0.9999999999999997,0.9999999999999997
20160711,0.9999999999999997,0.9999999999999997,0.9999999999999997,0.9999999999999997,0.9999999999999997
20160712,0.9999999999999997,0.9999999999999997,0.9999999999999997,0.9999999999999997,0.9999999999999997
20160713,0.9999999999999997,0.9999999999999997,0.9999999999999997,0.9999999999999997,0.9999999999999997
20160714,0.9999999999999997,0.9999999999999997,0.9999999999999997,0.9999999999999997,0.9999999999999997
20160715,0.9999999999999997,0.9999999999999997,0.9999999999999997,0.9999999999999997,0.9999999999999997
20160718,0.9999999999999997,0.9999999999999997,0.9999999999999997,0.9999999999999997,0.9999999999999997
20160719,0.9999999999999997,0.9999999999999997,0.9999999999999997,0.9999999999999997,0.9999999999999997
20160720,0.9999999999999997,0.9999999999999997,0.9999999999999997,0.9999999999999997,0.9999999999999997
20160721,0.9999999999999997,0.9999999999999997,0.9999999999999997,0.9999999999999997,0.9999999999999997
20160722,0.9999999999999997,0.9999999999999997,0.9999999999999997,0.9999999999999997,0.9999999999999997
20160725,0.9999999999999997,0.9999999999999997,0.9999999999999997,0.9999999999999997,0.9999999999999997
20160726,0.9999999999999997,0.9999999999999997,0.9999999999999997,0.9999999999999997,0.9999999999999997
20160727,0.9999999999999997,0.9999999999999997,0.9999999999999997,0.9999999999999997,0.9999999999999997
20160728,0.9999999999999997,0.9999999999999997,0.9999999999999997,0.9999999999999997,0.9999999999999997
20160729,0.9999999999999997,0.9999999999999997,0.9999999999999997,0.9999999999999997,0.9999999999999997
20160801,0.9999999999999997,0.9999999999999997,0.9999999999999997,0.9999999999999997,0.9999999999999997
20160802,0.9999999999999997,0.9999999999999997,0.9999999999999997,0.9999999999999997,0.9999999999999997
20160803,0.9999999999999997,0.9999999999999997,0.9999999999999997,0.9999999999999997,0.9999999999999997
20160804,0.9999999999999997,0.9999999999999997,0.9999999999999997,0.9999999999999997,0.9999999999999997
20160805,0.9999999999999997,0.9999999999999997,0.9999999999999997,0.9999999999999997,0.9999999999999997
20160808,0.9999999999999997,0.9999999999999997,0.9999999999999997,0.9999999999999997,0.9999999999999997
20160809,0.9999999999999997,0.9999999999999997,0.9999999999999997,0.9999999999999997,0.9999999999999997
20160810,0.9999999999999997,0.9999999999999997,0.9999999999999997,0.9999999999999997,0.9999999999999997
20160811,0.9999999999999997,0.9999999999999997,0.9999999999999997,0.9999999999999997,0.9999999999999997
20160812,0.9999999999999997,0.9999999999999997,0.9999999999999997,0.9999999999999997,0.9999999999999997
20160815,0.9999999999999997,0.9999999999999997,0.9999999999999997,0.9999999999999997,0.9999999999999997
20160816,0.9999999999999997,0.9999999999999997,0.9999999999999997,0.9999999999999997,0.9999999999999997
20160817,0.9999999999999997,0.9999999999999997,0.9999999999999997,0.9999999999999997,0.9999999999999997
20160818,0.9999999999999997,0.9999999999999997,0.9999999999999997,0.9999999999999997,0.9999999999999997
20160819,0.9999999999999997,0.9999999999999997,0.9999999999999997,0.9999999999999997,0.9999999999999997
20160822,0.9999999999999997,0.9999999999999997,0.9999999999999997,0.9999999999999997,0.9999999999999997
20160823,0.9999999999999997,0.9999999999999997,0.9999999999999997,0.9999999999999997,0.9999999999999997
20160824,0.9999999999999997,0.9999999999999997,0.9999999999999997,0.9999999999999997,0.9999999999999997
20160825,0.9999999999999997,0.9999999999999997,0.9999999999999997,0.9999999999999997,0.9999999999999997
20160826,0.9999999999999997,0.9999999999999997,0.9999999999999997,0.9999999999999997,0.9999999999999997
20160829,0.9999999999999997,0.9999999999999997,0.9999999999999997,0.9999999999999997,0.9999999999999997
20160830,0.9999999999999997,0.9999999999999997,0.9999999999999997,0.9999999999999997,0.9999999999999997
20160831,0.9999999999999997,0.9999999999999997,0.9999999999999997,0.9999999999999997,0.9999999999999997
20160901,0.9999999999999997,0.9999999999999997,0.9999999999999997,0.9999999999999997,0.9999999999999997
20160902,0.9999999999999997,0.9999999999999997,0.9999999999999997,0.9999999999999997,0.9999999999999997
20160905,0.9999999999999997,0.9999999999999997,0.9999999999999997,0.9999999999999997,0.9999999999999997
20160906,0.9999999999999997,0.9999999999999997,0.9999999999999997,0.9999999999999997,0.9999999999999997
20160907,0.9999999999999997,0.9999999999999997,0.9999999999999997,0.9999999999999997,0.9999999999999997
20160908,0.9999999999999997,0.9999999999999997,0.9999999999999997,0.9999999999999997,0.9999999999999997
20160909,0.9999999999999997,0.9999999999999997,0.9999999999999997,0.9999999999999997,0.9999999999999997
20160912,0.9999999999999997,0.9999999999999997,0.9999999999999997,0.9999999999999997,0.9999999999999997
20160913,0.9999999999999997,0.9999999999999997,0.9999999999999997,0.9999999999999997,0.9999999999999997
20160914,0.9999999999999997,0.9999999999999997,0.9999999999999997,0.9999999999999997,0.9999999999999997
20160919,0.9999999999999997,0.9999999999999997,0.9999999999999997,0.9999999999999997,0.9999999999999997
20160920,0.9999999999999997,0.9999999999999997,0.9999999999999997,0.9999999999999997,0.9999999999999997
20160921,0.9999999999999997,0.9999999999999997,0.9999999999999997,0.9999999999999997,0.9999999999999997
20160922,0.9999999999999997,0.9999999999999997,0.9999999999999997,0.9999999999999997,0.9999999999999997
20160923,0.9999999999999997,0.9999999999999997,0.9999999999999997,0.9999999999999997,0.9999999999999997
20160926,0.9999999999999997,0.9999999999999997,0.9999999999999997,0.9999999999999997,0.9999999999999997
20160927,0.9999999999999997,0.9999999999999997,0.9999999999999997,0.9999999999999997,0.9999999999999997
20160928,0.9999999999999997,0.9999999999999997,0.9999999999999997,0.9999999999999997,0.9999999999999997
20160929,0.9999999999999997,0.9999999999999997,0.9999999999999997,0.9999999999999997,0.9999999999999997
20160930,0.9999999999999997,0.9999999999999997,0.9999999999999997,0.9999999999999997,0.9999999999999997
20161010,0.9999999999999997,0.9999999999999997,0.9999999999999997,0.9999999999999997,0.9999999999999997
20161011,0.9999999999999997,0.9999999999999997,0.9999999999999997,0.9999999999999997,0.9999999999999997
20161012,0.9999999999999997,0.9999999999999997,0.9999999999999997,0.9999999999999997,0.9999999999999997
20161013,0.9999999999999997,0.9999999999999997,0.9999999999999997,0.9999999999999997,0.9999999999999997
20161014,0.9999999999999997,0.9999999999999997,0.9999999999999997,0.9999999999999997,0.9999999999999997
20161017,0.9999999999999997,0.9999999999999997,0.9999999999999997,0.9999999999999997,0.9999999999999997
20161018,0.9999999999999997,0.9999999999999997,0.9999999999999997,0.9999999999999997,0.9999999999999997
20161019,0.9999999999999997,0.9999999999999997,0.9999999999999997,0.9999999999999997,0.9999999999999997
20161020,0.9999999999999997,0.9999999999999997,0.9999999999999997,0.9999999999999997,0.9999999999999997
20161021,0.9999999999999997,0.9999999999999997,0.9999999999999997,0.9999999999999997,0.9999999999999997
20161024,0.9999999999999997,0.9999999999999997,0.9999999999999997,0.9999999999999997,0.9999999999999997
20161025,0.9999999999999997,0.9999999999999997,0.9999999999999997,0.9999999999999997,0.9999999999999997
20161026,0.9999999999999997,0.9999999999999997,0.9999999999999997,0.9999999999999997,0.9999999999999997
20161027,0.9999999999999997,0.9999999999999997,0.9999999999999997,0.9999999999999997,0.9999999999999997
20161028,0.9999999999999997,0.9999999999999997,0.9999999999999997,0.9999999999999997,0.9999999999999997
20161031,0.9999999999999997,0.9999999999999997,0.9999999999999997,0.9999999999999997,0.9999999999999997
20161101,0.9999999999999997,0.9999999999999997,0.9999999999999997,0.9999999999999997,0.9999999999999997
20161102,0.9999999999999997,0.9999999999999997,0.9999999999999997,0.9999999999999997,0.9999999999999997
20161103,0.9999999999999997,0.9999999999999997,0.9999999999999997,0.9999999999999997,0.9999999999999997
20161104,0.9999999999999997,0.9999999999999997,0.9999999999999997,0.9999999999999997,0.9999999999999997
20161107,0.9999999999999997,0.9999999999999997,0.9999999999999997,0.9999999999999997,0.9999999999999997
20161108,0.9999999999999997,0.9999999999999997,0.9999999999999997,0.9999999999999997,0.9999999999999997
20161109,0.9999999999999997,0.9999999999999997,0.9999999999999997,0.9999999999999997,0.9999999999999997
20161110,0.9999999999999997,0.9999999999999997,0.9999999999999997,0.9999999999999997,0.9999999999999997
20161111,0.9999999999999997,0.9999999999999997,0.9999999999999997,0.9999999999999997,0.9999999999999997
20161114,0.9999999999999997,0.9999999999999997,0.9999999999999997,0.9999999999999997,0.9999999999999997
20161115,0.9999999999999997,0.9999999999999997,0.9999999999999997,0.9999999999999997,0.9999999999999997
20161116,0.9999999999999997,0.9999999999999997,0.9999999999999997,0.9999999999999997,0.9999999999999997
20161117,0.9999999999999997,0.9999999999999997,0.9999999999999997,0.9999999999999997,0.9999999999999997
20161118,0.9999999999999997,0.9999999999999997,0.9999999999999997,0.9999999999999997,0.9999999999999997
20161121,0.9999999999999997,0.9999999999999997,0.9999999999999997,0.9999999999999997,0.9999999999999997
20161122,0.9999999999999997,0.9999999999999997,0.9999999999999997,0.9999999999999997,0.9999999999999997
20161123,0.9999999999999997,0.9999999999999997,0.9999999999999997,0.9999999999999997,0.9999999999999997
20161124,0.9999999999999997,0.9999999999999997,0.9999999999999997,0.9999999999999997,0.9999999999999997
20161125,0.9999999999999997,0.9999999999999997,0.9999999999999997,0.9999999999999997,0.9999999999999997
20161128,0.9999999999999997,0.9999999999999997,0.9999999999999997,0.9999999999999997,0.9999999999999997
20161129,0.9999999999999997,0.9999999999999997,0.9999999999999997,0.9999999999999997,0.9999999999999997
20161130,0.9999999999999997,0.9999999999999997,0.9999999999999997,0.9999999999999997,0.9999999999999997
20161201,0.9999999999999997,0.9999999999999997,0.9999999999999997,0.9999999999999997,0.9999999999999997
20161202,0.9999999999999997,0.9999999999999997,0.9999999999999997,0.9999999999999997,0.9999999999999997
20161205,0.9999999999999997,0.9999999999999997,0.9999999999999997,0.9999999999999997,0.9999999999999997
20161206,0.9999999999999997,0.9999999999999997,0.9999999999999997,0.9999999999999997,0.9999999999999997
20161207,0.9999999999999997,0.9999999999999997,0.9999999999999997,0.9999999999999997,0.9999999999999997
20161208,0.9999999999999997,0.9999999999999997,0.9999999999999997,0.9999999999999997,0.9999999999999997
20161209,0.9999999999999997,0.9999999999999997,0.9999999999999997,0.9999999999999997,0.9999999999999997
20161212,0.9999999999999997,0.9999999999999997,0.9999999999999997,0.9999999999999997,0.9999999999999997
20161213,0.9999999999999997,0.9999999999999997,0.9999999999999997,0.9999999999999997,0.9999999999999997
20161214,0.9999999999999997,0.9999999999999997,0.9999999999999997,0.9999999999999997,0.9999999999999997
20161215,0.9999999999999997,0.9999999999999997,0.9999999999999997,0.9999999999999997,0.9999999999999997
20161216,0.9999999999999997,0.9999999999999997,0.9999999999999997,0.9999999999999997,0.9999999999999997
20161219,0.9999999999999997,0.9999999999999997,0.9999999999999997,0.9999999999999997,0.9999999999999997
20161220,0.9999999999999997,0.9999999999999997,0.9999999999999997,0.9999999999999997,0.9999999999999997
20161221,0.9999999999999997,0.9999999999999997,0.9999999999999997,0.9999999999999997,0.9999999999999997
20161222,0.9999999999999997,0.9999999999999997,0.9999999999999997,0.9999999999999997,0.9999999999999997
20161223,0.9999999999999997,0.9999999999999997,0.9999999999999997,0.9999999999999997,0.9999999999999997
20161226,0.9999999999999997,0.9999999999999997,0.9999999999999997,0.9999999999999997,0.9999999999999997
20161227,0.9999999999999997,0.9999999999999997,0.9999999999999997,0.9999999999999997,0.9999999999999997
20161228,0.9999999999999997,0.9999999999999997,0.9999999999999997,0.9999999999999997,0.9999999999999997
20161229,0.9999999999999997,0.9999999999999997,0.9999999999999997,0.9999999999999997,0.9999999999999997
20161230,0.9999999999999997,0.9999999999999997,0.9999999999999997,0.9999999999999997,0.9999999999999997
20170103,0.9999999999999997,0.9999999999999997,0.9999999999999997,0.9999999999999997,0.9999999999999997
20170104,0.9999999999999997,0.9999999999999997,0.9999999999999997,0.9999999999999997,0.9999999999999997
20170105,0.9999999999999997,0.9999999999999997,0.9999999999999997,0.9999999999999997,0.9999999999999997
20170106,0.9999999999999997,0.9999999999999997,0.9999999999999997,0.9999999999999997,0.9999999999999997
20170109,0.9999999999999997,0.9999999999999997,0.9999999999999997,0.9999999999999997,0.9999999999999997
20170110,0.9999999999999997,0.9999999999999997,0.9999999999999997,0.9999999999999997,0.9999999999999997
20170111,0.9999999999999997,0.9999999999999997,0.9999999999999997,0.9999999999999997,0.9999999999999997
20170112,0.9999999999999997,0.9999999999999997,0.9999999999999997,0.9999999999999997,0.9999999999999997
20170113,0.9999999999999997,0.9999999999999997,0.9999999999999997,0.9999999999999997,0.9999999999999997
20170116,0.9999999999999997,0.9999999999999997,0.9999999999999997,0.9999999999999997,0.9999999999999997
20170117,0.9999999999999997,0.9999999999999997,0.9999999999999997,0.9999999999999997,0.9999999999999997
20170118,0.9999999999999997,0.9999999999999997,0.9999999999999997,0.9999999999999997,0.9999999999999997
20170119,0.9999999999999997,0.9999999999999997,0.9999999999999997,0.9999999999999997,0.9999999999999997
20170120,0.9999999999999997,0.9999999999999997,0.9999999999999997,0.9999999999999997,0.9999999999999997
20170123,0.9999999999999997,0.9999999999999997,0.9999999999999997,0.9999999999999997,0.9999999999999997
20170124,0.9999999999999997,0.9999999999999997,0.9999999999999997,0.9999999999999997,0.9999999999999997
20170125,0.9999999999999997,0.9999999999999997,0.9999999999999997,0.9999999999999997,0.9999999999999997
20170126,0.9999999999999997,0.9999999999999997,0.9999999999999997,0.9999999999999997,0.9999999999999997
20170203,0.9999999999999997,0.9999999999999997,0.9999999999999997,0.9999999999999997,0.9999999999999997
20170206,0.9999999999999997,0.9999999999999997,0.9999999999999997,0.9999999999999997,0.9999999999999997
20170207,0.9999999999999997,0.9999999999999997,0.9999999999999997,0.9999999999999997,0.9999999999999997
20170208,0.9999999999999997,0.9999999999999997,0.9999999999999997,0.9999999999999997,0.9999999999999997
20170209,0.9999999999999997,0.9999999999999997,0.9999999999999997,0.9999999999999997,0.9999999999999997
20170210,0.9999999999999997,0.9999999999999997,0.9999999999999997,0.9999999999999997,0.9999999999999997
20170213,0.9999999999999997,0.9999999999999997,0.9999999999999997,0.9999999999999997,0.9999999999999997
20170214,0.9999999999999997,0.9999999999999997,0.9999999999999997,0.9999999999999997,0.9999999999999997
20170215,0.9999999999999997,0.9999999999999997,0.9999999999999997,0.9999999999999997,0.9999999999999997
20170216,0.9999999999999997,0.9999999999999997,0.9999999999999997,0.9999999999999997,0.9999999999999997
20170217,0.9999999999999997,0.9999999999999997,0.9999999999999997,0.9999999999999997,0.9999999999999997
20170220,0.9999999999999997,0.9999999999999997,0.9999999999999997,0.9999999999999997,0.9999999999999997
20170221,0.9999999999999997,0.9999999999999997,0.9999999999999997,0.9999999999999997,0.9999999999999997
20170222,0.9999999999999997,0.9999999999999997,0.9999999999999997,0.9999999999999997,0.9999999999999997
20170223,0.9999999999999997,0.9999999999999997,0.9999999999999997,0.9999999999999997,0.9999999999999997
20170224,0.9999999999999997,0.9999999999999997,0.9999999999999997,0.9999999999999997,0.9999999999999997
20170227,0.9999999999999997,0.9999999999999997,0.9999999999999997,0.9999999999999997,0.9999999999999997
20170228,0.9999999999999997,0.9999999999999997,0.9999999999999997,0.9999999999999997,0.9999999999999997
20170301,0.9999999999999997,0.9999999999999997,0.9999999999999997,0.9999999999999997,0.9999999999999997
20170302,0.9999999999999997,0.9999999999999997,0.9999999999999997,0.9999999999999997,0.9999999999999997
20170303,0.9999999999999997,0.9999999999999997,0.9999999999999997,0.9999999999999997,0.9999999999999997
20170306,0.9999999999999997,0.9999999999999997,0.9999999999999997,0.9999999999999997,0.9999999999999997
20170307,0.9999999999999997,0.9999999999999997,0.9999999999999997,0.9999999999999997,0.9999999999999997
20170308,0.9999999999999997,0.9999999999999997,0.9999999999999997,0.9999999999999997,0.9999999999999997
20170309,0.9999999999999997,0.9999999999999997,0.9999999999999997,0.9999999999999997,0.9999999999999997
20170310,0.9999999999999997,0.9999999999999997,0.9999999999999997,0.9999999999999997,0.9999999999999997
20170313,0.9999999999999997,0.9999999999999997,0.9999999999999997,0.9999999999999997,0.9999999999999997
20170314,0.9999999999999997,0.9999999999999997,0.9999999999999997,0.9999999999999997,0.9999999999999997
20170315,0.9999999999999997,0.9999999999999997,0.9999999999999997,0.9999999999999997,0.9999999999999997
20170316,0.9999999999999997,0.9999999999999997,0.9999999999999997,0.9999999999999997,0.9999999999999997
20170317,0.9999999999999997,0.9999999999999997,0.9999999999999997,0.9999999999999997,0.9999999999999997
20170320,0.9999999999999997,0.9999999999999997,0.9999999999999997,0.9999999999999997,0.9999999999999997
20170321,0.9999999999999997,0.9999999999999997,0.9999999999999997,0.9999999999999997,0.9999999999999997
20170322,0.9999999999999997,0.9999999999999997,0.9999999999999997,0.9999999999999997,0.9999999999999997
20170323,0.9999999999999997,0.9999999999999997,0.9999999999999997,0.9999999999999997,0.9999999999999997
20170324,0.9999999999999997,0.9999999999999997,0.9999999999999997,0.9999999999999997,0.9999999999999997
20170327,0.9999999999999997,0.9999999999999997,0.9999999999999997,0.9999999999999997,0.9999999999999997
20170328,0.9999999999999997,0.9999999999999997,0.9999999999999997,0.9999999999999997,0.9999999999999997
20170329,0.9999999999999997,0.9999999999999997,0.9999999999999997,0.9999999999999997,0.9999999999999997
20170330,0.9999999999999997,0.9999999999999997,0.9999999999999997,0.9999999999999997,0.9999999999999997
20170331,0.9999999999999997,0.9999999999999997,0.9999999999999997,0.9999999999999997,0.9999999999999997
20170405,0.9999999999999997,0.9999999999999997,0.9999999999999997,0.9999999999999997,0.9999999999999997
20170406,0.9999999999999997,0.9999999999999997,0.9999999999999997,0.9999999999999997,0.9999999999999997
20170407,0.9999999999999997,0.9999999999999997,0.9999999999999997,0.9999999999999997,0.9999999999999997
20170410,0.9999999999999997,0.9999999999999997,0.9999999999999997,0.9999999999999997,0.9999999999999997
20170411,0.9999999999999997,0.9999999999999997,0.9999999999999997,0.9999999999999997,0.9999999999999997
20170412,0.9999999999999997,0.9999999999999997,0.9999999999999997,0.9999999999999997,0.9999999999999997
20170413,0.9999999999999997,0.9999999999999997,0.9999999999999997,0.9999999999999997,0.9999999999999997
20170414,0.9999999999999997,0.9999999999999997,0.9999999999999997,0.9999999999999997,0.9999999999999997
20170417,0.9999999999999997,0.9999999999999997,0.9999999999999997,0.9999999999999997,0.9999999999999997
20170418,0.9999999999999997,0.9999999999999997,0.9999999999999997,0.9999999999999997,0.9999999999999997
20170419,0.9999999999999997,0.9999999999999997,0.9999999999999997,0.9999999999999997,0.9999999999999997
20170420,0.9999999999999997,0.9999999999999997,0.9999999999999997,0.9999999999999997,0.9999999999999997
20170421,0.9999999999999997,0.9999999999999997,0.9999999999999997,0.9999999999999997,0.9999999999999997
20170424,0.9999999999999997,0.9999999999999997,0.9999999999999997,0.9999999999999997,0.9999999999999997
20170425,0.9999999999999997,0.9999999999999997,0.9999999999999997,0.9999999999999997,0.9999999999999997
20170426,0.9999999999999997,0.9999999999999997,0.9999999999999997,0.9999999999999997,0.9999999999999997
20170427,0.9999999999999997,0.9999999999999997,0.9999999999999997,0.9999999999999997,0.9999999999999997
20170428,0.9999999999999997,0.9999999999999997,0.9999999999999997,0.9999999999999997,0.9999999999999997
20170502,0.9999999999999997,0.9999999999999997,0.9999999999999997,0.9999999999999997,0.9999999999999997
20170503,0.9999999999999997,0.9999999999999997,0.9999999999999997,0.9999999999999997,0.9999999999999997
20170504,0.9999999999999997,0.9999999999999997,0.9999999999999997,0.9999999999999997,0.9999999999999997
20170505,0.9999999999999997,0.9999999999999997,0.9999999999999997,0.9999999999999997,0.9999999999999997
20170508,0.9999999999999997,0.9999999999999997,0.9999999999999997,0.9999999999999997,0.9999999999999997
20170509,0.9999999999999997,0.9999999999999997,0.9999999999999997,0.9999999999999997,0.9999999999999997
20170510,0.9999999999999997,0.9999999999999997,0.9999999999999997,0.9999999999999997,0.9999999999999997
20170511,0.9999999999999997,0.9999999999999997,0.9999999999999997,0.9999999999999997,0.9999999999999997
20170512,0.9999999999999997,0.9999999999999997,0.9999999999999997,0.9999999999999997,0.9999999999999997
20170515,0.9999999999999997,0.9999999999999997,0.9999999999999997,0.9999999999999997,0.9999999999999997
20170516,0.9999999999999997,0.9999999999999997,0.9999999999999997,0.9999999999999997,0.9999999999999997
20170517,0.9999999999999997,0.9999999999999997,0.9999999999999997,0.9999999999999997,0.9999999999999997
20170518,0.9999999999999997,0.9999999999999997,0.9999999999999997,0.9999999999999997,0.9999999999999997
20170519,0.9999999999999997,0.9999999999999997,0.9999999999999997,0.9999999999999997,0.9999999999999997
20170522,0.9999999999999997,0.9999999999999997,0.9999999999999997,0.9999999999999997,0.9999999999999997
20170523,0.9999999999999997,0.9999999999999997,0.9999999999999997,0.9999999999999997,0.9999999999999997
20170524,0.9999999999999997,0.9999999999999997,0.9999999999999997,0.9999999999999997,0.9999999999999997
20170525,0.9999999999999997,0.9999999999999997,0.9999999999999997,0.9999999999999997,0.9999999999999997
20170526,0.9999999999999997,0.9999999999999997,0.9999999999999997,0.9999999999999997,0.9999999999999997
20170531,0.9999999999999997,0.9999999999999997,0.9999999999999997,0.9999999999999997,0.9999999999999997
20170601,0.9999999999999997,0.9999999999999997,0.9999999999999997,0.9999999999999997,0.9999999999999997
20170602,0.9999999999999997,0.9999999999999997,0.9999999999999997,0.9999999999999997,0.9999999999999997
20170605,0.9999999999999997,0.9999999999999997,0.9999999999999997,0.9999999999999997,0.9999999999999997
20170606,0.9999999999999997,0.9999999999999997,0.9999999999999997,0.9999999999999997,0.9999999999999997
20170607,0.9999999999999997,0.9999999999999997,0.9999999999999997,0.9999999999999997,0.9999999999999997
20170608,0.9999999999999997,0.9999999999999997,0.9999999999999997,0.9999999999999997,0.9999999999999997
20170609,0.9999999999999997,0.9999999999999997,0.9999999999999997,0.9999999999999997,0.9999999999999997
20170612,0.9999999999999997,0.9999999999999997,0.9999999999999997,0.9999999999999997,0.9999999999999997
20170613,0.9999999999999997,0.9999999999999997,0.9999999999999997,0.9999999999999997,0.9999999999999997
20170614,0.9999999999999997,0.9999999999999997,0.9999999999999997,0.9999999999999997,0.9999999999999997
20170615,0.9999999999999997,0.9999999999999997,0.9999999999999997,0.9999999999999997,0.9999999999999997
20170616,0.9999999999999997,0.9999999999999997,0.9999999999999997,0.9999999999999997,0.9999999999999997
20170619,0.9999999999999997,0.9999999999999997,0.9999999999999997,0.9999999999999997,0.9999999999999997
20170620,0.9999999999999997,0.9999999999999997,0.9999999999999997,0.9999999999999997,0.9999999999999997
20170621,0.9999999999999997,0.9999999999999997,0.9999999999999997,0.9999999999999997,0.9999999999999997
20170622,0.9999999999999997,0.9999999999999997,0.9999999999999997,0.9999999999999997,0.9999999999999997
20170623,0.9999999999999997,0.9999999999999997,0.9999999999999997,0.9999999999999997,0.9999999999999997
20170626,0.9999999999999997,0.9999999999999997,0.9999999999999997,0.9999999999999997,0.9999999999999997
20170627,0.9999999999999997,0.9999999999999997,0.9999999999999997,0.9999999999999997,0.9999999999999997
20170628,0.9999999999999997,0.9999999999999997,0.9999999999999997,0.9999999999999997,0.9999999999999997
20170629,0.9999999999999997,0.9999999999999997,0.9999999999999997,0.9999999999999997,0.9999999999999997
20170630,0.9999999999999997,0.9999999999999997,0.9999999999999997,0.9999999999999997,0.9999999999999997
20170703,0.9999999999999997,0.9999999999999997,0.9999999999999997,0.9999999999999997,0.9999999999999997
20170704,0.9999999999999997,0.9999999999999997,0.9999999999999997,0.9999999999999997,0.9999999999999997
20170705,0.9999999999999997,0.9999999999999997,0.9999999999999997,0.9999999999999997,0.9999999999999997
20170706,0.9999999999999997,0.9999999999999997,0.9999999999999997,0.9999999999999997,0.9999999999999997
20170707,0.9999999999999997,0.9999999999999997,0.9999999999999997,0.9999999999999997,0.9999999999999997
20170710,0.9999999999999997,0.9999999999999997,0.9999999999999997,0.9999999999999997,0.9999999999999997
20170711,0.9999999999999997,0.9999999999999997,0.9999999999999997,0.9999999999999997,0.9999999999999997
20170712,0.9999999999999997,0.9999999999999997,0.9999999999999997,0.9999999999999997,0.9999999999999997
20170713,0.9999999999999997,0.9999999999999997,0.9999999999999997,0.9999999999999997,0.9999999999999997
20170714,0.9999999999999997,0.9999999999999997,0.9999999999999997,0.9999999999999997,0.9999999999999997
20170717,0.9999999999999997,0.9999999999999997,0.9999999999999997,0.9999999999999997,0.9999999999999997
20170718,0.9999999999999997,0.9999999999999997,0.9999999999999997,0.9999999999999997,0.9999999999999997
20170719,0.9999999999999997,0.9999999999999997,0.9999999999999997,0.9999999999999997,0.9999999999999997
20170720,0.9999999999999997,0.9999999999999997,0.9999999999999997,0.9999999999999997,0.9999999999999997
20170721,0.9999999999999997,0.9999999999999997,0.9999999999999997,0.9999999999999997,0.9999999999999997
20170724,0.9999999999999997,0.9999999999999997,0.9999999999999997,0.9999999999999997,0.9999999999999997
20170725,0.9999999999999997,0.9999999999999997,0.9999999999999997,0.9999999999999997,0.9999999999999997
20170726,0.9999999999999997,0.9999999999999997,0.9999999999999997,0.9999999999999997,0.9999999999999997
20170727,0.9999999999999997,0.9999999999999997,0.9999999999999997,0.9999999999999997,0.9999999999999997
20170728,0.9999999999999997,0.9999999999999997,0.9999999999999997,0.9999999999999997,0.9999999999999997
20170731,0.9999999999999997,0.9999999999999997,0.9999999999999997,0.9999999999999997,0.9999999999999997
20170801,0.9999999999999997,0.9999999999999997,0.9999999999999997,0.9999999999999997,0.9999999999999997
20170802,0.9999999999999997,0.9999999999999997,0.9999999999999997,0.9999999999999997,0.9999999999999997
20170803,0.9999999999999997,0.9999999999999997,0.9999999999999997,0.9999999999999997,0.9999999999999997
20170804,0.9999999999999997,0.9999999999999997,0.9999999999999997,0.9999999999999997,0.9999999999999997
20170807,0.9999999999999997,0.9999999999999997,0.9999999999999997,0.9999999999999997,0.9999999999999997
20170808,0.9999999999999997,0.9999999999999997,0.9999999999999997,0.9999999999999997,0.9999999999999997
20170809,0.9999999999999997,0.9999999999999997,0.9999999999999997,0.9999999999999997,0.9999999999999997
20170810,0.9999999999999997,0.9999999999999997,0.9999999999999997,0.9999999999999997,0.9999999999999997
20170811,0.9999999999999997,0.9999999999999997,0.9999999999999997,0.9999999999999997,0.9999999999999997
20170814,0.9999999999999997,0.9999999999999997,0.9999999999999997,0.9999999999999997,0.9999999999999997
20170815,0.9999999999999997,0.9999999999999997,0.9999999999999997,0.9999999999999997,0.9999999999999997
20170816,0.9999999999999997,0.9999999999999997,0.9999999999999997,0.9999999999999997,0.9999999999999997
20170817,0.9999999999999997,0.9999999999999997,0.9999999999999997,0.9999999999999997,0.9999999999999997
20170818,0.9999999999999997,0.9999999999999997,0.9999999999999997,0.9999999999999997,0.9999999999999997
20170821,0.9999999999999997,0.9999999999999997,0.9999999999999997,0.9999999999999997,0.9999999999999997
20170822,0.9999999999999997,0.9999999999999997,0.9999999999999997,0.9999999999999997,0.9999999999999997
20170823,0.9999999999999997,0.9999999999999997,0.9999999999999997,0.9999999999999997,0.9999999999999997
20170824,0.9999999999999997,0.9999999999999997,0.9999999999999997,0.9999999999999997,0.9999999999999997
20170825,0.9999999999999997,0.9999999999999997,0.9999999999999997,0.9999999999999997,0.9999999999999997
20170828,0.9999999999999997,0.9999999999999997,0.9999999999999997,0.9999999999999997,0.9999999999999997
20170829,0.9999999999999997,0.9999999999999997,0.9999999999999997,0.9999999999999997,0.9999999999999997
20170830,0.9999999999999997,0.9999999999999997,0.9999999999999997,0.9999999999999997,0.9999999999999997
20170831,0.9999999999999997,0.9999999999999997,0.9999999999999997,0.9999999999999997,0.9999999999999997
20170901,0.9999999999999997,0.9999999999999997,0.9999999999999997,0.9999999999999997,0.9999999999999997
20170904,0.9999999999999997,0.9999999999999997,0.9999999999999997,0.9999999999999997,0.9999999999999997
20170905,0.9999999999999997,0.9999999999999997,0.9999999999999997,0.9999999999999997,0.9999999999999997
20170906,0.9999999999999997,0.9999999999999997,0.9999999999999997,0.9999999999999997,0.9999999999999997
20170907,0.9999999999999997,0.9999999999999997,0.9999999999999997,0.9999999999999997,0.9999999999999997
20170908,0.9999999999999997,0.9999999999999997,0.9999999999999997,0.9999999999999997,0.9999999999999997
20170911,0.9999999999999997,0.9999999999999997,0.9999999999999997,0.9999999999999997,0.9999999999999997
20170912,0.9999999999999997,0.9999999999999997,0.9999999999999997,0.9999999999999997,0.9999999999999997
20170913,0.9999999999999997,0.9999999999999997,0.9999999999999997,0.9999999999999997,0.9999999999999997
20170914,0.9999999999999997,0.9999999999999997,0.9999999999999997,0.9999999999999997,0.9999999999999997
20170915,0.9999999999999997,0.9999999999999997,0.9999999999999997,0.9999999999999997,0.9999999999999997
20170918,0.9999999999999997,0.9999999999999997,0.9999999999999997,0.9999999999999997,0.9999999999999997
20170919,0.9999999999999997,0.9999999999999997,0.9999999999999997,0.9999999999999997,0.9999999999999997
20170920,0.9999999999999997,0.9999999999999997,0.9999999999999997,0.9999999999999997,0.9999999999999997
20170921,0.9999999999999997,0.9999999999999997,0.9999999999999997,0.9999999999999997,0.9999999999999997
20170922,0.9999999999999997,0.9999999999999997,0.9999999999999997,0.9999999999999997,0.9999999999999997
20170925,0.9999999999999997,0.9999999999999997,0.9999999999999997,0.9999999999999997,0.9999999999999997
20170926,0.9999999999999997,0.9999999999999997,0.9999999999999997,0.9999999999999997,0.9999999999999997
20170927,0.9999999999999997,0.9999999999999997,0.9999999999999997,0.9999999999999997,0.9999999999999997
20170928,0.9999999999999997,0.9999999999999997,0.9999999999999997,0.9999999999999997,0.9999999999999997
20170929,0.9999999999999997,0.9999999999999997,0.9999999999999997,0.9999999999999997,0.9999999999999997
20171009,0.9999999999999997,0.9999999999999997,0.9999999999999997,0.9999999999999997,0.9999999999999997
20171010,0.9999999999999997,0.9999999999999997,0.9999999999999997,0.9999999999999997,0.9999999999999997
20171011,0.9999999999999997,0.9999999999999997,0.9999999999999997,0.9999999999999997,0.9999999999999997
20171012,0.9999999999999997,0.9999999999999997,0.9999999999999997,0.9999999999999997,0.9999999999999997
20171013,0.9999999999999997,0.9999999999999997,0.9999999999999997,0.9999999999999997,0.9999999999999997
20171016,0.9999999999999997,0.9999999999999997,0.9999999999999997,0.9999999999999997,0.9999999999999997
20171017,0.9999999999999997,0.9999999999999997,0.9999999999999997,0.9999999999999997,0.9999999999999997
20171018,0.9999999999999997,0.9999999999999997,0.9999999999999997,0.9999999999999997,0.9999999999999997
20171019,0.9999999999999997,0.9999999999999997,0.9999999999999997,0.9999999999999997,0.9999999999999997
20171020,0.9999999999999997,0.9999999999999997,0.9999999999999997,0.9999999999999997,0.9999999999999997
20171023,0.9999999999999997,0.9999999999999997,0.9999999999999997,0.9999999999999997,0.9999999999999997
20171024,0.9999999999999997,0.9999999999999997,0.9999999999999997,0.9999999999999997,0.9999999999999997
20171025,0.9999999999999997,0.9999999999999997,0.9999999999999997,0.9999999999999997,0.9999999999999997
20171026,0.9999999999999997,0.9999999999999997,0.9999999999999997,0.9999999999999997,0.9999999999999997
20171027,0.9999999999999997,0.9999999999999997,0.9999999999999997,0.9999999999999997,0.9999999999999997
20171030,0.9999999999999997,0.9999999999999997,0.9999999999999997,0.9999999999999997,0.9999999999999997
20171031,0.9999999999999997,0.9999999999999997,0.9999999999999997,0.9999999999999997,0.9999999999999997
20171101,0.9999999999999997,0.9999999999999997,0.9999999999999997,0.9999999999999997,0.9999999999999997
20171102,0.9999999999999997,0.9999999999999997,0.9999999999999997,0.9999999999999997,0.9999999999999997
20171103,0.9999999999999997,0.9999999999999997,0.9999999999999997,0.9999999999999997,0.9999999999999997
20171106,0.9999999999999997,0.9999999999999997,0.9999999999999997,0.9999999999999997,0.9999999999999997
20171107,0.9999999999999997,0.9999999999999997,0.9999999999999997,0.9999999999999997,0.9999999999999997
20171108,0.9999999999999997,0.9999999999999997,0.9999999999999997,0.9999999999999997,0.9999999999999997
20171109,0.9999999999999997,0.9999999999999997,0.9999999999999997,0.9999999999999997,0.9999999999999997
20171110,0.9999999999999997,0.9999999999999997,0.9999999999999997,0.9999999999999997,0.9999999999999997
20171113,0.9999999999999997,0.9999999999999997,0.9999999999999997,0.9999999999999997,0.9999999999999997
20171114,0.9999999999999997,0.9999999999999997,0.9999999999999997,0.9999999999999997,0.9999999999999997
20171115,0.9999999999999997,0.9999999999999997,0.9999999999999997,0.9999999999999997,0.9999999999999997
20171116,0.9999999999999997,0.9999999999999997,0.9999999999999997,0.9999999999999997,0.9999999999999997
20171117,0.9999999999999997,0.9999999999999997,0.9999999999999997,0.9999999999999997,0.9999999999999997
20171120,0.9999999999999997,0.9999999999999997,0.9999999999999997,0.9999999999999997,0.9999999999999997
20171121,0.9999999999999997,0.9999999999999997,0.9999999999999997,0.9999999999999997,0.9999999999999997
20171122,0.9999999999999997,0.9999999999999997,0.9999999999999997,0.9999999999999997,0.9999999999999997
20171123,0.9999999999999997,0.9999999999999997,0.9999999999999997,0.9999999999999997,0.9999999999999997
20171124,0.9999999999999997,0.9999999999999997,0.9999999999999997,0.9999999999999997,0.9999999999999997
20171127,0.9999999999999997,0.9999999999999997,0.9999999999999997,0.9999999999999997,0.9999999999999997
20171128,0.9999999999999997,0.9999999999999997,0.9999999999999997,0.9999999999999997,0.9999999999999997
20171129,0.9999999999999997,0.9999999999999997,0.9999999999999997,0.9999999999999997,0.9999999999999997
20171130,0.9999999999999997,0.9999999999999997,0.9999999999999997,0.9999999999999997,0.9999999999999997
20171201,0.9999999999999997,0.9999999999999997,0.9999999999999997,0.9999999999999997,0.9999999999999997
20171204,0.9999999999999997,0.9999999999999997,0.9999999999999997,0.9999999999999997,0.9999999999999997
20171205,0.9999999999999997,0.9999999999999997,0.9999999999999997,0.9999999999999997,0.9999999999999997
20171206,0.9999999999999997,0.9999999999999997,0.9999999999999997,0.9999999999999997,0.9999999999999997
20171207,0.9999999999999997,0.9999999999999997,0.9999999999999997,0.9999999999999997,0.9999999999999997
20171208,0.9999999999999997,0.9999999999999997,0.9999999999999997,0.9999999999999997,0.9999999999999997
20171211,0.9999999999999997,0.9999999999999997,0.9999999999999997,0.9999999999999997,0.9999999999999997
20171212,0.9999999999999997,0.9999999999999997,0.9999999999999997,0.9999999999999997,0.9999999999999997
20171213,0.9999999999999997,0.9999999999999997,0.9999999999999997,0.9999999999999997,0.9999999999999997
20171214,0.9999999999999997,0.9999999999999997,0.9999999999999997,0.9999999999999997,0.9999999999999997
20171215,0.9999999999999997,0.9999999999999997,0.9999999999999997,0.9999999999999997,0.9999999999999997
20171218,0.9999999999999997,0.9999999999999997,0.9999999999999997,0.9999999999999997,0.9999999999999997
20171219,0.9999999999999997,0.9999999999999997,0.9999999999999997,0.9999999999999997,0.9999999999999997
20171220,0.9999999999999997,0.9999999999999997,0.9999999999999997,0.9999999999999997,0.9999999999999997
20171221,0.9999999999999997,0.9999999999999997,0.9999999999999997,0.9999999999999997,0.9999999999999997
20171222,0.9999999999999997,0.9999999999999997,0.9999999999999997,0.9999999999999997,0.9999999999999997
20171225,0.9999999999999997,0.9999999999999997,0.9999999999999997,0.9999999999999997,0.9999999999999997
20171226,0.9999999999999997,0.9999999999999997,0.9999999999999997,0.9999999999999997,0.9999999999999997
20171227,0.9999999999999997,0.9999999999999997,0.9999999999999997,0.9999999999999997,0.9999999999999997
20171228,0.9999999999999997,0.9999999999999997,0.9999999999999997,0.9999999999999997,0.9999999999999997
20171229,0.9999999999999997,0.9999999999999997,0.9999999999999997,0.9999999999999997,0.9999999999999997
20180102,0.9999999999999997,0.9999999999999997,0.9999999999999997,0.9999999999999997,0.9999999999999997
20180103,0.9999999999999997,0.9999999999999997,0.9999999999999997,0.9999999999999997,0.9999999999999997
20180104,0.9999999999999997,0.9999999999999997,0.9999999999999997,0.9999999999999997,0.9999999999999997
20180105,0.9999999999999997,0.9999999999999997,0.9999999999999997,0.9999999999999997,0.9999999999999997
20180108,0.9999999999999997,0.9999999999999997,0.9999999999999997,0.9999999999999997,0.9999999999999997
20180109,0.9999999999999997,0.9999999999999997,0.9999999999999997,0.9999999999999997,0.9999999999999997
20180110,0.9999999999999997,0.9999999999999997,0.9999999999999997,0.9999999999999997,0.9999999999999997
20180111,0.9999999999999997,0.9999999999999997,0.9999999999999997,0.9999999999999997,0.9999999999999997
20180112,0.9999999999999997,0.9999999999999997,0.9999999999999997,0.9999999999999997,0.9999999999999997
20180115,0.9999999999999997,0.9999999999999997,0.9999999999999997,0.9999999999999997,0.9999999999999997
20180116,0.9999999999999997,0.9999999999999997,0.9999999999999997,0.9999999999999997,0.9999999999999997
20180117,0.9999999999999997,0.9999999999999997,0.9999999999999997,0.9999999999999997,0.9999999999999997
20180118,0.9999999999999997,0.9999999999999997,0.9999999999999997,0.9999999999999997,0.9999999999999997
20180119,0.9999999999999997,0.9999999999999997,0.9999999999999997,0.9999999999999997,0.9999999999999997
20180122,0.9999999999999997,0.9999999999999997,0.9999999999999997,0.9999999999999997,0.9999999999999997
20180123,0.9999999999999997,0.9999999999999997,0.9999999999999997,0.9999999999999997,0.9999999999999997
20180124,0.9999999999999997,0.9999999999999997,0.9999999999999997,0.9999999999999997,0.9999999999999997
20180125,0.9999999999999997,0.9999999999999997,0.9999999999999997,0.9999999999999997,0.9999999999999997
20180126,0.9999999999999997,0.9999999999999997,0.9999999999999997,0.9999999999999997,0.9999999999999997
20180129,0.9999999999999997,0.9999999999999997,0.9999999999999997,0.9999999999999997,0.9999999999999997
20180130,0.9999999999999997,0.9999999999999997,0.9999999999999997,0.9999999999999997,0.9999999999999997
20180131,0.9999999999999997,0.9999999999999997,0.9999999999999997,0.9999999999999997,0.9999999999999997
20180201,0.9999999999999997,0.9999999999999997,0.9999999999999997,0.9999999999999997,0.9999999999999997
20180202,0.9999999999999997,0.9999999999999997,0.9999999999999997,0.9999999999999997,0.9999999999999997
20180205,0.9999999999999997,0.9999999999999997,0.9999999999999997,0.9999999999999997,0.9999999999999997
20180206,0.9999999999999997,0.9999999999999997,0.9999999999999997,0.9999999999999997,0.9999999999999997
20180207,0.9999999999999997,0.9999999999999997,0.9999999999999997,0.9999999999999997,0.9999999999999997
20180208,0.9999999999999997,0.9999999999999997,0.9999999999999997,0.9999999999999997,0.9999999999999997
20180209,0.9999999999999997,0.9999999999999997,0.9999999999999997,0.9999999999999997,0.9999999999999997
20180212,0.9999999999999997,0.9999999999999997,0.9999999999999997,0.9999999999999997,0.9999999999999997
20180213,0.9999999999999997,0.9999999999999997,0.9999999999999997,0.9999999999999997,0.9999999999999997
20180214,0.9999999999999997,0.9999999999999997,0.9999999999999997,0.9999999999999997,0.9999999999999997
20180222,0.9999999999999997,0.9999999999999997,0.9999999999999997,0.9999999999999997,0.9999999999999997
20180223,0.9999999999999997,0.9999999999999997,0.9999999999999997,0.9999999999999997,0.9999999999999997
20180226,0.9999999999999997,0.9999999999999997,0.9999999999999997,0.9999999999999997,0.9999999999999997
20180227,0.9999999999999997,0.9999999999999997,0.9999999999999997,0.9999999999999997,0.9999999999999997
20180228,0.9999999999999997,0.9999999999999997,0.9999999999999997,0.9999999999999997,0.9999999999999997
20180301,0.9999999999999997,0.9999999999999997,0.9999999999999997,0.9999999999999997,0.9999999999999997
20180302,0.9999999999999997,0.9999999999999997,0.9999999999999997,0.9999999999999997,0.9999999999999997
20180305,0.9999999999999997,0.9999999999999997,0.9999999999999997,0.9999999999999997,0.9999999999999997
20180306,0.9999999999999997,0.9999999999999997,0.9999999999999997,0.9999999999999997,0.9999999999999997
20180307,0.9999999999999997,0.9999999999999997,0.9999999999999997,0.9999999999999997,0.9999999999999997
20180308,0.9999999999999997,0.9999999999999997,0.9999999999999997,0.9999999999999997,0.9999999999999997
20180309,0.9999999999999997,0.9999999999999997,0.9999999999999997,0.9999999999999997,0.9999999999999997
20180312,0.9999999999999997,0.9999999999999997,0.9999999999999997,0.9999999999999997,0.9999999999999997
20180313,0.9999999999999997,0.9999999999999997,0.9999999999999997,0.9999999999999997,0.9999999999999997
20180314,0.9999999999999997,0.9999999999999997,0.9999999999999997,0.9999999999999997,0.9999999999999997
20180315,0.9999999999999997,0.9999999999999997,0.9999999999999997,0.9999999999999997,0.9999999999999997
20180316,0.9999999999999997,0.9999999999999997,0.9999999999999997,0.9999999999999997,0.9999999999999997
20180319,0.9999999999999997,0.9999999999999997,0.9999999999999997,0.9999999999999997,0.9999999999999997
20180320,0.9999999999999997,0.9999999999999997,0.9999999999999997,0.9999999999999997,0.9999999999999997
20180321,0.9999999999999997,0.9999999999999997,0.9999999999999997,0.9999999999999997,0.9999999999999997
20180322,0.9999999999999997,0.9999999999999997,0.9999999999999997,0.9999999999999997,0.9999999999999997
20180323,0.9999999999999997,0.9999999999999997,0.9999999999999997,0.9999999999999997,0.9999999999999997
20180326,0.9999999999999997,0.9999999999999997,0.9999999999999997,0.9999999999999997,0.9999999999999997
20180327,0.9999999999999997,0.9999999999999997,0.9999999999999997,0.9999999999999997,0.9999999999999997
20180328,0.9999999999999997,0.9999999999999997,0.9999999999999997,0.9999999999999997,0.9999999999999997
20180329,0.9999999999999997,0.9999999999999997,0.9999999999999997,0.9999999999999997,0.9999999999999997
20180330,0.9999999999999997,0.9999999999999997,0.9999999999999997,0.9999999999999997,0.9999999999999997
20180402,0.9999999999999997,0.9999999999999997,0.9999999999999997,0.9999999999999997,0.9999999999999997
20180403,0.9999999999999997,0.9999999999999997,0.9999999999999997,0.9999999999999997,0.9999999999999997
20180404,0.9999999999999997,0.9999999999999997,0.9999999999999997,0.9999999999999997,0.9999999999999997
20180409,0.9999999999999997,0.9999999999999997,0.9999999999999997,0.9999999999999997,0.9999999999999997
20180410,0.9999999999999997,0.9999999999999997,0.9999999999999997,0.9999999999999997,0.9999999999999997
20180411,0.9999999999999997,0.9999999999999997,0.9999999999999997,0.9999999999999997,0.9999999999999997
20180412,0.9999999999999997,0.9999999999999997,0.9999999999999997,0.9999999999999997,0.9999999999999997
20180413,0.9999999999999997,0.9999999999999997,0.9999999999999997,0.9999999999999997,0.9999999999999997
20180416,0.9999999999999997,0.9999999999999997,0.9999999999999997,0.9999999999999997,0.9999999999999997
20180417,0.9999999999999997,0.9999999999999997,0.9999999999999997,0.9999999999999997,0.9999999999999997
20180418,0.9999999999999997,0.9999999999999997,0.9999999999999997,0.9999999999999997,0.9999999999999997
20180419,0.9999999999999997,0.9999999999999997,0.9999999999999997,0.9999999999999997,0.9999999999999997
20180420,0.9999999999999997,0.9999999999999997,0.9999999999999997,0.9999999999999997,0.9999999999999997
20180423,0.9999999999999997,0.9999999999999997,0.9999999999999997,0.9999999999999997,0.9999999999999997
20180424,0.9999999999999997,0.9999999999999997,0.9999999999999997,0.9999999999999997,0.9999999999999997
20180425,0.9999999999999997,0.9999999999999997,0.9999999999999997,0.9999999999999997,0.9999999999999997
20180426,0.9999999999999997,0.9999999999999997,0.9999999999999997,0.9999999999999997,0.9999999999999997
20180427,0.9999999999999997,0.9999999999999997,0.9999999999999997,0.9999999999999997,0.9999999999999997
20180502,0.9999999999999997,0.9999999999999997,0.9999999999999997,0.9999999999999997,0.9999999999999997
20180503,0.9999999999999997,0.9999999999999997,0.9999999999999997,0.9999999999999997,0.9999999999999997
20180504,0.9999999999999997,0.9999999999999997,0.9999999999999997,0.9999999999999997,0.9999999999999997
20180507,0.9999999999999997,0.9999999999999997,0.9999999999999997,0.9999999999999997,0.9999999999999997
20180508,0.9999999999999997,0.9999999999999997,0.9999999999999997,0.9999999999999997,0.9999999999999997
20180509,0.9999999999999997,0.9999999999999997,0.9999999999999997,0.9999999999999997,0.9999999999999997
20180510,0.9999999999999997,0.9999999999999997,0.9999999999999997,0.9999999999999997,0.9999999999999997
20180511,0.9999999999999997,0.9999999999999997,0.9999999999999997,0.9999999999999997,0.9999999999999997
20180514,0.9999999999999997,0.9999999999999997,0.9999999999999997,0.9999999999999997,0.9999999999999997
20180515,0.9999999999999997,0.9999999999999997,0.9999999999999997,0.9999999999999997,0.9999999999999997
20180516,0.9999999999999997,0.9999999999999997,0.9999999999999997,0.9999999999999997,0.9999999999999997
20180517,0.9999999999999997,0.9999999999999997,0.9999999999999997,0.9999999999999997,0.9999999999999997
20180518,0.9999999999999997,0.9999999999999997,0.9999999999999997,0.9999999999999997,0.9999999999999997
20180521,0.9999999999999997,0.9999999999999997,0.9999999999999997,0.9999999999999997,0.9999999999999997
20180522,0.9999999999999997,0.9999999999999997,0.9999999999999997,0.9999999999999997,0.9999999999999997
20180523,0.9999999999999997,0.9999999999999997,0.9999999999999997,0.9999999999999997,0.9999999999999997
20180524,0.9999999999999997,0.9999999999999997,0.9999999999999997,0.9999999999999997,0.9999999999999997
20180525,0.9999999999999997,0.9999999999999997,0.9999999999999997,0.9999999999999997,0.9999999999999997
20180528,0.9999999999999997,0.9999999999999997,0.9999999999999997,0.9999999999999997,0.9999999999999997
20180529,0.9999999999999997,0.9999999999999997,0.9999999999999997,0.9999999999999997,0.9999999999999997
20180530,0.9999999999999997,0.9999999999999997,0.9999999999999997,0.9999999999999997,0.9999999999999997
20180531,0.9999999999999997,0.9999999999999997,0.9999999999999997,0.9999999999999997,0.9999999999999997
20180601,0.9999999999999997,0.9999999999999997,0.9999999999999997,0.9999999999999997,0.9999999999999997
20180604,0.9999999999999997,0.9999999999999997,0.9999999999999997,0.9999999999999997,0.9999999999999997
20180605,0.9999999999999997,0.9999999999999997,0.9999999999999997,0.9999999999999997,0.9999999999999997
20180606,0.9999999999999997,0.9999999999999997,0.9999999999999997,0.9999999999999997,0.9999999999999997
20180607,0.9999999999999997,0.9999999999999997,0.9999999999999997,0.9999999999999997,0.9999999999999997
20180608,0.9999999999999997,0.9999999999999997,0.9999999999999997,0.9999999999999997,0.9999999999999997
20180611,0.9999999999999997,0.9999999999999997,0.9999999999999997,0.9999999999999997,0.9999999999999997
20180612,0.9999999999999997,0.9999999999999997,0.9999999999999997,0.9999999999999997,0.9999999999999997
20180613,0.9999999999999997,0.9999999999999997,0.9999999999999997,0.9999999999999997,0.9999999999999997
20180614,0.9999999999999997,0.9999999999999997,0.9999999999999997,0.9999999999999997,0.9999999999999997
20180615,0.9999999999999997,0.9999999999999997,0.9999999999999997,0.9999999999999997,0.9999999999999997
20180619,0.9999999999999997,0.9999999999999997,0.9999999999999997,0.9999999999999997,0.9999999999999997
20180620,0.9999999999999997,0.9999999999999997,0.9999999999999997,0.9999999999999997,0.9999999999999997
20180621,0.9999999999999997,0.9999999999999997,0.9999999999999997,0.9999999999999997,0.9999999999999997
20180622,0.9999999999999997,0.9999999999999997,0.9999999999999997,0.9999999999999997,0.9999999999999997
20180625,0.9999999999999997,0.9999999999999997,0.9999999999999997,0.9999999999999997,0.9999999999999997
20180626,0.9999999999999997,0.9999999999999997,0.9999999999999997,0.9999999999999997,0.9999999999999997
20180627,0.9999999999999997,0.9999999999999997,0.9999999999999997,0.9999999999999997,0.9999999999999997
20180628,0.9999999999999997,0.9999999999999997,0.9999999999999997,0.9999999999999997,0.9999999999999997
20180629,0.9999999999999997,0.9999999999999997,0.9999999999999997,0.9999999999999997,0.9999999999999997
20180702,0.9999999999999997,0.9999999999999997,0.9999999999999997,0.9999999999999997,0.9999999999999997
20180703,0.9999999999999997,0.9999999999999997,0.9999999999999997,0.9999999999999997,0.9999999999999997
20180704,0.9999999999999997,0.9999999999999997,0.9999999999999997,0.9999999999999997,0.9999999999999997
20180705,0.9999999999999997,0.9999999999999997,0.9999999999999997,0.9999999999999997,0.9999999999999997
20180706,0.9999999999999997,0.9999999999999997,0.9999999999999997,0.9999999999999997,0.9999999999999997
20180709,0.9999999999999997,0.9999999999999997,0.9999999999999997,0.9999999999999997,0.9999999999999997
20180710,0.9999999999999997,0.9999999999999997,0.9999999999999997,0.9999999999999997,0.9999999999999997
20180711,0.9999999999999997,0.9999999999999997,0.9999999999999997,0.9999999999999997,0.9999999999999997
20180712,0.9999999999999997,0.9999999999999997,0.9999999999999997,0.9999999999999997,0.9999999999999997
20180713,0.9999999999999997,0.9999999999999997,0.9999999999999997,0.9999999999999997,0.9999999999999997
20180716,0.9999999999999997,0.9999999999999997,0.9999999999999997,0.9999999999999997,0.9999999999999997
20180717,0.9999999999999997,0.9999999999999997,0.9999999999999997,0.9999999999999997,0.9999999999999997
20180718,0.9999999999999997,0.9999999999999997,0.9999999999999997,0.9999999999999997,0.9999999999999997
20180719,0.9999999999999997,0.9999999999999997,0.9999999999999997,0.9999999999999997,0.9999999999999997
20180720,0.9999999999999997,0.9999999999999997,0.9999999999999997,0.9999999999999997,0.9999999999999997
20180723,0.9999999999999997,0.9999999999999997,0.9999999999999997,0.9999999999999997,0.9999999999999997
20180724,0.9999999999999997,0.9999999999999997,0.9999999999999997,0.9999999999999997,0.9999999999999997
20180725,0.9999999999999997,0.9999999999999997,0.9999999999999997,0.9999999999999997,0.9999999999999997
20180726,0.9999999999999997,0.9999999999999997,0.9999999999999997,0.9999999999999997,0.9999999999999997
20180727,0.9999999999999997,0.9999999999999997,0.9999999999999997,0.9999999999999997,0.9999999999999997
20180730,0.9999999999999997,0.9999999999999997,0.9999999999999997,0.9999999999999997,0.9999999999999997
20180731,0.9999999999999997,0.9999999999999997,0.9999999999999997,0.9999999999999997,0.9999999999999997
20180801,0.9999999999999997,0.9999999999999997,0.9999999999999997,0.9999999999999997,0.9999999999999997
20180802,0.9999999999999997,0.9999999999999997,0.9999999999999997,0.9999999999999997,0.9999999999999997
20180803,0.9999999999999997,0.9999999999999997,0.9999999999999997,0.9999999999999997,0.9999999999999997
20180806,0.9999999999999997,0.9999999999999997,0.9999999999999997,0.9999999999999997,0.9999999999999997
20180807,0.9999999999999997,0.9999999999999997,0.9999999999999997,0.9999999999999997,0.9999999999999997
20180808,0.9999999999999997,0.9999999999999997,0.9999999999999997,0.9999999999999997,0.9999999999999997
20180809,0.9999999999999997,0.9999999999999997,0.9999999999999997,0.9999999999999997,0.9999999999999997
20180810,0.9999999999999997,0.9999999999999997,0.9999999999999997,0.9999999999999997,0.9999999999999997
20180813,0.9999999999999997,0.9999999999999997,0.9999999999999997,0.9999999999999997,0.9999999999999997
20180814,0.9999999999999997,0.9999999999999997,0.9999999999999997,0.9999999999999997,0.9999999999999997
20180815,0.9999999999999997,0.9999999999999997,0.9999999999999997,0.9999999999999997,0.9999999999999997
20180816,0.9999999999999997,0.9999999999999997,0.9999999999999997,0.9999999999999997,0.9999999999999997
20180817,0.9999999999999997,0.9999999999999997,0.9999999999999997,0.9999999999999997,0.9999999999999997
20180820,0.9999999999999997,0.9999999999999997,0.9999999999999997,0.9999999999999997,0.9999999999999997
20180821,0.9999999999999997,0.9999999999999997,0.9999999999999997,0.9999999999999997,0.9999999999999997
20180822,0.9999999999999997,0.9999999999999997,0.9999999999999997,0.9999999999999997,0.9999999999999997
20180823,0.9999999999999997,0.9999999999999997,0.9999999999999997,0.9999999999999997,0.9999999999999997
20180824,0.9999999999999997,0.9999999999999997,0.9999999999999997,0.9999999999999997,0.9999999999999997
20180827,0.9999999999999997,0.9999999999999997,0.9999999999999997,0.9999999999999997,0.9999999999999997
20180828,0.9999999999999997,0.9999999999999997,0.9999999999999997,0.9999999999999997,0.9999999999999997
20180829,0.9999999999999997,0.9999999999999997,0.9999999999999997,0.9999999999999997,0.9999999999999997
20180830,0.9999999999999997,0.9999999999999997,0.9999999999999997,0.9999999999999997,0.9999999999999997
20180831,0.9999999999999997,0.9999999999999997,0.9999999999999997,0.9999999999999997,0.9999999999999997
20180903,0.9999999999999997,0.9999999999999997,0.9999999999999997,0.9999999999999997,0.9999999999999997
20180904,0.9999999999999997,0.9999999999999997,0.9999999999999997,0.9999999999999997,0.9999999999999997
20180905,0.9999999999999997,0.9999999999999997,0.9999999999999997,0.9999999999999997,0.9999999999999997
20180906,0.9999999999999997,0.9999999999999997,0.9999999999999997,0.9999999999999997,0.9999999999999997
20180907,0.9999999999999997,0.9999999999999997,0.9999999999999997,0.9999999999999997,0.9999999999999997
20180910,0.9999999999999997,0.9999999999999997,0.9999999999999997,0.9999999999999997,0.9999999999999997
20180911,0.9999999999999997,0.9999999999999997,0.9999999999999997,0.9999999999999997,0.9999999999999997
20180912,0.9999999999999997,0.9999999999999997,0.9999999999999997,0.9999999999999997,0.9999999999999997
20180913,0.9999999999999997,0.9999999999999997,0.9999999999999997,0.9999999999999997,0.9999999999999997
20180914,0.9999999999999997,0.9999999999999997,0.9999999999999997,0.9999999999999997,0.9999999999999997
20180917,0.9999999999999997,0.9999999999999997,0.9999999999999997,0.9999999999999997,0.9999999999999997
20180918,0.9999999999999997,0.9999999999999997,0.9999999999999997,0.9999999999999997,0.9999999999999997
20180919,0.9999999999999997,0.9999999999999997,0.9999999999999997,0.9999999999999997,0.9999999999999997
20180920,0.9999999999999997,0.9999999999999997,0.9999999999999997,0.9999999999999997,0.9999999999999997
20180921,0.9999999999999997,0.9999999999999997,0.9999999999999997,0.9999999999999997,0.9999999999999997
20180925,0.9999999999999997,0.9999999999999997,0.9999999999999997,0.9999999999999997,0.9999999999999997
20180926,0.9999999999999997,0.9999999999999997,0.9999999999999997,0.9999999999999997,0.9999999999999997
20180927,0.9999999999999997,0.9999999999999997,0.9999999999999997,0.9999999999999997,0.9999999999999997
20180928,0.9999999999999997,0.9999999999999997,0.9999999999999997,0.9999999999999997,0.9999999999999997
20181008,0.9999999999999997,0.9999999999999997,0.9999999999999997,0.9999999999999997,0.9999999999999997
20181009,0.9999999999999997,0.9999999999999997,0.9999999999999997,0.9999999999999997,0.9999999999999997
20181010,0.9999999999999997,0.9999999999999997,0.9999999999999997,0.9999999999999997,0.9999999999999997
20181011,0.9999999999999997,0.9999999999999997,0.9999999999999997,0.9999999999999997,0.9999999999999997
20181012,0.9999999999999997,0.9999999999999997,0.9999999999999997,0.9999999999999997,0.9999999999999997
20181015,0.9999999999999997,0.9999999999999997,0.9999999999999997,0.9999999999999997,0.9999999999999997
20181016,0.9999999999999997,0.9999999999999997,0.9999999999999997,0.9999999999999997,0.9999999999999997
20181017,0.9999999999999997,0.9999999999999997,0.9999999999999997,0.9999999999999997,0.9999999999999997
20181018,0.9999999999999997,0.9999999999999997,0.9999999999999997,0.9999999999999997,0.9999999999999997
20181019,0.9999999999999997,0.9999999999999997,0.9999999999999997,0.9999999999999997,0.9999999999999997
20181022,0.9999999999999997,0.9999999999999997,0.9999999999999997,0.9999999999999997,0.9999999999999997
20181023,0.9999999999999997,0.9999999999999997,0.9999999999999997,0.9999999999999997,0.9999999999999997
20181024,0.9999999999999997,0.9999999999999997,0.9999999999999997,0.9999999999999997,0.9999999999999997
20181025,0.9999999999999997,0.9999999999999997,0.9999999999999997,0.9999999999999997,0.9999999999999997
20181026,0.9999999999999997,0.9999999999999997,0.9999999999999997,0.9999999999999997,0.9999999999999997
20181029,0.9999999999999997,0.9999999999999997,0.9999999999999997,0.9999999999999997,0.9999999999999997
20181030,0.9999999999999997,0.9999999999999997,0.9999999999999997,0.9999999999999997,0.9999999999999997
20181031,0.9999999999999997,0.9999999999999997,0.9999999999999997,0.9999999999999997,0.9999999999999997
20181101,0.9999999999999997,0.9999999999999997,0.9999999999999997,0.9999999999999997,0.9999999999999997
20181102,0.9999999999999997,0.9999999999999997,0.9999999999999997,0.9999999999999997,0.9999999999999997
20181105,0.9999999999999997,0.9999999999999997,0.9999999999999997,0.9999999999999997,0.9999999999999997
20181106,0.9999999999999997,0.9999999999999997,0.9999999999999997,0.9999999999999997,0.9999999999999997
20181107,0.9999999999999997,0.9999999999999997,0.9999999999999997,0.9999999999999997,0.9999999999999997
20181108,0.9999999999999997,0.9999999999999997,0.9999999999999997,0.9999999999999997,0.9999999999999997
20181109,0.9999999999999997,0.9999999999999997,0.9999999999999997,0.9999999999999997,0.9999999999999997
20181112,0.9999999999999997,0.9999999999999997,0.9999999999999997,0.9999999999999997,0.9999999999999997
20181113,0.9999999999999997,0.9999999999999997,0.9999999999999997,0.9999999999999997,0.9999999999999997
20181114,0.9999999999999997,0.9999999999999997,0.9999999999999997,0.9999999999999997,0.9999999999999997
20181115,0.9999999999999997,0.9999999999999997,0.9999999999999997,0.9999999999999997,0.9999999999999997
20181116,0.9999999999999997,0.9999999999999997,0.9999999999999997,0.9999999999999997,0.9999999999999997
20181119,0.9999999999999997,0.9999999999999997,0.9999999999999997,0.9999999999999997,0.9999999999999997
20181120,0.9999999999999997,0.9999999999999997,0.9999999999999997,0.9999999999999997,0.9999999999999997
20181121,0.9999999999999997,0.9999999999999997,0.9999999999999997,0.9999999999999997,0.9999999999999997
20181122,0.9999999999999997,0.9999999999999997,0.9999999999999997,0.9999999999999997,0.9999999999999997
20181123,0.9999999999999997,0.9999999999999997,0.9999999999999997,0.9999999999999997,0.9999999999999997
20181126,0.9999999999999997,0.9999999999999997,0.9999999999999997,0.9999999999999997,0.9999999999999997
20181127,0.9999999999999997,0.9999999999999997,0.9999999999999997,0.9999999999999997,0.9999999999999997
20181128,0.9999999999999997,0.9999999999999997,0.9999999999999997,0.9999999999999997,0.9999999999999997
20181129,0.9999999999999997,0.9999999999999997,0.9999999999999997,0.9999999999999997,0.9999999999999997
20181130,0.9999999999999997,0.9999999999999997,0.9999999999999997,0.9999999999999997,0.9999999999999997
20181203,0.9999999999999997,0.9999999999999997,0.9999999999999997,0.9999999999999997,0.9999999999999997
20181204,0.9999999999999997,0.9999999999999997,0.9999999999999997,0.9999999999999997,0.9999999999999997
20181205,0.9999999999999997,0.9999999999999997,0.9999999999999997,0.9999999999999997,0.9999999999999997
20181206,0.9999999999999997,0.9999999999999997,0.9999999999999997,0.9999999999999997,0.9999999999999997
20181207,0.9999999999999997,0.9999999999999997,0.9999999999999997,0.9999999999999997,0.9999999999999997
20181210,0.9999999999999997,0.9999999999999997,0.9999999999999997,0.9999999999999997,0.9999999999999997
20181211,0.9999999999999997,0.9999999999999997,0.9999999999999997,0.9999999999999997,0.9999999999999997
20181212,0.9999999999999997,0.9999999999999997,0.9999999999999997,0.9999999999999997,0.9999999999999997
20181213,0.9999999999999997,0.9999999999999997,0.9999999999999997,0.9999999999999997,0.9999999999999997
20181214,0.9999999999999997,0.9999999999999997,0.9999999999999997,0.9999999999999997,0.9999999999999997
20181217,0.9999999999999997,0.9999999999999997,0.9999999999999997,0.9999999999999997,0.9999999999999997
20181218,0.9999999999999997,0.9999999999999997,0.9999999999999997,0.9999999999999997,0.9999999999999997
20181219,0.9999999999999997,0.9999999999999997,0.9999999999999997,0.9999999999999997,0.9999999999999997
20181220,0.9999999999999997,0.9999999999999997,0.9999999999999997,0.9999999999999997,0.9999999999999997
20181221,0.9999999999999997,0.9999999999999997,0.9999999999999997,0.9999999999999997,0.9999999999999997
20181224,0.9999999999999997,0.9999999999999997,0.9999999999999997,0.9999999999999997,0.9999999999999997
20181225,0.9999999999999997,0.9999999999999997,0.9999999999999997,0.9999999999999997,0.9999999999999997
20181226,0.9999999999999997,0.9999999999999997,0.9999999999999997,0.9999999999999997,0.9999999999999997
20181227,0.9999999999999997,0.9999999999999997,0.9999999999999997,0.9999999999999997,0.9999999999999997
20181228,0.9999999999999997,0.9999999999999997,0.9999999999999997,0.9999999999999997,0.9999999999999997
20190102,0.9999999999999997,0.9999999999999997,0.9999999999999997,0.9999999999999997,0.9999999999999997
20190103,0.9999999999999997,0.9999999999999997,0.9999999999999997,0.9999999999999997,0.9999999999999997
20190104,0.9999999999999997,0.9999999999999997,0.9999999999999997,0.9999999999999997,0.9999999999999997
20190107,0.9999999999999997,0.9999999999999997,0.9999999999999997,0.9999999999999997,0.9999999999999997
20190108,0.9999999999999997,0.9999999999999997,0.9999999999999997,0.9999999999999997,0.9999999999999997
20190109,0.9999999999999997,0.9999999999999997,0.9999999999999997,0.9999999999999997,0.9999999999999997
20190110,0.9999999999999997,0.9999999999999997,0.9999999999999997,0.9999999999999997,0.9999999999999997
20190111,0.9999999999999997,0.9999999999999997,0.9999999999999997,0.9999999999999997,0.9999999999999997
20190114,0.9999999999999997,0.9999999999999997,0.9999999999999997,0.9999999999999997,0.9999999999999997
20190115,0.9999999999999997,0.9999999999999997,0.9999999999999997,0.9999999999999997,0.9999999999999997
20190116,0.9999999999999997,0.9999999999999997,0.9999999999999997,0.9999999999999997,0.9999999999999997
20190117,0.9999999999999997,0.9999999999999997,0.9999999999999997,0.9999999999999997,0.9999999999999997
20190118,0.9999999999999997,0.9999999999999997,0.9999999999999997,0.9999999999999997,0.9999999999999997
20190121,0.9999999999999997,0.9999999999999997,0.9999999999999997,0.9999999999999997,0.9999999999999997
20190122,0.9999999999999997,0.9999999999999997,0.9999999999999997,0.9999999999999997,0.9999999999999997
20190123,0.9999999999999997,0.9999999999999997,0.9999999999999997,0.9999999999999997,0.9999999999999997
20190124,0.9999999999999997,0.9999999999999997,0.9999999999999997,0.9999999999999997,0.9999999999999997
20190125,0.9999999999999997,0.9999999999999997,0.9999999999999997,0.9999999999999997,0.9999999999999997
20190128,0.9999999999999997,0.9999999999999997,0.9999999999999997,0.9999999999999997,0.9999999999999997
20190129,0.9999999999999997,0.9999999999999997,0.9999999999999997,0.9999999999999997,0.9999999999999997
20190130,0.9999999999999997,0.9999999999999997,0.9999999999999997,0.9999999999999997,0.9999999999999997
20190131,0.9999999999999997,0.9999999999999997,0.9999999999999997,0.9999999999999997,0.9999999999999997
20190201,0.9999999999999997,0.9999999999999997,0.9999999999999997,0.9999999999999997,0.9999999999999997
20190211,0.9999999999999997,0.9999999999999997,0.9999999999999997,0.9999999999999997,0.9999999999999997
20190212,0.9999999999999997,0.9999999999999997,0.9999999999999997,0.9999999999999997,0.9999999999999997
20190213,0.9999999999999997,0.9999999999999997,0.9999999999999997,0.9999999999999997,0.9999999999999997
20190214,0.9999999999999997,0.9999999999999997,0.9999999999999997,0.9999999999999997,0.9999999999999997
20190215,0.9999999999999997,0.9999999999999997,0.9999999999999997,0.9999999999999997,0.9999999999999997
20190218,0.9999999999999997,0.9999999999999997,0.9999999999999997,0.9999999999999997,0.9999999999999997
20190219,0.9999999999999997,0.9999999999999997,0.9999999999999997,0.9999999999999997,0.9999999999999997
20190220,0.9999999999999997,0.9999999999999997,0.9999999999999997,0.9999999999999997,0.9999999999999997
20190221,0.9999999999999997,0.9999999999999997,0.9999999999999997,0.9999999999999997,0.9999999999999997
20190222,0.9999999999999997,0.9999999999999997,0.9999999999999997,0.9999999999999997,0.9999999999999997
20190225,0.9999999999999997,0.9999999999999997,0.9999999999999997,0.9999999999999997,0.9999999999999997
20190226,0.9999999999999997,0.9999999999999997,0.9999999999999997,0.9999999999999997,0.9999999999999997
20190227,0.9999999999999997,0.9999999999999997,0.9999999999999997,0.9999999999999997,0.9999999999999997
20190228,0.9999999999999997,0.9999999999999997,0.9999999999999997,0.9999999999999997,0.9999999999999997
20190301,0.9999999999999997,0.9999999999999997,0.9999999999999997,0.9999999999999997,0.9999999999999997
20190304,0.9999999999999997,0.9999999999999997,0.9999999999999997,0.9999999999999997,0.9999999999999997
20190305,0.9999999999999997,0.9999999999999997,0.9999999999999997,0.9999999999999997,0.9999999999999997
20190306,0.9999999999999997,0.9999999999999997,0.9999999999999997,0.9999999999999997,0.9999999999999997
20190307,0.9999999999999997,0.9999999999999997,0.9999999999999997,0.9999999999999997,0.9999999999999997
20190308,0.9999999999999997,0.9999999999999997,0.9999999999999997,0.9999999999999997,0.9999999999999997
20190311,0.9999999999999997,0.9999999999999997,0.9999999999999997,0.9999999999999997,0.9999999999999997
20190312,0.9999999999999997,0.9999999999999997,0.9999999999999997,0.9999999999999997,0.9999999999999997
20190313,0.9999999999999997,0.9999999999999997,0.9999999999999997,0.9999999999999997,0.9999999999999997
20190314,0.9999999999999997,0.9999999999999997,0.9999999999999997,0.9999999999999997,0.9999999999999997
20190315,0.9999999999999997,0.9999999999999997,0.9999999999999997,0.9999999999999997,0.9999999999999997
20190318,0.9999999999999997,0.9999999999999997,0.9999999999999997,0.9999999999999997,0.9999999999999997
20190319,0.9999999999999997,0.9999999999999997,0.9999999999999997,0.9999999999999997,0.9999999999999997
20190320,0.9999999999999997,0.9999999999999997,0.9999999999999997,0.9999999999999997,0.9999999999999997
20190321,0.9999999999999997,0.9999999999999997,0.9999999999999997,0.9999999999999997,0.9999999999999997
20190322,0.9999999999999997,0.9999999999999997,0.9999999999999997,0.9999999999999997,0.9999999999999997
20190325,0.9999999999999997,0.9999999999999997,0.9999999999999997,0.9999999999999997,0.9999999999999997
20190326,0.9999999999999997,0.9999999999999997,0.9999999999999997,0.9999999999999997,0.9999999999999997
20190327,0.9999999999999997,0.9999999999999997,0.9999999999999997,0.9999999999999997,0.9999999999999997
20190328,0.9999999999999997,0.9999999999999997,0.9999999999999997,0.9999999999999997,0.9999999999999997
20190329,0.9999999999999997,0.9999999999999997,0.9999999999999997,0.9999999999999997,0.9999999999999997
20190401,0.9999999999999997,0.9999999999999997,0.9999999999999997,0.9999999999999997,0.9999999999999997
20190402,0.9999999999999997,0.9999999999999997,0.9999999999999997,0.9999999999999997,0.9999999999999997
20190403,0.9999999999999997,0.9999999999999997,0.9999999999999997,0.9999999999999997,0.9999999999999997
20190404,0.9999999999999997,0.9999999999999997,0.9999999999999997,0.9999999999999997,0.9999999999999997
20190408,0.9999999999999997,0.9999999999999997,0.9999999999999997,0.9999999999999997,0.9999999999999997
20190409,0.9999999999999997,0.9999999999999997,0.9999999999999997,0.9999999999999997,0.9999999999999997
20190410,0.9999999999999997,0.9999999999999997,0.9999999999999997,0.9999999999999997,0.9999999999999997
20190411,0.9999999999999997,0.9999999999999997,0.9999999999999997,0.9999999999999997,0.9999999999999997
20190412,0.9999999999999997,0.9999999999999997,0.9999999999999997,0.9999999999999997,0.9999999999999997
20190415,0.9999999999999997,0.9999999999999997,0.9999999999999997,0.9999999999999997,0.9999999999999997
20190416,0.9999999999999997,0.9999999999999997,0.9999999999999997,0.9999999999999997,0.9999999999999997
20190417,0.9999999999999997,0.9999999999999997,0.9999999999999997,0.9999999999999997,0.9999999999999997
20190418,0.9999999999999997,0.9999999999999997,0.9999999999999997,0.9999999999999997,0.9999999999999997
20190419,0.9999999999999997,0.9999999999999997,0.9999999999999997,0.9999999999999997,0.9999999999999997
20190422,0.9999999999999997,0.9999999999999997,0.9999999999999997,0.9999999999999997,0.9999999999999997
20190423,0.9999999999999997,0.9999999999999997,0.9999999999999997,0.9999999999999997,0.9999999999999997
20190424,0.9999999999999997,0.9999999999999997,0.9999999999999997,0.9999999999999997,0.9999999999999997
20190425,0.9999999999999997,0.9999999999999997,0.9999999999999997,0.9999999999999997,0.9999999999999997
20190426,0.9999999999999997,0.9999999999999997,0.9999999999999997,0.9999999999999997,0.9999999999999997
20190429,0.9999999999999997,0.9999999999999997,0.9999999999999997,0.9999999999999997,0.9999999999999997
20190430,0.9999999999999997,0.9999999999999997,0.9999999999999997,0.9999999999999997,0.9999999999999997
20190506,0.9999999999999997,0.9999999999999997,0.9999999999999997,0.9999999999999997,0.9999999999999997
20190507,0.9999999999999997,0.9999999999999997,0.9999999999999997,0.9999999999999997,0.9999999999999997
20190508,0.9999999999999997,0.9999999999999997,0.9999999999999997,0.9999999999999997,0.9999999999999997
20190509,0.9999999999999997,0.9999999999999997,0.9999999999999997,0.9999999999999997,0.9999999999999997
20190510,0.9999999999999997,0.9999999999999997,0.9999999999999997,0.9999999999999997,0.9999999999999997
20190513,0.9999999999999997,0.9999999999999997,0.9999999999999997,0.9999999999999997,0.9999999999999997
20190514,0.9999999999999997,0.9999999999999997,0.9999999999999997,0.9999999999999997,0.9999999999999997
20190515,0.9999999999999997,0.9999999999999997,0.9999999999999997,0.9999999999999997,0.9999999999999997
20190516,0.9999999999999997,0.9999999999999997,0.9999999999999997,0.9999999999999997,0.9999999999999997
20190517,0.9999999999999997,0.9999999999999997,0.9999999999999997,0.9999999999999997,0.9999999999999997
20190520,0.9999999999999997,0.9999999999999997,0.9999999999999997,0.9999999999999997,0.9999999999999997
20190521,0.9999999999999997,0.9999999999999997,0.9999999999999997,0.9999999999999997,0.9999999999999997
20190522,0.9999999999999997,0.9999999999999997,0.9999999999999997,0.9999999999999997,0.9999999999999997
20190523,0.9999999999999997,0.9999999999999997,0.9999999999999997,0.9999999999999997,0.9999999999999997
20190524,0.9999999999999997,0.9999999999999997,0.9999999999999997,0.9999999999999997,0.9999999999999997
20190527,0.9999999999999997,0.9999999999999997,0.9999999999999997,0.9999999999999997,0.9999999999999997
20190528,0.9999999999999997,0.9999999999999997,0.9999999999999997,0.9999999999999997,0.9999999999999997
20190529,0.9999999999999997,0.9999999999999997,0.9999999999999997,0.9999999999999997,0.9999999999999997
20190530,0.9999999999999997,0.9999999999999997,0.9999999999999997,0.9999999999999997,0.9999999999999997
20190531,0.9999999999999997,0.9999999999999997,0.9999999999999997,0.9999999999999997,0.9999999999999997
20190603,0.9999999999999997,0.9999999999999997,0.9999999999999997,0.9999999999999997,0.9999999999999997
20190604,0.9999999999999997,0.9999999999999997,0.9999999999999997,0.9999999999999997,0.9999999999999997
20190605,0.9999999999999997,0.9999999999999997,0.9999999999999997,0.9999999999999997,0.9999999999999997
20190606,0.9999999999999997,0.9999999999999997,0.9999999999999997,0.9999999999999997,0.9999999999999997
20190610,0.9999999999999997,0.9999999999999997,0.9999999999999997,0.9999999999999997,0.9999999999999997
20190611,0.9999999999999997,0.9999999999999997,0.9999999999999997,0.9999999999999997,0.9999999999999997
20190612,0.9999999999999997,0.9999999999999997,0.9999999999999997,0.9999999999999997,0.9999999999999997
20190613,0.9999999999999997,0.9999999999999997,0.9999999999999997,0.9999999999999997,0.9999999999999997
20190614,0.9999999999999997,0.9999999999999997,0.9999999999999997,0.9999999999999997,0.9999999999999997
20190617,0.9999999999999997,0.9999999999999997,0.9999999999999997,0.9999999999999997,0.9999999999999997
20190618,0.9999999999999997,0.9999999999999997,0.9999999999999997,0.9999999999999997,0.9999999999999997
20190619,0.9999999999999997,0.9999999999999997,0.9999999999999997,0.9999999999999997,0.9999999999999997
20190620,0.9999999999999997,0.9999999999999997,0.9999999999999997,0.9999999999999997,0.9999999999999997
20190621,0.9999999999999997,0.9999999999999997,0.9999999999999997,0.9999999999999997,0.9999999999999997
20190624,0.9999999999999997,0.9999999999999997,0.9999999999999997,0.9999999999999997,0.9999999999999997
20190625,0.9999999999999997,0.9999999999999997,0.9999999999999997,0.9999999999999997,0.9999999999999997
20190626,0.9999999999999997,0.9999999999999997,0.9999999999999997,0.9999999999999997,0.9999999999999997
20190627,0.9999999999999997,0.9999999999999997,0.9999999999999997,0.9999999999999997,0.9999999999999997
20190628,0.9999999999999997,0.9999999999999997,0.9999999999999997,0.9999999999999997,0.9999999999999997
20190701,0.9999999999999997,0.9999999999999997,0.9999999999999997,0.9999999999999997,0.9999999999999997
20190702,0.9999999999999997,0.9999999999999997,0.9999999999999997,0.9999999999999997,0.9999999999999997
20190703,0.9999999999999997,0.9999999999999997,0.9999999999999997,0.9999999999999997,0.9999999999999997
20190704,0.9999999999999997,0.9999999999999997,0.9999999999999997,0.9999999999999997,0.9999999999999997
20190705,0.9999999999999997,0.9999999999999997,0.9999999999999997,0.9999999999999997,0.9999999999999997
20190708,0.9999999999999997,0.9999999999999997,0.9999999999999997,0.9999999999999997,0.9999999999999997
20190709,0.9999999999999997,0.9999999999999997,0.9999999999999997,0.9999999999999997,0.9999999999999997
20190710,0.9999999999999997,0.9999999999999997,0.9999999999999997,0.9999999999999997,0.9999999999999997
20190711,0.9999999999999997,0.9999999999999997,0.9999999999999997,0.9999999999999997,0.9999999999999997
20190712,0.9999999999999997,0.9999999999999997,0.9999999999999997,0.9999999999999997,0.9999999999999997
20190715,0.9999999999999997,0.9999999999999997,0.9999999999999997,0.9999999999999997,0.9999999999999997
20190716,0.9999999999999997,0.9999999999999997,0.9999999999999997,0.9999999999999997,0.9999999999999997
20190717,0.9999999999999997,0.9999999999999997,0.9999999999999997,0.9999999999999997,0.9999999999999997
20190718,0.9999999999999997,0.9999999999999997,0.9999999999999997,0.9999999999999997,0.9999999999999997
20190719,0.9999999999999997,0.9999999999999997,0.9999999999999997,0.9999999999999997,0.9999999999999997
20190722,0.9999999999999997,0.9999999999999997,0.9999999999999997,0.9999999999999997,0.9999999999999997
20190723,0.9999999999999997,0.9999999999999997,0.9999999999999997,0.9999999999999997,0.9999999999999997
20190724,0.9999999999999997,0.9999999999999997,0.9999999999999997,0.9999999999999997,0.9999999999999997
20190725,0.9999999999999997,0.9999999999999997,0.9999999999999997,0.9999999999999997,0.9999999999999997
20190726,0.9999999999999997,0.9999999999999997,0.9999999999999997,0.9999999999999997,0.9999999999999997
20190729,0.9999999999999997,0.9999999999999997,0.9999999999999997,0.9999999999999997,0.9999999999999997
20190730,0.9999999999999997,0.9999999999999997,0.9999999999999997,0.9999999999999997,0.9999999999999997
20190731,0.9999999999999997,0.9999999999999997,0.9999999999999997,0.9999999999999997,0.9999999999999997
20190801,0.9999999999999997,0.9999999999999997,0.9999999999999997,0.9999999999999997,0.9999999999999997
20190802,0.9999999999999997,0.9999999999999997,0.9999999999999997,0.9999999999999997,0.9999999999999997
20190805,0.9999999999999997,0.9999999999999997,0.9999999999999997,0.9999999999999997,0.9999999999999997
20190806,0.9999999999999997,0.9999999999999997,0.9999999999999997,0.9999999999999997,0.9999999999999997
20190807,0.9999999999999997,0.9999999999999997,0.9999999999999997,0.9999999999999997,0.9999999999999997
20190808,0.9999999999999997,0.9999999999999997,0.9999999999999997,0.9999999999999997,0.9999999999999997
20190809,0.9999999999999997,0.9999999999999997,0.9999999999999997,0.9999999999999997,0.9999999999999997
20190812,0.9999999999999997,0.9999999999999997,0.9999999999999997,0.9999999999999997,0.9999999999999997
20190813,0.9999999999999997,0.9999999999999997,0.9999999999999997,0.9999999999999997,0.9999999999999997
20190814,0.9999999999999997,0.9999999999999997,0.9999999999999997,0.9999999999999997,0.9999999999999997
20190815,0.9999999999999997,0.9999999999999997,0.9999999999999997,0.9999999999999997,0.9999999999999997
20190816,0.9999999999999997,0.9999999999999997,0.9999999999999997,0.9999999999999997,0.9999999999999997
20190819,0.9999999999999997,0.9999999999999997,0.9999999999999997,0.9999999999999997,0.9999999999999997
20190820,0.9999999999999997,0.9999999999999997,0.9999999999999997,0.9999999999999997,0.9999999999999997
20190821,0.9999999999999997,0.9999999999999997,0.9999999999999997,0.9999999999999997,0.9999999999999997
20190822,0.9999999999999997,0.9999999999999997,0.9999999999999997,0.9999999999999997,0.9999999999999997
20190823,0.9999999999999997,0.9999999999999997,0.9999999999999997,0.9999999999999997,0.9999999999999997
20190826,0.9999999999999997,0.9999999999999997,0.9999999999999997,0.9999999999999997,0.9999999999999997
20190827,0.9999999999999997,0.9999999999999997,0.9999999999999997,0.9999999999999997,0.9999999999999997
20190828,0.9999999999999997,0.9999999999999997,0.9999999999999997,0.9999999999999997,0.9999999999999997
20190829,0.9999999999999997,0.9999999999999997,0.9999999999999997,0.9999999999999997,0.9999999999999997
20190830,0.9999999999999997,0.9999999999999997,0.9999999999999997,0.9999999999999997,0.9999999999999997
20190902,0.9999999999999997,0.9999999999999997,0.9999999999999997,0.9999999999999997,0.9999999999999997
20190903,0.9999999999999997,0.9999999999999997,0.9999999999999997,0.9999999999999997,0.9999999999999997
20190904,0.9999999999999997,0.9999999999999997,0.9999999999999997,0.9999999999999997,0.9999999999999997
20190905,0.9999999999999997,0.9999999999999997,0.9999999999999997,0.9999999999999997,0.9999999999999997
20190906,0.9999999999999997,0.9999999999999997,0.9999999999999997,0.9999999999999997,0.9999999999999997
20190909,0.9999999999999997,0.9999999999999997,0.9999999999999997,0.9999999999999997,0.9999999999999997
20190910,0.9999999999999997,0.9999999999999997,0.9999999999999997,0.9999999999999997,0.9999999999999997
20190911,0.9999999999999997,0.9999999999999997,0.9999999999999997,0.9999999999999997,0.9999999999999997
20190912,0.9999999999999997,0.9999999999999997,0.9999999999999997,0.9999999999999997,0.9999999999999997
20190916,0.9999999999999997,0.9999999999999997,0.9999999999999997,0.9999999999999997,0.9999999999999997
20190917,0.9999999999999997,0.9999999999999997,0.9999999999999997,0.9999999999999997,0.9999999999999997
20190918,0.9999999999999997,0.9999999999999997,0.9999999999999997,0.9999999999999997,0.9999999999999997
20190919,0.9999999999999997,0.9999999999999997,0.9999999999999997,0.9999999999999997,0.9999999999999997
20190920,0.9999999999999997,0.9999999999999997,0.9999999999999997,0.9999999999999997,0.9999999999999997
20190923,0.9999999999999997,0.9999999999999997,0.9999999999999997,0.9999999999999997,0.9999999999999997
20190924,0.9999999999999997,0.9999999999999997,0.9999999999999997,0.9999999999999997,0.9999999999999997
20190925,0.9999999999999997,0.9999999999999997,0.9999999999999997,0.9999999999999997,0.9999999999999997
20190926,0.9999999999999997,0.9999999999999997,0.9999999999999997,0.9999999999999997,0.9999999999999997
20190927,0.9999999999999997,0.9999999999999997,0.9999999999999997,0.9999999999999997,0.9999999999999997
20190930,0.9999999999999997,0.9999999999999997,0.9999999999999997,0.9999999999999997,0.9999999999999997
20191008,0.9999999999999997,0.9999999999999997,0.9999999999999997,0.9999999999999997,0.9999999999999997
20191009,0.9999999999999997,0.9999999999999997,0.9999999999999997,0.9999999999999997,0.9999999999999997
20191010,0.9999999999999997,0.9999999999999997,0.9999999999999997,0.9999999999999997,0.9999999999999997
20191011,0.9999999999999997,0.9999999999999997,0.9999999999999997,0.9999999999999997,0.9999999999999997
20191014,0.9999999999999997,0.9999999999999997,0.9999999999999997,0.9999999999999997,0.9999999999999997
20191015,0.9999999999999997,0.9999999999999997,0.9999999999999997,0.9999999999999997,0.9999999999999997
20191016,0.9999999999999997,0.9999999999999997,0.9999999999999997,0.9999999999999997,0.9999999999999997
20191017,0.9999999999999997,0.9999999999999997,0.9999999999999997,0.9999999999999997,0.9999999999999997
20191018,0.9999999999999997,0.9999999999999997,0.9999999999999997,0.9999999999999997,0.9999999999999997
20191021,0.9999999999999997,0.9999999999999997,0.9999999999999997,0.9999999999999997,0.9999999999999997
20191022,0.9999999999999997,0.9999999999999997,0.9999999999999997,0.9999999999999997,0.9999999999999997
20191023,0.9999999999999997,0.9999999999999997,0.9999999999999997,0.9999999999999997,0.9999999999999997
20191024,0.9999999999999997,0.9999999999999997,0.9999999999999997,0.9999999999999997,0.9999999999999997
20191025,0.9999999999999997,0.9999999999999997,0.9999999999999997,0.9999999999999997,0.9999999999999997
20191028,0.9999999999999997,0.9999999999999997,0.9999999999999997,0.9999999999999997,0.9999999999999997
20191029,0.9999999999999997,0.9999999999999997,0.9999999999999997,0.9999999999999997,0.9999999999999997
20191030,0.9999999999999997,0.9999999999999997,0.9999999999999997,0.9999999999999997,0.9999999999999997
20191031,0.9999999999999997,0.9999999999999997,0.9999999999999997,0.9999999999999997,0.9999999999999997
20191101,0.9999999999999997,0.9999999999999997,0.9999999999999997,0.9999999999999997,0.9999999999999997
20191104,0.9999999999999997,0.9999999999999997,0.9999999999999997,0.9999999999999997,0.9999999999999997
20191105,0.9999999999999997,0.9999999999999997,0.9999999999999997,0.9999999999999997,0.9999999999999997
20191106,0.9999999999999997,0.9999999999999997,0.9999999999999997,0.9999999999999997,0.9999999999999997
20191107,0.9999999999999997,0.9999999999999997,0.9999999999999997,0.9999999999999997,0.9999999999999997
20191108,0.9999999999999997,0.9999999999999997,0.9999999999999997,0.9999999999999997,0.9999999999999997
20191111,0.9999999999999997,0.9999999999999997,0.9999999999999997,0.9999999999999997,0.9999999999999997
20191112,0.9999999999999997,0.9999999999999997,0.9999999999999997,0.9999999999999997,0.9999999999999997
20191113,0.9999999999999997,0.9999999999999997,0.9999999999999997,0.9999999999999997,0.9999999999999997
20191114,0.9999999999999997,0.9999999999999997,0.9999999999999997,0.9999999999999997,0.9999999999999997
20191115,0.9999999999999997,0.9999999999999997,0.9999999999999997,0.9999999999999997,0.9999999999999997
20191118,0.9999999999999997,0.9999999999999997,0.9999999999999997,0.9999999999999997,0.9999999999999997
20191119,0.9999999999999997,0.9999999999999997,0.9999999999999997,0.9999999999999997,0.9999999999999997
20191120,0.9999999999999997,0.9999999999999997,0.9999999999999997,0.9999999999999997,0.9999999999999997
20191121,0.9999999999999997,0.9999999999999997,0.9999999999999997,0.9999999999999997,0.9999999999999997
20191122,0.9999999999999997,0.9999999999999997,0.9999999999999997,0.9999999999999997,0.9999999999999997
20191125,0.9999999999999997,0.9999999999999997,0.9999999999999997,0.9999999999999997,0.9999999999999997
20191126,0.9999999999999997,0.9999999999999997,0.9999999999999997,0.9999999999999997,0.9999999999999997
20191127,0.9999999999999997,0.9999999999999997,0.9999999999999997,0.9999999999999997,0.9999999999999997
20191128,0.9999999999999997,0.9999999999999997,0.9999999999999997,0.9999999999999997,0.9999999999999997
20191129,0.9999999999999997,0.9999999999999997,0.9999999999999997,0.9999999999999997,0.9999999999999997
20191202,0.9999999999999997,0.9999999999999997,0.9999999999999997,0.9999999999999997,0.9999999999999997
20191203,0.9999999999999997,0.9999999999999997,0.9999999999999997,0.9999999999999997,0.9999999999999997
20191204,0.9999999999999997,0.9999999999999997,0.9999999999999997,0.9999999999999997,0.9999999999999997
20191205,0.9999999999999997,0.9999999999999997,0.9999999999999997,0.9999999999999997,0.9999999999999997
20191206,0.9999999999999997,0.9999999999999997,0.9999999999999997,0.9999999999999997,0.9999999999999997
20191209,0.9999999999999997,0.9999999999999997,0.9999999999999997,0.9999999999999997,0.9999999999999997
20191210,0.9999999999999997,0.9999999999999997,0.9999999999999997,0.9999999999999997,0.9999999999999997
20191211,0.9999999999999997,0.9999999999999997,0.9999999999999997,0.9999999999999997,0.9999999999999997
20191212,0.9999999999999997,0.9999999999999997,0.9999999999999997,0.9999999999999997,0.9999999999999997
20191213,0.9999999999999997,0.9999999999999997,0.9999999999999997,0.9999999999999997,0.9999999999999997
20191216,0.9999999999999997,0.9999999999999997,0.9999999999999997,0.9999999999999997,0.9999999999999997
20191217,0.9999999999999997,0.9999999999999997,0.9999999999999997,0.9999999999999997,0.9999999999999997
20191218,0.9999999999999997,0.9999999999999997,0.9999999999999997,0.9999999999999997,0.9999999999999997
20191219,0.9999999999999997,0.9999999999999997,0.9999999999999997,0.9999999999999997,0.9999999999999997
20191220,0.9999999999999997,0.9999999999999997,0.9999999999999997,0.9999999999999997,0.9999999999999997
20191223,0.9999999999999997,0.9999999999999997,0.9999999999999997,0.9999999999999997,0.9999999999999997
20191224,0.9999999999999997,0.9999999999999997,0.9999999999999997,0.9999999999999997,0.9999999999999997
20191225,0.9999999999999997,0.9999999999999997,0.9999999999999997,0.9999999999999997,0.9999999999999997
20191226,0.9999999999999997,0.9999999999999997,0.9999999999999997,0.9999999999999997,0.9999999999999997
20191227,0.9999999999999997,0.9999999999999997,0.9999999999999997,0.9999999999999997,0.9999999999999997
20191230,0.9999999999999997,0.9999999999999997,0.9999999999999997,0.9999999999999997,0.9999999999999997
20191231,0.9999999999999997,0.9999999999999997,0.9999999999999997,0.9999999999999997,0.9999999999999997
20200102,0.9999999999999997,0.9999999999999997,0.9999999999999997,0.9999999999999997,0.9999999999999997
20200103,0.9999999999999997,0.9999999999999997,0.9999999999999997,0.9999999999999997,0.9999999999999997
20200106,0.9999999999999997,0.9999999999999997,0.9999999999999997,0.9999999999999997,0.9999999999999997
20200107,0.9999999999999997,0.9999999999999997,0.9999999999999997,0.9999999999999997,0.9999999999999997
20200108,0.9999999999999997,0.9999999999999997,0.9999999999999997,0.9999999999999997,0.9999999999999997
20200109,0.9999999999999997,0.9999999999999997,0.9999999999999997,0.9999999999999997,0.9999999999999997
20200110,0.9999999999999997,0.9999999999999997,0.9999999999999997,0.9999999999999997,0.9999999999999997
20200113,0.9999999999999997,0.9999999999999997,0.9999999999999997,0.9999999999999997,0.9999999999999997
20200114,0.9999999999999997,0.9999999999999997,0.9999999999999997,0.9999999999999997,0.9999999999999997
20200115,0.9999999999999997,0.9999999999999997,0.9999999999999997,0.9999999999999997,0.9999999999999997
20200116,0.9999999999999997,0.9999999999999997,0.9999999999999997,0.9999999999999997,0.9999999999999997
20200117,0.9999999999999997,0.9999999999999997,0.9999999999999997,0.9999999999999997,0.9999999999999997
20200120,0.9999999999999997,0.9999999999999997,0.9999999999999997,0.9999999999999997,0.9999999999999997
20200121,0.9999999999999997,0.9999999999999997,0.9999999999999997,0.9999999999999997,0.9999999999999997
20200122,0.9999999999999997,0.9999999999999997,0.9999999999999997,0.9999999999999997,0.9999999999999997
20200123,0.9999999999999997,0.9999999999999997,0.9999999999999997,0.9999999999999997,0.9999999999999997
20200203,0.9999999999999997,0.9999999999999997,0.9999999999999997,0.9999999999999997,0.9999999999999997
20200204,0.9999999999999997,0.9999999999999997,0.9999999999999997,0.9999999999999997,0.9999999999999997
20200205,0.9999999999999997,0.9999999999999997,0.9999999999999997,0.9999999999999997,0.9999999999999997
20200206,0.9999999999999997,0.9999999999999997,0.9999999999999997,0.9999999999999997,0.9999999999999997
20200207,0.9999999999999997,0.9999999999999997,0.9999999999999997,0.9999999999999997,0.9999999999999997
20200210,0.9999999999999997,0.9999999999999997,0.9999999999999997,0.9999999999999997,0.9999999999999997
20200211,0.9999999999999997,0.9999999999999997,0.9999999999999997,0.9999999999999997,0.9999999999999997
20200212,0.9999999999999997,0.9999999999999997,0.9999999999999997,0.9999999999999997,0.9999999999999997
20200213,0.9999999999999997,0.9999999999999997,0.9999999999999997,0.9999999999999997,0.9999999999999997
20200214,0.9999999999999997,0.9999999999999997,0.9999999999999997,0.9999999999999997,0.9999999999999997
20200217,0.9999999999999997,0.9999999999999997,0.9999999999999997,0.9999999999999997,0.9999999999999997
20200218,0.9999999999999997,0.9999999999999997,0.9999999999999997,0.9999999999999997,0.9999999999999997
20200219,0.9999999999999997,0.9999999999999997,0.9999999999999997,0.9999999999999997,0.9999999999999997
20200220,0.9999999999999997,0.9999999999999997,0.9999999999999997,0.9999999999999997,0.9999999999999997
20200221,0.9999999999999997,0.9999999999999997,0.9999999999999997,0.9999999999999997,0.9999999999999997
20200224,0.9999999999999997,0.9999999999999997,0.9999999999999997,0.9999999999999997,0.9999999999999997
20200225,0.9999999999999997,0.9999999999999997,0.9999999999999997,0.9999999999999997,0.9999999999999997
20200226,0.9999999999999997,0.9999999999999997,0.9999999999999997,0.9999999999999997,0.9999999999999997
20200227,0.9999999999999997,0.9999999999999997,0.9999999999999997,0.9999999999999997,0.9999999999999997
20200228,0.9999999999999997,0.9999999999999997,0.9999999999999997,0.9999999999999997,0.9999999999999997
20200302,0.9999999999999997,0.9999999999999997,0.9999999999999997,0.9999999999999997,0.9999999999999997
20200303,0.9999999999999997,0.9999999999999997,0.9999999999999997,0.9999999999999997,0.9999999999999997
20200304,0.9999999999999997,0.9999999999999997,0.9999999999999997,0.9999999999999997,0.9999999999999997
20200305,0.9999999999999997,0.9999999999999997,0.9999999999999997,0.9999999999999997,0.9999999999999997
20200306,0.9999999999999997,0.9999999999999997,0.9999999999999997,0.9999999999999997,0.9999999999999997
20200309,0.9999999999999997,0.9999999999999997,0.9999999999999997,0.9999999999999997,0.9999999999999997
20200310,0.9999999999999997,0.9999999999999997,0.9999999999999997,0.9999999999999997,0.9999999999999997
20200311,0.9999999999999997,0.9999999999999997,0.9999999999999997,0.9999999999999997,0.9999999999999997
20200312,0.9999999999999997,0.9999999999999997,0.9999999999999997,0.9999999999999997,0.9999999999999997
20200313,0.9999999999999997,0.9999999999999997,0.9999999999999997,0.9999999999999997,0.9999999999999997
20200316,0.9999999999999997,0.9999999999999997,0.9999999999999997,0.9999999999999997,0.9999999999999997
20200317,0.9999999999999997,0.9999999999999997,0.9999999999999997,0.9999999999999997,0.9999999999999997
20200318,0.9999999999999997,0.9999999999999997,0.9999999999999997,0.9999999999999997,0.9999999999999997
20200319,0.9999999999999997,0.9999999999999997,0.9999999999999997,0.9999999999999997,0.9999999999999997
20200320,0.9999999999999997,0.9999999999999997,0.9999999999999997,0.9999999999999997,0.9999999999999997
20200323,0.9999999999999997,0.9999999999999997,0.9999999999999997,0.9999999999999997,0.9999999999999997
20200324,0.9999999999999997,0.9999999999999997,0.9999999999999997,0.9999999999999997,0.9999999999999997
20200325,0.9999999999999997,0.9999999999999997,0.9999999999999997,0.9999999999999997,0.9999999999999997
20200326,0.9999999999999997,0.9999999999999997,0.9999999999999997,0.9999999999999997,0.9999999999999997
20200327,0.9999999999999997,0.9999999999999997,0.9999999999999997,0.9999999999999997,0.9999999999999997
20200330,0.9999999999999997,0.9999999999999997,0.9999999999999997,0.9999999999999997,0.9999999999999997
20200331,0.9999999999999997,0.9999999999999997,0.9999999999999997,0.9999999999999997,0.9999999999999997
20200401,0.9999999999999997,0.9999999999999997,0.9999999999999997,0.9999999999999997,0.9999999999999997
20200402,0.9999999999999997,0.9999999999999997,0.9999999999999997,0.9999999999999997,0.9999999999999997
20200403,0.9999999999999997,0.9999999999999997,0.9999999999999997,0.9999999999999997,0.9999999999999997
20200407,0.9999999999999997,0.9999999999999997,0.9999999999999997,0.9999999999999997,0.9999999999999997
20200408,0.9999999999999997,0.9999999999999997,0.9999999999999997,0.9999999999999997,0.9999999999999997
20200409,0.9999999999999997,0.9999999999999997,0.9999999999999997,0.9999999999999997,0.9999999999999997
20200410,0.9999999999999997,0.9999999999999997,0.9999999999999997,0.9999999999999997,0.9999999999999997
20200413,0.9999999999999997,0.9999999999999997,0.9999999999999997,0.9999999999999997,0.9999999999999997
20200414,0.9999999999999997,0.9999999999999997,0.9999999999999997,0.9999999999999997,0.9999999999999997
20200415,0.9999999999999997,0.9999999999999997,0.9999999999999997,0.9999999999999997,0.9999999999999997
20200416,0.9999999999999997,0.9999999999999997,0.9999999999999997,0.9999999999999997,0.9999999999999997
20200417,0.9999999999999997,0.9999999999999997,0.9999999999999997,0.9999999999999997,0.9999999999999997
20200420,0.9999999999999997,0.9999999999999997,0.9999999999999997,0.9999999999999997,0.9999999999999997
20200421,0.9999999999999997,0.9999999999999997,0.9999999999999997,0.9999999999999997,0.9999999999999997
20200422,0.9999999999999997,0.9999999999999997,0.9999999999999997,0.9999999999999997,0.9999999999999997
20200423,0.9999999999999997,0.9999999999999997,0.9999999999999997,0.9999999999999997,0.9999999999999997
20200424,0.9999999999999997,0.9999999999999997,0.9999999999999997,0.9999999999999997,0.9999999999999997
20200427,0.9999999999999997,0.9999999999999997,0.9999999999999997,0.9999999999999997,0.9999999999999997
20200428,0.9999999999999997,0.9999999999999997,0.9999999999999997,0.9999999999999997,0.9999999999999997
20200429,0.9999999999999997,0.9999999999999997,0.9999999999999997,0.9999999999999997,0.9999999999999997
20200430,0.9999999999999997,0.9999999999999997,0.9999999999999997,0.9999999999999997,0.9999999999999997
20200506,0.9999999999999997,0.9999999999999997,0.9999999999999997,0.9999999999999997,0.9999999999999997
20200507,0.9999999999999997,0.9999999999999997,0.9999999999999997,0.9999999999999997,0.9999999999999997
20200508,0.9999999999999997,0.9999999999999997,0.9999999999999997,0.9999999999999997,0.9999999999999997
20200511,0.9999999999999997,0.9999999999999997,0.9999999999999997,0.9999999999999997,0.9999999999999997
20200512,0.9999999999999997,0.9999999999999997,0.9999999999999997,0.9999999999999997,0.9999999999999997
20200513,0.9999999999999997,0.9999999999999997,0.9999999999999997,0.9999999999999997,0.9999999999999997
20200514,0.9999999999999997,0.9999999999999997,0.9999999999999997,0.9999999999999997,0.9999999999999997
20200515,0.9999999999999997,0.9999999999999997,0.9999999999999997,0.9999999999999997,0.9999999999999997
20200518,0.9999999999999997,0.9999999999999997,0.9999999999999997,0.9999999999999997,0.9999999999999997
20200519,0.9999999999999997,0.9999999999999997,0.9999999999999997,0.9999999999999997,0.9999999999999997
20200520,0.9999999999999997,0.9999999999999997,0.9999999999999997,0.9999999999999997,0.9999999999999997
20200521,0.9999999999999997,0.9999999999999997,0.9999999999999997,0.9999999999999997,0.9999999999999997
20200522,0.9999999999999997,0.9999999999999997,0.9999999999999997,0.9999999999999997,0.9999999999999997
20200525,0.9999999999999997,0.9999999999999997,0.9999999999999997,0.9999999999999997,0.9999999999999997
20200526,0.9999999999999997,0.9999999999999997,0.9999999999999997,0.9999999999999997,0.9999999999999997
20200527,0.9999999999999997,0.9999999999999997,0.9999999999999997,0.9999999999999997,0.9999999999999997
20200528,0.9999999999999997,0.9999999999999997,0.9999999999999997,0.9999999999999997,0.9999999999999997
20200529,0.9999999999999997,0.9999999999999997,0.9999999999999997,0.9999999999999997,0.9999999999999997
20200601,0.9999999999999997,0.9999999999999997,0.9999999999999997,0.9999999999999997,0.9999999999999997
20200602,0.9999999999999997,0.9999999999999997,0.9999999999999997,0.9999999999999997,0.9999999999999997
20200603,0.9999999999999997,0.9999999999999997,0.9999999999999997,0.9999999999999997,0.9999999999999997
20200604,0.9999999999999997,0.9999999999999997,0.9999999999999997,0.9999999999999997,0.9999999999999997
20200605,0.9999999999999997,0.9999999999999997,0.9999999999999997,0.9999999999999997,0.9999999999999997
20200608,0.9999999999999997,0.9999999999999997,0.9999999999999997,0.9999999999999997,0.9999999999999997
20200609,0.9999999999999997,0.9999999999999997,0.9999999999999997,0.9999999999999997,0.9999999999999997
20200610,0.9999999999999997,0.9999999999999997,0.9999999999999997,0.9999999999999997,0.9999999999999997
20200611,0.9999999999999997,0.9999999999999997,0.9999999999999997,0.9999999999999997,0.9999999999999997
20200612,0.9999999999999997,0.9999999999999997,0.9999999999999997,0.9999999999999997,0.9999999999999997
20200615,0.9999999999999997,0.9999999999999997,0.9999999999999997,0.9999999999999997,0.9999999999999997
20200616,0.9999999999999997,0.9999999999999997,0.9999999999999997,0.9999999999999997,0.9999999999999997
20200617,0.9999999999999997,0.9999999999999997,0.9999999999999997,0.9999999999999997,0.9999999999999997
20200618,0.9999999999999997,0.9999999999999997,0.9999999999999997,0.9999999999999997,0.9999999999999997
20200619,0.9999999999999997,0.9999999999999997,0.9999999999999997,0.9999999999999997,0.9999999999999997
20200622,0.9999999999999997,0.9999999999999997,0.9999999999999997,0.9999999999999997,0.9999999999999997
20200623,0.9999999999999997,0.9999999999999997,0.9999999999999997,0.9999999999999997,0.9999999999999997
20200624,0.9999999999999997,0.9999999999999997,0.9999999999999997,0.9999999999999997,0.9999999999999997
20200629,0.9999999999999997,0.9999999999999997,0.9999999999999997,0.9999999999999997,0.9999999999999997
20200630,0.9999999999999997,0.9999999999999997,0.9999999999999997,0.9999999999999997,0.9999999999999997
20200701,0.9999999999999997,0.9999999999999997,0.9999999999999997,0.9999999999999997,0.9999999999999997
20200702,0.9999999999999997,0.9999999999999997,0.9999999999999997,0.9999999999999997,0.9999999999999997
20200703,0.9999999999999997,0.9999999999999997,0.9999999999999997,0.9999999999999997,0.9999999999999997
20200706,0.9999999999999997,0.9999999999999997,0.9999999999999997,0.9999999999999997,0.9999999999999997
20200707,0.9999999999999997,0.9999999999999997,0.9999999999999997,0.9999999999999997,0.9999999999999997
20200708,0.9999999999999997,0.9999999999999997,0.9999999999999997,0.9999999999999997,0.9999999999999997
20200709,0.9999999999999997,0.9999999999999997,0.9999999999999997,0.9999999999999997,0.9999999999999997
20200710,0.9999999999999997,0.9999999999999997,0.9999999999999997,0.9999999999999997,0.9999999999999997
20200713,0.9999999999999997,0.9999999999999997,0.9999999999999997,0.9999999999999997,0.9999999999999997
20200714,0.9999999999999997,0.9999999999999997,0.9999999999999997,0.9999999999999997,0.9999999999999997
20200715,0.9999999999999997,0.9999999999999997,0.9999999999999997,0.9999999999999997,0.9999999999999997
20200716,0.9999999999999997,0.9999999999999997,0.9999999999999997,0.9999999999999997,0.9999999999999997
20200717,0.9999999999999997,0.9999999999999997,0.9999999999999997,0.9999999999999997,0.9999999999999997
20200720,0.9999999999999997,0.9999999999999997,0.9999999999999997,0.9999999999999997,0.9999999999999997
20200721,0.9999999999999997,0.9999999999999997,0.9999999999999997,0.9999999999999997,0.9999999999999997
20200722,0.9999999999999997,0.9999999999999997,0.9999999999999997,0.9999999999999997,0.9999999999999997
20200723,0.9999999999999997,0.9999999999999997,0.9999999999999997,0.9999999999999997,0.9999999999999997
20200724,0.9999999999999997,0.9999999999999997,0.9999999999999997,0.9999999999999997,0.9999999999999997
20200727,0.9999999999999997,0.9999999999999997,0.9999999999999997,0.9999999999999997,0.9999999999999997
20200728,0.9999999999999997,0.9999999999999997,0.9999999999999997,0.9999999999999997,0.9999999999999997
20200729,0.9999999999999997,0.9999999999999997,0.9999999999999997,0.9999999999999997,0.9999999999999997
20200730,0.9999999999999997,0.9999999999999997,0.9999999999999997,0.9999999999999997,0.9999999999999997
20200731,0.9999999999999997,0.9999999999999997,0.9999999999999997,0.9999999999999997,0.9999999999999997
20200803,0.9999999999999997,0.9999999999999997,0.9999999999999997,0.9999999999999997,0.9999999999999997
20200804,0.9999999999999997,0.9999999999999997,0.9999999999999997,0.9999999999999997,0.9999999999999997
20200805,0.9999999999999997,0.9999999999999997,0.9999999999999997,0.9999999999999997,0.9999999999999997
20200806,0.9999999999999997,0.9999999999999997,0.9999999999999997,0.9999999999999997,0.9999999999999997
20200807,0.9999999999999997,0.9999999999999997,0.9999999999999997,0.9999999999999997,0.9999999999999997
20200810,0.9999999999999997,0.9999999999999997,0.9999999999999997,0.9999999999999997,0.9999999999999997
20200811,0.9999999999999997,0.9999999999999997,0.9999999999999997,0.9999999999999997,0.9999999999999997
20200812,0.9999999999999997,0.9999999999999997,0.9999999999999997,0.9999999999999997,0.9999999999999997
20200813,0.9999999999999997,0.9999999999999997,0.9999999999999997,0.9999999999999997,0.9999999999999997
20200814,0.9999999999999997,0.9999999999999997,0.9999999999999997,0.9999999999999997,0.9999999999999997
20200817,0.9999999999999997,0.9999999999999997,0.9999999999999997,0.9999999999999997,0.9999999999999997
20200818,0.9999999999999997,0.9999999999999997,0.9999999999999997,0.9999999999999997,0.9999999999999997
20200819,0.9999999999999997,0.9999999999999997,0.9999999999999997,0.9999999999999997,0.9999999999999997
20200820,0.9999999999999997,0.9999999999999997,0.9999999999999997,0.9999999999999997,0.9999999999999997
20200821,0.9999999999999997,0.9999999999999997,0.9999999999999997,0.9999999999999997,0.9999999999999997
20200824,0.9999999999999997,0.9999999999999997,0.9999999999999997,0.9999999999999997,0.9999999999999997
20200825,0.9999999999999997,0.9999999999999997,0.9999999999999997,0.9999999999999997,0.9999999999999997
20200826,0.9999999999999997,0.9999999999999997,0.9999999999999997,0.9999999999999997,0.9999999999999997
20200827,0.9999999999999997,0.9999999999999997,0.9999999999999997,0.9999999999999997,0.9999999999999997
20200828,0.9999999999999997,0.9999999999999997,0.9999999999999997,0.9999999999999997,0.9999999999999997
20200831,0.9999999999999997,0.9999999999999997,0.9999999999999997,0.9999999999999997,0.9999999999999997
20200901,0.9999999999999997,0.9999999999999997,0.9999999999999997,0.9999999999999997,0.9999999999999997
20200902,0.9999999999999997,0.9999999999999997,0.9999999999999997,0.9999999999999997,0.9999999999999997
20200903,0.9999999999999997,0.9999999999999997,0.9999999999999997,0.9999999999999997,0.9999999999999997
20200904,0.9999999999999997,0.9999999999999997,0.9999999999999997,0.9999999999999997,0.9999999999999997
20200907,0.9999999999999997,0.9999999999999997,0.9999999999999997,0.9999999999999997,0.9999999999999997
20200908,0.9999999999999997,0.9999999999999997,0.9999999999999997,0.9999999999999997,0.9999999999999997
20200909,0.9999999999999997,0.9999999999999997,0.9999999999999997,0.9999999999999997,0.9999999999999997
20200910,0.9999999999999997,0.9999999999999997,0.9999999999999997,0.9999999999999997,0.9999999999999997
20200911,0.9999999999999997,0.9999999999999997,0.9999999999999997,0.9999999999999997,0.9999999999999997
20200914,0.9999999999999997,0.9999999999999997,0.9999999999999997,0.9999999999999997,0.9999999999999997
20200915,0.9999999999999997,0.9999999999999997,0.9999999999999997,0.9999999999999997,0.9999999999999997
20200916,0.9999999999999997,0.9999999999999997,0.9999999999999997,0.9999999999999997,0.9999999999999997
20200917,0.9999999999999997,0.9999999999999997,0.9999999999999997,0.9999999999999997,0.9999999999999997
20200918,0.9999999999999997,0.9999999999999997,0.9999999999999997,0.9999999999999997,0.9999999999999997
20200921,0.9999999999999997,0.9999999999999997,0.9999999999999997,0.9999999999999997,0.9999999999999997
20200922,0.9999999999999997,0.9999999999999997,0.9999999999999997,0.9999999999999997,0.9999999999999997
20200923,0.9999999999999997,0.9999999999999997,0.9999999999999997,0.9999999999999997,0.9999999999999997
20200924,0.9999999999999997,0.9999999999999997,0.9999999999999997,0.9999999999999997,0.9999999999999997
20200925,0.9999999999999997,0.9999999999999997,0.9999999999999997,0.9999999999999997,0.9999999999999997
20200928,0.9999999999999997,0.9999999999999997,0.9999999999999997,0.9999999999999997,0.9999999999999997
20200929,0.9999999999999997,0.9999999999999997,0.9999999999999997,0.9999999999999997,0.9999999999999997
20200930,0.9999999999999997,0.9999999999999997,0.9999999999999997,0.9999999999999997,0.9999999999999997
20201009,0.9999999999999997,0.9999999999999997,0.9999999999999997,0.9999999999999997,0.9999999999999997
20201012,0.9999999999999997,0.9999999999999997,0.9999999999999997,0.9999999999999997,0.9999999999999997
20201013,0.9999999999999997,0.9999999999999997,0.9999999999999997,0.9999999999999997,0.9999999999999997
20201014,0.9999999999999997,0.9999999999999997,0.9999999999999997,0.9999999999999997,0.9999999999999997
20201015,0.9999999999999997,0.9999999999999997,0.9999999999999997,0.9999999999999997,0.9999999999999997
20201016,0.9999999999999997,0.9999999999999997,0.9999999999999997,0.9999999999999997,0.9999999999999997
20201019,0.9999999999999997,0.9999999999999997,0.9999999999999997,0.9999999999999997,0.9999999999999997
20201020,0.9999999999999997,0.9999999999999997,0.9999999999999997,0.9999999999999997,0.9999999999999997
20201021,0.9999999999999997,0.9999999999999997,0.9999999999999997,0.9999999999999997,0.9999999999999997
20201022,0.9999999999999997,0.9999999999999997,0.9999999999999997,0.9999999999999997,0.9999999999999997
20201023,0.9999999999999997,0.9999999999999997,0.9999999999999997,0.9999999999999997,0.9999999999999997
20201026,0.9999999999999997,0.9999999999999997,0.9999999999999997,0.9999999999999997,0.9999999999999997
20201027,0.9999999999999997,0.9999999999999997,0.9999999999999997,0.9999999999999997,0.9999999999999997
20201028,0.9999999999999997,0.9999999999999997,0.9999999999999997,0.9999999999999997,0.9999999999999997
20201029,0.9999999999999997,0.9999999999999997,0.9999999999999997,0.9999999999999997,0.9999999999999997
20201030,0.9999999999999997,0.9999999999999997,0.9999999999999997,0.9999999999999997,0.9999999999999997
20201102,0.9999999999999997,0.9999999999999997,0.9999999999999997,0.9999999999999997,0.9999999999999997
20201103,0.9999999999999997,0.9999999999999997,0.9999999999999997,0.9999999999999997,0.9999999999999997
20201104,0.9999999999999997,0.9999999999999997,0.9999999999999997,0.9999999999999997,0.9999999999999997
20201105,0.9999999999999997,0.9999999999999997,0.9999999999999997,0.9999999999999997,0.9999999999999997
20201106,0.9999999999999997,0.9999999999999997,0.9999999999999997,0.9999999999999997,0.9999999999999997
20201109,0.9999999999999997,0.9999999999999997,0.9999999999999997,0.9999999999999997,0.9999999999999997
20201110,0.9999999999999997,0.9999999999999997,0.9999999999999997,0.9999999999999997,0.9999999999999997
20201111,0.9999999999999997,0.9999999999999997,0.9999999999999997,0.9999999999999997,0.9999999999999997
20201112,0.9999999999999997,0.9999999999999997,0.9999999999999997,0.9999999999999997,0.9999999999999997
20201113,0.9999999999999997,0.9999999999999997,0.9999999999999997,0.9999999999999997,0.9999999999999997
20201116,0.9999999999999997,0.9999999999999997,0.9999999999999997,0.9999999999999997,0.9999999999999997
20201117,0.9999999999999997,0.9999999999999997,0.9999999999999997,0.9999999999999997,0.9999999999999997
20201118,0.9999999999999997,0.9999999999999997,0.9999999999999997,0.9999999999999997,0.9999999999999997
20201119,0.9999999999999997,0.9999999999999997,0.9999999999999997,0.9999999999999997,0.9999999999999997
20201120,0.9999999999999997,0.9999999999999997,0.9999999999999997,0.9999999999999997,0.9999999999999997
20201123,0.9999999999999997,0.9999999999999997,0.9999999999999997,0.9999999999999997,0.9999999999999997
20201124,0.9999999999999997,0.9999999999999997,0.9999999999999997,0.9999999999999997,0.9999999999999997
20201125,0.9999999999999997,0.9999999999999997,0.9999999999999997,0.9999999999999997,0.9999999999999997
20201126,0.9999999999999997,0.9999999999999997,0.9999999999999997,0.9999999999999997,0.9999999999999997
20201127,0.9999999999999997,0.9999999999999997,0.9999999999999997,0.9999999999999997,0.9999999999999997
20201130,0.9999999999999997,0.9999999999999997,0.9999999999999997,0.9999999999999997,0.9999999999999997
20201201,0.9999999999999997,0.9999999999999997,0.9999999999999997,0.9999999999999997,0.9999999999999997
20201202,0.9999999999999997,0.9999999999999997,0.9999999999999997,0.9999999999999997,0.9999999999999997
20201203,0.9999999999999997,0.9999999999999997,0.9999999999999997,0.9999999999999997,0.9999999999999997
20201204,0.9999999999999997,0.9999999999999997,0.9999999999999997,0.9999999999999997,0.9999999999999997
20201207,0.9999999999999997,0.9999999999999997,0.9999999999999997,0.9999999999999997,0.9999999999999997
20201208,0.9999999999999997,0.9999999999999997,0.9999999999999997,0.9999999999999997,0.9999999999999997
20201209,0.9999999999999997,0.9999999999999997,0.9999999999999997,0.9999999999999997,0.9999999999999997
20201210,0.9999999999999997,0.9999999999999997,0.9999999999999997,0.9999999999999997,0.9999999999999997
20201211,0.9999999999999997,0.9999999999999997,0.9999999999999997,0.9999999999999997,0.9999999999999997
20201214,0.9999999999999997,0.9999999999999997,0.9999999999999997,0.9999999999999997,0.9999999999999997
20201215,0.9999999999999997,0.9999999999999997,0.9999999999999997,0.9999999999999997,0.9999999999999997
20201216,0.9999999999999997,0.9999999999999997,0.9999999999999997,0.9999999999999997,0.9999999999999997
20201217,0.9999999999999997,0.9999999999999997,0.9999999999999997,0.9999999999999997,0.9999999999999997
20201218,0.9999999999999997,0.9999999999999997,0.9999999999999997,0.9999999999999997,0.9999999999999997
20201221,0.9999999999999997,0.9999999999999997,0.9999999999999997,0.9999999999999997,0.9999999999999997
20201222,0.9999999999999997,0.9999999999999997,0.9999999999999997,0.9999999999999997,0.9999999999999997
20201223,0.9999999999999997,0.9999999999999997,0.9999999999999997,0.9999999999999997,0.9999999999999997
20201224,0.9999999999999997,0.9999999999999997,0.9999999999999997,0.9999999999999997,0.9999999999999997
20201225,0.9999999999999997,0.9999999999999997,0.9999999999999997,0.9999999999999997,0.9999999999999997
20201228,0.9999999999999997,0.9999999999999997,0.9999999999999997,0.9999999999999997,0.9999999999999997
20201229,0.9999999999999997,0.9999999999999997,0.9999999999999997,0.9999999999999997,0.9999999999999997
20201230,0.9999999999999997,0.9999999999999997,0.9999999999999997,0.9999999999999997,0.9999999999999997
20201231,0.9999999999999997,0.9999999999999997,0.9999999999999997,0.9999999999999997,0.9999999999999997
20210104,0.9999999999999997,0.9999999999999997,0.9999999999999997,0.9999999999999997,0.9999999999999997
20210105,0.9999999999999997,0.9999999999999997,0.9999999999999997,0.9999999999999997,0.9999999999999997
20210106,0.9999999999999997,0.9999999999999997,0.9999999999999997,0.9999999999999997,0.9999999999999997
20210107,0.9999999999999997,0.9999999999999997,0.9999999999999997,0.9999999999999997,0.9999999999999997
20210108,0.9999999999999997,0.9999999999999997,0.9999999999999997,0.9999999999999997,0.9999999999999997
20210111,0.9999999999999997,0.9999999999999997,0.9999999999999997,0.9999999999999997,0.9999999999999997
20210112,0.9999999999999997,0.9999999999999997,0.9999999999999997,0.9999999999999997,0.9999999999999997
20210113,0.9999999999999997,0.9999999999999997,0.9999999999999997,0.9999999999999997,0.9999999999999997
20210114,0.9999999999999997,0.9999999999999997,0.9999999999999997,0.9999999999999997,0.9999999999999997
20210115,0.9999999999999997,0.9999999999999997,0.9999999999999997,0.9999999999999997,0.9999999999999997
20210118,0.9999999999999997,0.9999999999999997,0.9999999999999997,0.9999999999999997,0.9999999999999997
20210119,0.9999999999999997,0.9999999999999997,0.9999999999999997,0.9999999999999997,0.9999999999999997
20210120,0.9999999999999997,0.9999999999999997,0.9999999999999997,0.9999999999999997,0.9999999999999997
20210121,0.9999999999999997,0.9999999999999997,0.9999999999999997,0.9999999999999997,0.9999999999999997
20210122,0.9999999999999997,0.9999999999999997,0.9999999999999997,0.9999999999999997,0.9999999999999997
20210125,0.9999999999999997,0.9999999999999997,0.9999999999999997,0.9999999999999997,0.9999999999999997
20210126,0.9999999999999997,0.9999999999999997,0.9999999999999997,0.9999999999999997,0.9999999999999997
20210127,0.9999999999999997,0.9999999999999997,0.9999999999999997,0.9999999999999997,0.9999999999999997
20210128,0.9999999999999997,0.9999999999999997,0.9999999999999997,0.9999999999999997,0.9999999999999997
20210129,0.9999999999999997,0.9999999999999997,0.9999999999999997,0.9999999999999997,0.9999999999999997
20210201,0.9999999999999997,0.9999999999999997,0.9999999999999997,0.9999999999999997,0.9999999999999997
20210202,0.9999999999999997,0.9999999999999997,0.9999999999999997,0.9999999999999997,0.9999999999999997
20210203,0.9999999999999997,0.9999999999999997,0.9999999999999997,0.9999999999999997,0.9999999999999997
20210204,0.9999999999999997,0.9999999999999997,0.9999999999999997,0.9999999999999997,0.9999999999999997
20210205,0.9999999999999997,0.9999999999999997,0.9999999999999997,0.9999999999999997,0.9999999999999997
20210208,0.9999999999999997,0.9999999999999997,0.9999999999999997,0.9999999999999997,0.9999999999999997
20210209,0.9999999999999997,0.9999999999999997,0.9999999999999997,0.9999999999999997,0.9999999999999997
20210210,0.9999999999999997,0.9999999999999997,0.9999999999999997,0.9999999999999997,0.9999999999999997
20210218,0.9999999999999997,0.9999999999999997,0.9999999999999997,0.9999999999999997,0.9999999999999997
20210219,0.9999999999999997,0.9999999999999997,0.9999999999999997,0.9999999999999997,0.9999999999999997
20210222,0.9999999999999997,0.9999999999999997,0.9999999999999997,0.9999999999999997,0.9999999999999997
20210223,0.9999999999999997,0.9999999999999997,0.9999999999999997,0.9999999999999997,0.9999999999999997
20210224,0.9999999999999997,0.9999999999999997,0.9999999999999997,0.9999999999999997,0.9999999999999997
20210225,0.9999999999999997,0.9999999999999997,0.9999999999999997,0.9999999999999997,0.9999999999999997
20210226,0.9999999999999997,0.9999999999999997,0.9999999999999997,0.9999999999999997,0.9999999999999997
20210301,0.9999999999999997,0.9999999999999997,0.9999999999999997,0.9999999999999997,0.9999999999999997
20210302,0.9999999999999997,0.9999999999999997,0.9999999999999997,0.9999999999999997,0.9999999999999997
20210303,0.9999999999999997,0.9999999999999997,0.9999999999999997,0.9999999999999997,0.9999999999999997
20210304,0.9999999999999997,0.9999999999999997,0.9999999999999997,0.9999999999999997,0.9999999999999997
20210305,0.9999999999999997,0.9999999999999997,0.9999999999999997,0.9999999999999997,0.9999999999999997
20210308,0.9999999999999997,0.9999999999999997,0.9999999999999997,0.9999999999999997,0.9999999999999997
20210309,0.9999999999999997,0.9999999999999997,0.9999999999999997,0.9999999999999997,0.9999999999999997
20210310,0.9999999999999997,0.9999999999999997,0.9999999999999997,0.9999999999999997,0.9999999999999997
20210311,0.9999999999999997,0.9999999999999997,0.9999999999999997,0.9999999999999997,0.9999999999999997
20210312,0.9999999999999997,0.9999999999999997,0.9999999999999997,0.9999999999999997,0.9999999999999997
20210315,0.9999999999999997,0.9999999999999997,0.9999999999999997,0.9999999999999997,0.9999999999999997
20210316,0.9999999999999997,0.9999999999999997,0.9999999999999997,0.9999999999999997,0.9999999999999997
20210317,0.9999999999999997,0.9999999999999997,0.9999999999999997,0.9999999999999997,0.9999999999999997
20210318,0.9999999999999997,0.9999999999999997,0.9999999999999997,0.9999999999999997,0.9999999999999997
20210319,0.9999999999999997,0.9999999999999997,0.9999999999999997,0.9999999999999997,0.9999999999999997
20210322,0.9999999999999997,0.9999999999999997,0.9999999999999997,0.9999999999999997,0.9999999999999997
20210323,0.9999999999999997,0.9999999999999997,0.9999999999999997,0.9999999999999997,0.9999999999999997
20210324,0.9999999999999997,0.9999999999999997,0.9999999999999997,0.9999999999999997,0.9999999999999997
20210325,0.9999999999999997,0.9999999999999997,0.9999999999999997,0.9999999999999997,0.9999999999999997
20210326,0.9999999999999997,0.9999999999999997,0.9999999999999997,0.9999999999999997,0.9999999999999997
20210329,0.9999999999999997,0.9999999999999997,0.9999999999999997,0.9999999999999997,0.9999999999999997
20210330,0.9999999999999997,0.9999999999999997,0.9999999999999997,0.9999999999999997,0.9999999999999997
20210331,0.9999999999999997,0.9999999999999997,0.9999999999999997,0.9999999999999997,0.9999999999999997
20210401,0.9999999999999997,0.9999999999999997,0.9999999999999997,0.9999999999999997,0.9999999999999997
20210402,0.9999999999999997,0.9999999999999997,0.9999999999999997,0.9999999999999997,0.9999999999999997
20210406,0.9999999999999997,0.9999999999999997,0.9999999999999997,0.9999999999999997,0.9999999999999997
20210407,0.9999999999999997,0.9999999999999997,0.9999999999999997,0.9999999999999997,0.9999999999999997
20210408,0.9999999999999997,0.9999999999999997,0.9999999999999997,0.9999999999999997,0.9999999999999997
20210409,0.9999999999999997,0.9999999999999997,0.9999999999999997,0.9999999999999997,0.9999999999999997
20210412,0.9999999999999997,0.9999999999999997,0.9999999999999997,0.9999999999999997,0.9999999999999997
20210413,0.9999999999999997,0.9999999999999997,0.9999999999999997,0.9999999999999997,0.9999999999999997
20210414,0.9999999999999997,0.9999999999999997,0.9999999999999997,0.9999999999999997,0.9999999999999997
20210415,0.9999999999999997,0.9999999999999997,0.9999999999999997,0.9999999999999997,0.9999999999999997
20210416,0.9999999999999997,0.9999999999999997,0.9999999999999997,0.9999999999999997,0.9999999999999997
20210419,0.9999999999999997,0.9999999999999997,0.9999999999999997,0.9999999999999997,0.9999999999999997
20210420,0.9999999999999997,0.9999999999999997,0.9999999999999997,0.9999999999999997,0.9999999999999997
20210421,0.9999999999999997,0.9999999999999997,0.9999999999999997,0.9999999999999997,0.9999999999999997
20210422,0.9999999999999997,0.9999999999999997,0.9999999999999997,0.9999999999999997,0.9999999999999997
20210423,0.9999999999999997,0.9999999999999997,0.9999999999999997,0.9999999999999997,0.9999999999999997
20210426,0.9999999999999997,0.9999999999999997,0.9999999999999997,0.9999999999999997,0.9999999999999997
20210427,0.9999999999999997,0.9999999999999997,0.9999999999999997,0.9999999999999997,0.9999999999999997
20210428,0.9999999999999997,0.9999999999999997,0.9999999999999997,0.9999999999999997,0.9999999999999997
20210429,0.9999999999999997,0.9999999999999997,0.9999999999999997,0.9999999999999997,0.9999999999999997
20210430,0.9999999999999997,0.9999999999999997,0.9999999999999997,0.9999999999999997,0.9999999999999997
20210506,0.9999999999999997,0.9999999999999997,0.9999999999999997,0.9999999999999997,0.9999999999999997
20210507,0.9999999999999997,0.9999999999999997,0.9999999999999997,0.9999999999999997,0.9999999999999997
20210510,0.9999999999999997,0.9999999999999997,0.9999999999999997,0.9999999999999997,0.9999999999999997
20210511,0.9999999999999997,0.9999999999999997,0.9999999999999997,0.9999999999999997,0.9999999999999997
20210512,0.9999999999999997,0.9999999999999997,0.9999999999999997,0.9999999999999997,0.9999999999999997
20210513,0.9999999999999997,0.9999999999999997,0.9999999999999997,0.9999999999999997,0.9999999999999997
20210514,0.9999999999999997,0.9999999999999997,0.9999999999999997,0.9999999999999997,0.9999999999999997
20210517,0.9999999999999997,0.9999999999999997,0.9999999999999997,0.9999999999999997,0.9999999999999997
20210518,0.9999999999999997,0.9999999999999997,0.9999999999999997,0.9999999999999997,0.9999999999999997
20210519,0.9999999999999997,0.9999999999999997,0.9999999999999997,0.9999999999999997,0.9999999999999997
20210520,0.9999999999999997,0.9999999999999997,0.9999999999999997,0.9999999999999997,0.9999999999999997
20210521,0.9999999999999997,0.9999999999999997,0.9999999999999997,0.9999999999999997,0.9999999999999997
20210524,0.9999999999999997,0.9999999999999997,0.9999999999999997,0.9999999999999997,0.9999999999999997
20210525,0.9999999999999997,0.9999999999999997,0.9999999999999997,0.9999999999999997,0.9999999999999997
20210526,0.9999999999999997,0.9999999999999997,0.9999999999999997,0.9999999999999997,0.9999999999999997
20210527,0.9999999999999997,0.9999999999999997,0.9999999999999997,0.9999999999999997,0.9999999999999997
20210528,0.9999999999999997,0.9999999999999997,0.9999999999999997,0.9999999999999997,0.9999999999999997
20210531,0.9999999999999997,0.9999999999999997,0.9999999999999997,0.9999999999999997,0.9999999999999997
20210601,0.9999999999999997,0.9999999999999997,0.9999999999999997,0.9999999999999997,0.9999999999999997
20210602,0.9999999999999997,0.9999999999999997,0.9999999999999997,0.9999999999999997,0.9999999999999997
20210603,0.9999999999999997,0.9999999999999997,0.9999999999999997,0.9999999999999997,0.9999999999999997
20210604,0.9999999999999997,0.9999999999999997,0.9999999999999997,0.9999999999999997,0.9999999999999997
20210607,0.9999999999999997,0.9999999999999997,0.9999999999999997,0.9999999999999997,0.9999999999999997
20210608,0.9999999999999997,0.9999999999999997,0.9999999999999997,0.9999999999999997,0.9999999999999997
20210609,0.9999999999999997,0.9999999999999997,0.9999999999999997,0.9999999999999997,0.9999999999999997
20210610,0.9999999999999997,0.9999999999999997,0.9999999999999997,0.9999999999999997,0.9999999999999997
20210611,0.9999999999999997,0.9999999999999997,0.9999999999999997,0.9999999999999997,0.9999999999999997
20210615,0.9999999999999997,0.9999999999999997,0.9999999999999997,0.9999999999999997,0.9999999999999997
20210616,0.9999999999999997,0.9999999999999997,0.9999999999999997,0.9999999999999997,0.9999999999999997
20210617,0.9999999999999997,0.9999999999999997,0.9999999999999997,0.9999999999999997,0.9999999999999997
20210618,0.9999999999999997,0.9999999999999997,0.9999999999999997,0.9999999999999997,0.9999999999999997
20210621,0.9999999999999997,0.9999999999999997,0.9999999999999997,0.9999999999999997,0.9999999999999997
20210622,0.9999999999999997,0.9999999999999997,0.9999999999999997,0.9999999999999997,0.9999999999999997
20210623,0.9999999999999997,0.9999999999999997,0.9999999999999997,0.9999999999999997,0.9999999999999997
20210624,0.9999999999999997,0.9999999999999997,0.9999999999999997,0.9999999999999997,0.9999999999999997
20210625,0.9999999999999997,0.9999999999999997,0.9999999999999997,0.9999999999999997,0.9999999999999997
20210628,0.9999999999999997,0.9999999999999997,0.9999999999999997,0.9999999999999997,0.9999999999999997
20210629,0.9999999999999997,0.9999999999999997,0.9999999999999997,0.9999999999999997,0.9999999999999997
20210630,0.9999999999999997,0.9999999999999997,0.9999999999999997,0.9999999999999997,0.9999999999999997
20210701,0.9999999999999997,0.9999999999999997,0.9999999999999997,0.9999999999999997,0.9999999999999997
20210702,0.9999999999999997,0.9999999999999997,0.9999999999999997,0.9999999999999997,0.9999999999999997
20210705,0.9999999999999997,0.9999999999999997,0.9999999999999997,0.9999999999999997,0.9999999999999997
20210706,0.9999999999999997,0.9999999999999997,0.9999999999999997,0.9999999999999997,0.9999999999999997
20210707,0.9999999999999997,0.9999999999999997,0.9999999999999997,0.9999999999999997,0.9999999999999997
20210708,0.9999999999999997,0.9999999999999997,0.9999999999999997,0.9999999999999997,0.9999999999999997
20210709,0.9999999999999997,0.9999999999999997,0.9999999999999997,0.9999999999999997,0.9999999999999997
20210712,0.9999999999999997,0.9999999999999997,0.9999999999999997,0.9999999999999997,0.9999999999999997
20210713,0.9999999999999997,0.9999999999999997,0.9999999999999997,0.9999999999999997,0.9999999999999997
20210714,0.9999999999999997,0.9999999999999997,0.9999999999999997,0.9999999999999997,0.9999999999999997
20210715,0.9999999999999997,0.9999999999999997,0.9999999999999997,0.9999999999999997,0.9999999999999997
20210716,0.9999999999999997,0.9999999999999997,0.9999999999999997,0.9999999999999997,0.9999999999999997
20210719,0.9999999999999997,0.9999999999999997,0.9999999999999997,0.9999999999999997,0.9999999999999997
20210720,0.9999999999999997,0.9999999999999997,0.9999999999999997,0.9999999999999997,0.9999999999999997
20210721,0.9999999999999997,0.9999999999999997,0.9999999999999997,0.9999999999999997,0.9999999999999997
20210722,0.9999999999999997,0.9999999999999997,0.9999999999999997,0.9999999999999997,0.9999999999999997
20210723,0.9999999999999997,0.9999999999999997,0.9999999999999997,0.9999999999999997,0.9999999999999997
20210726,0.9999999999999997,0.9999999999999997,0.9999999999999997,0.9999999999999997,0.9999999999999997
20210727,0.9999999999999997,0.9999999999999997,0.9999999999999997,0.9999999999999997,0.9999999999999997
20210728,0.9999999999999997,0.9999999999999997,0.9999999999999997,0.9999999999999997,0.9999999999999997
20210729,0.9999999999999997,0.9999999999999997,0.9999999999999997,0.9999999999999997,0.9999999999999997
20210730,0.9999999999999997,0.9999999999999997,0.9999999999999997,0.9999999999999997,0.9999999999999997
20210802,0.9999999999999997,0.9999999999999997,0.9999999999999997,0.9999999999999997,0.9999999999999997
20210803,0.9999999999999997,0.9999999999999997,0.9999999999999997,0.9999999999999997,0.9999999999999997
20210804,0.9999999999999997,0.9999999999999997,0.9999999999999997,0.9999999999999997,0.9999999999999997
20210805,0.9999999999999997,0.9999999999999997,0.9999999999999997,0.9999999999999997,0.9999999999999997
20210806,0.9999999999999997,0.9999999999999997,0.9999999999999997,0.9999999999999997,0.9999999999999997
20210809,0.9999999999999997,0.9999999999999997,0.9999999999999997,0.9999999999999997,0.9999999999999997
20210810,0.9999999999999997,0.9999999999999997,0.9999999999999997,0.9999999999999997,0.9999999999999997
20210811,0.9999999999999997,0.9999999999999997,0.9999999999999997,0.9999999999999997,0.9999999999999997
20210812,0.9999999999999997,0.9999999999999997,0.9999999999999997,0.9999999999999997,0.9999999999999997
20210813,0.9999999999999997,0.9999999999999997,0.9999999999999997,0.9999999999999997,0.9999999999999997
20210816,0.9999999999999997,0.9999999999999997,0.9999999999999997,0.9999999999999997,0.9999999999999997
20210817,0.9999999999999997,0.9999999999999997,0.9999999999999997,0.9999999999999997,0.9999999999999997
20210818,0.9999999999999997,0.9999999999999997,0.9999999999999997,0.9999999999999997,0.9999999999999997
20210819,0.9999999999999997,0.9999999999999997,0.9999999999999997,0.9999999999999997,0.9999999999999997
20210820,0.9999999999999997,0.9999999999999997,0.9999999999999997,0.9999999999999997,0.9999999999999997
20210823,0.9999999999999997,0.9999999999999997,0.9999999999999997,0.9999999999999997,0.9999999999999997
20210824,0.9999999999999997,0.9999999999999997,0.9999999999999997,0.9999999999999997,0.9999999999999997
20210825,0.9999999999999997,0.9999999999999997,0.9999999999999997,0.9999999999999997,0.9999999999999997
20210826,0.9999999999999997,0.9999999999999997,0.9999999999999997,0.9999999999999997,0.9999999999999997
20210827,0.9999999999999997,0.9999999999999997,0.9999999999999997,0.9999999999999997,0.9999999999999997
20210830,0.9999999999999997,0.9999999999999997,0.9999999999999997,0.9999999999999997,0.9999999999999997
20210831,0.9999999999999997,0.9999999999999997,0.9999999999999997,0.9999999999999997,0.9999999999999997
20210901,0.9999999999999997,0.9999999999999997,0.9999999999999997,0.9999999999999997,0.9999999999999997
20210902,0.9999999999999997,0.9999999999999997,0.9999999999999997,0.9999999999999997,0.9999999999999997
20210903,0.9999999999999997,0.9999999999999997,0.9999999999999997,0.9999999999999997,0.9999999999999997
20210906,0.9999999999999997,0.9999999999999997,0.9999999999999997,0.9999999999999997,0.9999999999999997
20210907,0.9999999999999997,0.9999999999999997,0.9999999999999997,0.9999999999999997,0.9999999999999997
20210908,0.9999999999999997,0.9999999999999997,0.9999999999999997,0.9999999999999997,0.9999999999999997
20210909,0.9999999999999997,0.9999999999999997,0.9999999999999997,0.9999999999999997,0.9999999999999997
20210910,0.9999999999999997,0.9999999999999997,0.9999999999999997,0.9999999999999997,0.9999999999999997
20210913,0.9999999999999997,0.9999999999999997,0.9999999999999997,0.9999999999999997,0.9999999999999997
20210914,0.9999999999999997,0.9999999999999997,0.9999999999999997,0.9999999999999997,0.9999999999999997
20210915,0.9999999999999997,0.9999999999999997,0.9999999999999997,0.9999999999999997,0.9999999999999997
20210916,0.9999999999999997,0.9999999999999997,0.9999999999999997,0.9999999999999997,0.9999999999999997
20210917,0.9999999999999997,0.9999999999999997,0.9999999999999997,0.9999999999999997,0.9999999999999997
20210922,0.9999999999999997,0.9999999999999997,0.9999999999999997,0.9999999999999997,0.9999999999999997
20210923,0.9999999999999997,0.9999999999999997,0.9999999999999997,0.9999999999999997,0.9999999999999997
20210924,0.9999999999999997,0.9999999999999997,0.9999999999999997,0.9999999999999997,0.9999999999999997
20210927,0.9999999999999997,0.9999999999999997,0.9999999999999997,0.9999999999999997,0.9999999999999997
20210928,0.9999999999999997,0.9999999999999997,0.9999999999999997,0.9999999999999997,0.9999999999999997
20210929,0.9999999999999997,0.9999999999999997,0.9999999999999997,0.9999999999999997,0.9999999999999997
20210930,0.9999999999999997,0.9999999999999997,0.9999999999999997,0.9999999999999997,0.9999999999999997
20211008,0.9999999999999997,0.9999999999999997,0.9999999999999997,0.9999999999999997,0.9999999999999997
20211011,0.9999999999999997,0.9999999999999997,0.9999999999999997,0.9999999999999997,0.9999999999999997
20211012,0.9999999999999997,0.9999999999999997,0.9999999999999997,0.9999999999999997,0.9999999999999997
20211013,0.9999999999999997,0.9999999999999997,0.9999999999999997,0.9999999999999997,0.9999999999999997
20211014,0.9999999999999997,0.9999999999999997,0.9999999999999997,0.9999999999999997,0.9999999999999997
20211015,0.9999999999999997,0.9999999999999997,0.9999999999999997,0.9999999999999997,0.9999999999999997
20211018,0.9999999999999997,0.9999999999999997,0.9999999999999997,0.9999999999999997,0.9999999999999997
20211019,0.9999999999999997,0.9999999999999997,0.9999999999999997,0.9999999999999997,0.9999999999999997
20211020,0.9999999999999997,0.9999999999999997,0.9999999999999997,0.9999999999999997,0.9999999999999997
20211021,0.9999999999999997,0.9999999999999997,0.9999999999999997,0.9999999999999997,0.9999999999999997
20211022,0.9999999999999997,0.9999999999999997,0.9999999999999997,0.9999999999999997,0.9999999999999997
20211025,0.9999999999999997,0.9999999999999997,0.9999999999999997,0.9999999999999997,0.9999999999999997
20211026,0.9999999999999997,0.9999999999999997,0.9999999999999997,0.9999999999999997,0.9999999999999997
20211027,0.9999999999999997,0.9999999999999997,0.9999999999999997,0.9999999999999997,0.9999999999999997
20211028,0.9999999999999997,0.9999999999999997,0.9999999999999997,0.9999999999999997,0.9999999999999997
20211029,0.9999999999999997,0.9999999999999997,0.9999999999999997,0.9999999999999997,0.9999999999999997
20211101,0.9999999999999997,0.9999999999999997,0.9999999999999997,0.9999999999999997,0.9999999999999997
20211102,0.9999999999999997,0.9999999999999997,0.9999999999999997,0.9999999999999997,0.9999999999999997
20211103,0.9999999999999997,0.9999999999999997,0.9999999999999997,0.9999999999999997,0.9999999999999997
20211104,0.9999999999999997,0.9999999999999997,0.9999999999999997,0.9999999999999997,0.9999999999999997
20211105,0.9999999999999997,0.9999999999999997,0.9999999999999997,0.9999999999999997,0.9999999999999997
20211108,0.9999999999999997,0.9999999999999997,0.9999999999999997,0.9999999999999997,0.9999999999999997
20211109,0.9999999999999997,0.9999999999999997,0.9999999999999997,0.9999999999999997,0.9999999999999997
20211110,0.9999999999999997,0.9999999999999997,0.9999999999999997,0.9999999999999997,0.9999999999999997
20211111,0.9999999999999997,0.9999999999999997,0.9999999999999997,0.9999999999999997,0.9999999999999997
20211112,0.9999999999999997,0.9999999999999997,0.9999999999999997,0.9999999999999997,0.9999999999999997
20211115,0.9999999999999997,0.9999999999999997,0.9999999999999997,0.9999999999999997,0.9999999999999997
20211116,0.9999999999999997,0.9999999999999997,0.9999999999999997,0.9999999999999997,0.9999999999999997
20211117,0.9999999999999997,0.9999999999999997,0.9999999999999997,0.9999999999999997,0.9999999999999997
20211118,0.9999999999999997,0.9999999999999997,0.9999999999999997,0.9999999999999997,0.9999999999999997
20211119,0.9999999999999997,0.9999999999999997,0.9999999999999997,0.9999999999999997,0.9999999999999997
20211122,0.9999999999999997,0.9999999999999997,0.9999999999999997,0.9999999999999997,0.9999999999999997
20211123,0.9999999999999997,0.9999999999999997,0.9999999999999997,0.9999999999999997,0.9999999999999997
20211124,0.9999999999999997,0.9999999999999997,0.9999999999999997,0.9999999999999997,0.9999999999999997
20211125,0.9999999999999997,0.9999999999999997,0.9999999999999997,0.9999999999999997,0.9999999999999997
20211126,0.9999999999999997,0.9999999999999997,0.9999999999999997,0.9999999999999997,0.9999999999999997
20211129,0.9999999999999997,0.9999999999999997,0.9999999999999997,0.9999999999999997,0.9999999999999997
20211130,0.9999999999999997,0.9999999999999997,0.9999999999999997,0.9999999999999997,0.9999999999999997
20211201,0.9999999999999997,0.9999999999999997,0.9999999999999997,0.9999999999999997,0.9999999999999997
20211202,0.9999999999999997,0.9999999999999997,0.9999999999999997,0.9999999999999997,0.9999999999999997
20211203,0.9999999999999997,0.9999999999999997,0.9999999999999997,0.9999999999999997,0.9999999999999997
20211206,0.9999999999999997,0.9999999999999997,0.9999999999999997,0.9999999999999997,0.9999999999999997
20211207,0.9999999999999997,0.9999999999999997,0.9999999999999997,0.9999999999999997,0.9999999999999997
20211208,0.9999999999999997,0.9999999999999997,0.9999999999999997,0.9999999999999997,0.9999999999999997
20211209,0.9999999999999997,0.9999999999999997,0.9999999999999997,0.9999999999999997,0.9999999999999997
20211210,0.9999999999999997,0.9999999999999997,0.9999999999999997,0.9999999999999997,0.9999999999999997
20211213,0.9999999999999997,0.9999999999999997,0.9999999999999997,0.9999999999999997,0.9999999999999997
20211214,0.9999999999999997,0.9999999999999997,0.9999999999999997,0.9999999999999997,0.9999999999999997
20211215,0.9999999999999997,0.9999999999999997,0.9999999999999997,0.9999999999999997,0.9999999999999997
20211216,0.9999999999999997,0.9999999999999997,0.9999999999999997,0.9999999999999997,0.9999999999999997
20211217,0.9999999999999997,0.9999999999999997,0.9999999999999997,0.9999999999999997,0.9999999999999997
20211220,0.9999999999999997,0.9999999999999997,0.9999999999999997,0.9999999999999997,0.9999999999999997
20211221,0.9999999999999997,0.9999999999999997,0.9999999999999997,0.9999999999999997,0.9999999999999997
20211222,0.9999999999999997,0.9999999999999997,0.9999999999999997,0.9999999999999997,0.9999999999999997
20211223,0.9999999999999997,0.9999999999999997,0.9999999999999997,0.9999999999999997,0.9999999999999997
20211224,0.9999999999999997,0.9999999999999997,0.9999999999999997,0.9999999999999997,0.9999999999999997
20211227,0.9999999999999997,0.9999999999999997,0.9999999999999997,0.9999999999999997,0.9999999999999997
20211228,0.9999999999999997,0.9999999999999997,0.9999999999999997,0.9999999999999997,0.9999999999999997
20211229,0.9999999999999997,0.9999999999999997,0.9999999999999997,0.9999999999999997,0.9999999999999997
20211230,0.9999999999999997,0.9999999999999997,0.9999999999999997,0.9999999999999997,0.9999999999999997
20211231,0.9999999999999997,0.9999999999999997,0.9999999999999997,0.9999999999999997,0.9999999999999997
20220104,0.9999999999999997,0.9999999999999997,0.9999999999999997,0.9999999999999997,0.9999999999999997
20220105,0.9999999999999997,0.9999999999999997,0.9999999999999997,0.9999999999999997,0.9999999999999997
20220106,0.9999999999999997,0.9999999999999997,0.9999999999999997,0.9999999999999997,0.9999999999999997
20220107,0.9999999999999997,0.9999999999999997,0.9999999999999997,0.9999999999999997,0.9999999999999997
20220110,0.9999999999999997,0.9999999999999997,0.9999999999999997,0.9999999999999997,0.9999999999999997
20220111,0.9999999999999997,0.9999999999999997,0.9999999999999997,0.9999999999999997,0.9999999999999997
20220112,0.9999999999999997,0.9999999999999997,0.9999999999999997,0.9999999999999997,0.9999999999999997
20220113,0.9999999999999997,0.9999999999999997,0.9999999999999997,0.9999999999999997,0.9999999999999997
20220114,0.9999999999999997,0.9999999999999997,0.9999999999999997,0.9999999999999997,0.9999999999999997
20220117,0.9999999999999997,0.9999999999999997,0.9999999999999997,0.9999999999999997,0.9999999999999997
20220118,0.9999999999999997,0.9999999999999997,0.9999999999999997,0.9999999999999997,0.9999999999999997
20220119,0.9999999999999997,0.9999999999999997,0.9999999999999997,0.9999999999999997,0.9999999999999997
20220120,0.9999999999999997,0.9999999999999997,0.9999999999999997,0.9999999999999997,0.9999999999999997
20220121,0.9999999999999997,0.9999999999999997,0.9999999999999997,0.9999999999999997,0.9999999999999997
20220124,0.9999999999999997,0.9999999999999997,0.9999999999999997,0.9999999999999997,0.9999999999999997
20220125,0.9999999999999997,0.9999999999999997,0.9999999999999997,0.9999999999999997,0.9999999999999997
20220126,0.9999999999999997,0.9999999999999997,0.9999999999999997,0.9999999999999997,0.9999999999999997
20220127,0.9999999999999997,0.9999999999999997,0.9999999999999997,0.9999999999999997,0.9999999999999997
20220128,0.9999999999999997,0.9999999999999997,0.9999999999999997,0.9999999999999997,0.9999999999999997
20220207,0.9999999999999997,0.9999999999999997,0.9999999999999997,0.9999999999999997,0.9999999999999997
20220208,0.9999999999999997,0.9999999999999997,0.9999999999999997,0.9999999999999997,0.9999999999999997
20220209,0.9999999999999997,0.9999999999999997,0.9999999999999997,0.9999999999999997,0.9999999999999997
20220210,0.9999999999999997,0.9999999999999997,0.9999999999999997,0.9999999999999997,0.9999999999999997
20220211,0.9999999999999997,0.9999999999999997,0.9999999999999997,0.9999999999999997,0.9999999999999997
20220214,0.9999999999999997,0.9999999999999997,0.9999999999999997,0.9999999999999997,0.9999999999999997
20220215,0.9999999999999997,0.9999999999999997,0.9999999999999997,0.9999999999999997,0.9999999999999997
20220216,0.9999999999999997,0.9999999999999997,0.9999999999999997,0.9999999999999997,0.9999999999999997
20220217,0.9999999999999997,0.9999999999999997,0.9999999999999997,0.9999999999999997,0.9999999999999997
20220218,0.9999999999999997,0.9999999999999997,0.9999999999999997,0.9999999999999997,0.9999999999999997
20220221,0.9999999999999997,0.9999999999999997,0.9999999999999997,0.9999999999999997,0.9999999999999997
20220222,0.9999999999999997,0.9999999999999997,0.9999999999999997,0.9999999999999997,0.9999999999999997
20220223,0.9999999999999997,0.9999999999999997,0.9999999999999997,0.9999999999999997,0.9999999999999997
20220224,0.9999999999999997,0.9999999999999997,0.9999999999999997,0.9999999999999997,0.9999999999999997
20220225,0.9999999999999997,0.9999999999999997,0.9999999999999997,0.9999999999999997,0.9999999999999997
20220228,0.9999999999999997,0.9999999999999997,0.9999999999999997,0.9999999999999997,0.9999999999999997
20220301,0.9999999999999997,0.9999999999999997,0.9999999999999997,0.9999999999999997,0.9999999999999997
20220302,0.9999999999999997,0.9999999999999997,0.9999999999999997,0.9999999999999997,0.9999999999999997
20220303,0.9999999999999997,0.9999999999999997,0.9999999999999997,0.9999999999999997,0.9999999999999997
20220304,0.9999999999999997,0.9999999999999997,0.9999999999999997,0.9999999999999997,0.9999999999999997
20220307,0.9999999999999997,0.9999999999999997,0.9999999999999997,0.9999999999999997,0.9999999999999997
20220308,0.9999999999999997,0.9999999999999997,0.9999999999999997,0.9999999999999997,0.9999999999999997
20220309,0.9999999999999997,0.9999999999999997,0.9999999999999997,0.9999999999999997,0.9999999999999997
20220310,0.9999999999999997,0.9999999999999997,0.9999999999999997,0.9999999999999997,0.9999999999999997
20220311,0.9999999999999997,0.9999999999999997,0.9999999999999997,0.9999999999999997,0.9999999999999997
20220314,0.9999999999999997,0.9999999999999997,0.9999999999999997,0.9999999999999997,0.9999999999999997
20220315,0.9999999999999997,0.9999999999999997,0.9999999999999997,0.9999999999999997,0.9999999999999997
20220316,0.9999999999999997,0.9999999999999997,0.9999999999999997,0.9999999999999997,0.9999999999999997
20220317,0.9999999999999997,0.9999999999999997,0.9999999999999997,0.9999999999999997,0.9999999999999997
20220318,0.9999999999999997,0.9999999999999997,0.9999999999999997,0.9999999999999997,0.9999999999999997
20220321,0.9999999999999997,0.9999999999999997,0.9999999999999997,0.9999999999999997,0.9999999999999997
20220322,0.9999999999999997,0.9999999999999997,0.9999999999999997,0.9999999999999997,0.9999999999999997
20220323,0.9999999999999997,0.9999999999999997,0.9999999999999997,0.9999999999999997,0.9999999999999997
20220324,0.9999999999999997,0.9999999999999997,0.9999999999999997,0.9999999999999997,0.9999999999999997
20220325,0.9999999999999997,0.9999999999999997,0.9999999999999997,0.9999999999999997,0.9999999999999997
20220328,0.9999999999999997,0.9999999999999997,0.9999999999999997,0.9999999999999997,0.9999999999999997
20220329,0.9999999999999997,0.9999999999999997,0.9999999999999997,0.9999999999999997,0.9999999999999997
20220330,0.9999999999999997,0.9999999999999997,0.9999999999999997,0.9999999999999997,0.9999999999999997
20220331,0.9999999999999997,0.9999999999999997,0.9999999999999997,0.9999999999999997,0.9999999999999997
20220401,0.9999999999999997,0.9999999999999997,0.9999999999999997,0.9999999999999997,0.9999999999999997
20220406,0.9999999999999997,0.9999999999999997,0.9999999999999997,0.9999999999999997,0.9999999999999997
20220407,0.9999999999999997,0.9999999999999997,0.9999999999999997,0.9999999999999997,0.9999999999999997
20220408,0.9999999999999997,0.9999999999999997,0.9999999999999997,0.9999999999999997,0.9999999999999997
20220411,0.9999999999999997,0.9999999999999997,0.9999999999999997,0.9999999999999997,0.9999999999999997
20220412,0.9999999999999997,0.9999999999999997,0.9999999999999997,0.9999999999999997,0.9999999999999997
20220413,0.9999999999999997,0.9999999999999997,0.9999999999999997,0.9999999999999997,0.9999999999999997
20220414,0.9999999999999997,0.9999999999999997,0.9999999999999997,0.9999999999999997,0.9999999999999997
20220415,0.9999999999999997,0.9999999999999997,0.9999999999999997,0.9999999999999997,0.9999999999999997
20220418,0.9999999999999997,0.9999999999999997,0.9999999999999997,0.9999999999999997,0.9999999999999997
20220419,0.9999999999999997,0.9999999999999997,0.9999999999999997,0.9999999999999997,0.9999999999999997
20220420,0.9999999999999997,0.9999999999999997,0.9999999999999997,0.9999999999999997,0.9999999999999997
20220421,0.9999999999999997,0.9999999999999997,0.9999999999999997,0.9999999999999997,0.9999999999999997
20220422,0.9999999999999997,0.9999999999999997,0.9999999999999997,0.9999999999999997,0.9999999999999997
20220425,0.9999999999999997,0.9999999999999997,0.9999999999999997,0.9999999999999997,0.9999999999999997
20220426,0.9999999999999997,0.9999999999999997,0.9999999999999997,0.9999999999999997,0.9999999999999997
20220427,0.9999999999999997,0.9999999999999997,0.9999999999999997,0.9999999999999997,0.9999999999999997
20220428,0.9999999999999997,0.9999999999999997,0.9999999999999997,0.9999999999999997,0.9999999999999997
20220429,0.9999999999999997,0.9999999999999997,0.9999999999999997,0.9999999999999997,0.9999999999999997
20220505,0.9999999999999997,0.9999999999999997,0.9999999999999997,0.9999999999999997,0.9999999999999997
20220506,0.9999999999999997,0.9999999999999997,0.9999999999999997,0.9999999999999997,0.9999999999999997
20220509,0.9999999999999997,0.9999999999999997,0.9999999999999997,0.9999999999999997,0.9999999999999997
20220510,0.9999999999999997,0.9999999999999997,0.9999999999999997,0.9999999999999997,0.9999999999999997
20220511,0.9999999999999997,0.9999999999999997,0.9999999999999997,0.9999999999999997,0.9999999999999997
20220512,0.9999999999999997,0.9999999999999997,0.9999999999999997,0.9999999999999997,0.9999999999999997
20220513,0.9999999999999997,0.9999999999999997,0.9999999999999997,0.9999999999999997,0.9999999999999997
20220516,0.9999999999999997,0.9999999999999997,0.9999999999999997,0.9999999999999997,0.9999999999999997
20220517,0.9999999999999997,0.9999999999999997,0.9999999999999997,0.9999999999999997,0.9999999999999997
20220518,0.9999999999999997,0.9999999999999997,0.9999999999999997,0.9999999999999997,0.9999999999999997
20220519,0.9999999999999997,0.9999999999999997,0.9999999999999997,0.9999999999999997,0.9999999999999997
20220520,0.9999999999999997,0.9999999999999997,0.9999999999999997,0.9999999999999997,0.9999999999999997
20220523,0.9999999999999997,0.9999999999999997,0.9999999999999997,0.9999999999999997,0.9999999999999997
20220524,0.9999999999999997,0.9999999999999997,0.9999999999999997,0.9999999999999997,0.9999999999999997
20220525,0.9999999999999997,0.9999999999999997,0.9999999999999997,0.9999999999999997,0.9999999999999997
20220526,0.9999999999999997,0.9999999999999997,0.9999999999999997,0.9999999999999997,0.9999999999999997
20220527,0.9999999999999997,0.9999999999999997,0.9999999999999997,0.9999999999999997,0.9999999999999997
20220530,0.9999999999999997,0.9999999999999997,0.9999999999999997,0.9999999999999997,0.9999999999999997
20220531,0.9999999999999997,0.9999999999999997,0.9999999999999997,0.9999999999999997,0.9999999999999997
20220601,0.9999999999999997,0.9999999999999997,0.9999999999999997,0.9999999999999997,0.9999999999999997
20220602,0.9999999999999997,0.9999999999999997,0.9999999999999997,0.9999999999999997,0.9999999999999997
20220606,0.9999999999999997,0.9999999999999997,0.9999999999999997,0.9999999999999997,0.9999999999999997
20220607,0.9999999999999997,0.9999999999999997,0.9999999999999997,0.9999999999999997,0.9999999999999997
20220608,0.9999999999999997,0.9999999999999997,0.9999999999999997,0.9999999999999997,0.9999999999999997
20220609,0.9999999999999997,0.9999999999999997,0.9999999999999997,0.9999999999999997,0.9999999999999997
20220610,0.9999999999999997,0.9999999999999997,0.9999999999999997,0.9999999999999997,0.9999999999999997
20220613,0.9999999999999997,0.9999999999999997,0.9999999999999997,0.9999999999999997,0.9999999999999997
20220614,0.9999999999999997,0.9999999999999997,0.9999999999999997,0.9999999999999997,0.9999999999999997
20220615,0.9999999999999997,0.9999999999999997,0.9999999999999997,0.9999999999999997,0.9999999999999997
20220616,0.9999999999999997,0.9999999999999997,0.9999999999999997,0.9999999999999997,0.9999999999999997
20220617,0.9999999999999997,0.9999999999999997,0.9999999999999997,0.9999999999999997,0.9999999999999997
20220620,0.9999999999999997,0.9999999999999997,0.9999999999999997,0.9999999999999997,0.9999999999999997
20220621,0.9999999999999997,0.9999999999999997,0.9999999999999997,0.9999999999999997,0.9999999999999997
20220622,0.9999999999999997,0.9999999999999997,0.9999999999999997,0.9999999999999997,0.9999999999999997
20220623,0.9999999999999997,0.9999999999999997,0.9999999999999997,0.9999999999999997,0.9999999999999997
20220624,0.9999999999999997,0.9999999999999997,0.9999999999999997,0.9999999999999997,0.9999999999999997
20220627,0.9999999999999997,0.9999999999999997,0.9999999999999997,0.9999999999999997,0.9999999999999997
20220628,0.9999999999999997,0.9999999999999997,0.9999999999999997,0.9999999999999997,0.9999999999999997
20220629,0.9999999999999997,0.9999999999999997,0.9999999999999997,0.9999999999999997,0.9999999999999997
20220630,0.9999999999999997,0.9999999999999997,0.9999999999999997,0.9999999999999997,0.9999999999999997
20220701,0.9999999999999997,0.9999999999999997,0.9999999999999997,0.9999999999999997,0.9999999999999997
20220704,0.9999999999999997,0.9999999999999997,0.9999999999999997,0.9999999999999997,0.9999999999999997
20220705,0.9999999999999997,0.9999999999999997,0.9999999999999997,0.9999999999999997,0.9999999999999997
20220706,0.9999999999999997,0.9999999999999997,0.9999999999999997,0.9999999999999997,0.9999999999999997
20220707,0.9999999999999997,0.9999999999999997,0.9999999999999997,0.9999999999999997,0.9999999999999997
20220708,0.9999999999999997,0.9999999999999997,0.9999999999999997,0.9999999999999997,0.9999999999999997
20220711,0.9999999999999997,0.9999999999999997,0.9999999999999997,0.9999999999999997,0.9999999999999997
20220712,0.9999999999999997,0.9999999999999997,0.9999999999999997,0.9999999999999997,0.9999999999999997
20220713,0.9999999999999997,0.9999999999999997,0.9999999999999997,0.9999999999999997,0.9999999999999997
20220714,0.9999999999999997,0.9999999999999997,0.9999999999999997,0.9999999999999997,0.9999999999999997
20220715,0.9999999999999997,0.9999999999999997,0.9999999999999997,0.9999999999999997,0.9999999999999997
20220718,0.9999999999999997,0.9999999999999997,0.9999999999999997,0.9999999999999997,0.9999999999999997
20220719,0.9999999999999997,0.9999999999999997,0.9999999999999997,0.9999999999999997,0.9999999999999997
20220720,0.9999999999999997,0.9999999999999997,0.9999999999999997,0.9999999999999997,0.9999999999999997
20220721,0.9999999999999997,0.9999999999999997,0.9999999999999997,0.9999999999999997,0.9999999999999997
20220722,0.9999999999999997,0.9999999999999997,0.9999999999999997,0.9999999999999997,0.9999999999999997
20220725,0.9999999999999997,0.9999999999999997,0.9999999999999997,0.9999999999999997,0.9999999999999997
20220726,0.9999999999999997,0.9999999999999997,0.9999999999999997,0.9999999999999997,0.9999999999999997
20220727,0.9999999999999997,0.9999999999999997,0.9999999999999997,0.9999999999999997,0.9999999999999997
20220728,0.9999999999999997,0.9999999999999997,0.9999999999999997,0.9999999999999997,0.9999999999999997
20220729,0.9999999999999997,0.9999999999999997,0.9999999999999997,0.9999999999999997,0.9999999999999997
20220801,0.9999999999999997,0.9999999999999997,0.9999999999999997,0.9999999999999997,0.9999999999999997
20220802,0.9999999999999997,0.9999999999999997,0.9999999999999997,0.9999999999999997,0.9999999999999997
20220803,0.9999999999999997,0.9999999999999997,0.9999999999999997,0.9999999999999997,0.9999999999999997
20220804,0.9999999999999997,0.9999999999999997,0.9999999999999997,0.9999999999999997,0.9999999999999997
20220805,0.9999999999999997,0.9999999999999997,0.9999999999999997,0.9999999999999997,0.9999999999999997
20220808,0.9999999999999997,0.9999999999999997,0.9999999999999997,0.9999999999999997,0.9999999999999997
20220809,0.9999999999999997,0.9999999999999997,0.9999999999999997,0.9999999999999997,0.9999999999999997
20220810,0.9999999999999997,0.9999999999999997,0.9999999999999997,0.9999999999999997,0.9999999999999997
20220811,0.9999999999999997,0.9999999999999997,0.9999999999999997,0.9999999999999997,0.9999999999999997
20220812,0.9999999999999997,0.9999999999999997,0.9999999999999997,0.9999999999999997,0.9999999999999997
20220815,0.9999999999999997,0.9999999999999997,0.9999999999999997,0.9999999999999997,0.9999999999999997
20220816,0.9999999999999997,0.9999999999999997,0.9999999999999997,0.9999999999999997,0.9999999999999997
20220817,0.9999999999999997,0.9999999999999997,0.9999999999999997,0.9999999999999997,0.9999999999999997
20220818,0.9999999999999997,0.9999999999999997,0.9999999999999997,0.9999999999999997,0.9999999999999997
20220819,0.9999999999999997,0.9999999999999997,0.9999999999999997,0.9999999999999997,0.9999999999999997
20220822,0.9999999999999997,0.9999999999999997,0.9999999999999997,0.9999999999999997,0.9999999999999997
20220823,0.9999999999999997,0.9999999999999997,0.9999999999999997,0.9999999999999997,0.9999999999999997
20220824,0.9999999999999997,0.9999999999999997,0.9999999999999997,0.9999999999999997,0.9999999999999997
20220825,0.9999999999999997,0.9999999999999997,0.9999999999999997,0.9999999999999997,0.9999999999999997
20220826,0.9999999999999997,0.9999999999999997,0.9999999999999997,0.9999999999999997,0.9999999999999997
20220829,0.9999999999999997,0.9999999999999997,0.9999999999999997,0.9999999999999997,0.9999999999999997
20220830,0.9999999999999997,0.9999999999999997,0.9999999999999997,0.9999999999999997,0.9999999999999997
20220831,0.9999999999999997,0.9999999999999997,0.9999999999999997,0.9999999999999997,0.9999999999999997
20220901,0.9999999999999997,0.9999999999999997,0.9999999999999997,0.9999999999999997,0.9999999999999997
20220902,0.9999999999999997,0.9999999999999997,0.9999999999999997,0.9999999999999997,0.9999999999999997
20220905,0.9999999999999997,0.9999999999999997,0.9999999999999997,0.9999999999999997,0.9999999999999997
20220906,0.9999999999999997,0.9999999999999997,0.9999999999999997,0.9999999999999997,0.9999999999999997
20220907,0.9999999999999997,0.9999999999999997,0.9999999999999997,0.9999999999999997,0.9999999999999997
20220908,0.9999999999999997,0.9999999999999997,0.9999999999999997,0.9999999999999997,0.9999999999999997
20220909,0.9999999999999997,0.9999999999999997,0.9999999999999997,0.9999999999999997,0.9999999999999997
20220913,0.9999999999999997,0.9999999999999997,0.9999999999999997,0.9999999999999997,0.9999999999999997
20220914,0.9999999999999997,0.9999999999999997,0.9999999999999997,0.9999999999999997,0.9999999999999997
20220915,0.9999999999999997,0.9999999999999997,0.9999999999999997,0.9999999999999997,0.9999999999999997
20220916,0.9999999999999997,0.9999999999999997,0.9999999999999997,0.9999999999999997,0.9999999999999997
20220919,0.9999999999999997,0.9999999999999997,0.9999999999999997,0.9999999999999997,0.9999999999999997
20220920,0.9999999999999997,0.9999999999999997,0.9999999999999997,0.9999999999999997,0.9999999999999997
20220921,0.9999999999999997,0.9999999999999997,0.9999999999999997,0.9999999999999997,0.9999999999999997
20220922,0.9999999999999997,0.9999999999999997,0.9999999999999997,0.9999999999999997,0.9999999999999997
20220923,0.9999999999999997,0.9999999999999997,0.9999999999999997,0.9999999999999997,0.9999999999999997
20220926,0.9999999999999997,0.9999999999999997,0.9999999999999997,0.9999999999999997,0.9999999999999997
20220927,0.9999999999999997,0.9999999999999997,0.9999999999999997,0.9999999999999997,0.9999999999999997
20220928,0.9999999999999997,0.9999999999999997,0.9999999999999997,0.9999999999999997,0.9999999999999997
20220929,0.9999999999999997,0.9999999999999997,0.9999999999999997,0.9999999999999997,0.9999999999999997
20220930,0.9999999999999997,0.9999999999999997,0.9999999999999997,0.9999999999999997,0.9999999999999997
20221010,0.9999999999999997,0.9999999999999997,0.9999999999999997,0.9999999999999997,0.9999999999999997
20221011,0.9999999999999997,0.9999999999999997,0.9999999999999997,0.9999999999999997,0.9999999999999997
20221012,0.9999999999999997,0.9999999999999997,0.9999999999999997,0.9999999999999997,0.9999999999999997
20221013,0.9999999999999997,0.9999999999999997,0.9999999999999997,0.9999999999999997,0.9999999999999997
20221014,0.9999999999999997,0.9999999999999997,0.9999999999999997,0.9999999999999997,0.9999999999999997
20221017,0.9999999999999997,0.9999999999999997,0.9999999999999997,0.9999999999999997,0.9999999999999997
20221018,0.9999999999999997,0.9999999999999997,0.9999999999999997,0.9999999999999997,0.9999999999999997
20221019,0.9999999999999997,0.9999999999999997,0.9999999999999997,0.9999999999999997,0.9999999999999997
20221020,0.9999999999999997,0.9999999999999997,0.9999999999999997,0.9999999999999997,0.9999999999999997
20221021,0.9999999999999997,0.9999999999999997,0.9999999999999997,0.9999999999999997,0.9999999999999997
20221024,0.9999999999999997,0.9999999999999997,0.9999999999999997,0.9999999999999997,0.9999999999999997
20221025,0.9999999999999997,0.9999999999999997,0.9999999999999997,0.9999999999999997,0.9999999999999997
20221026,0.9999999999999997,0.9999999999999997,0.9999999999999997,0.9999999999999997,0.9999999999999997
20221027,0.9999999999999997,0.9999999999999997,0.9999999999999997,0.9999999999999997,0.9999999999999997
20221028,0.9999999999999997,0.9999999999999997,0.9999999999999997,0.9999999999999997,0.9999999999999997
20221031,0.9999999999999997,0.9999999999999997,0.9999999999999997,0.9999999999999997,0.9999999999999997
20221101,0.9999999999999997,0.9999999999999997,0.9999999999999997,0.9999999999999997,0.9999999999999997
20221102,0.9999999999999997,0.9999999999999997,0.9999999999999997,0.9999999999999997,0.9999999999999997
20221103,0.9999999999999997,0.9999999999999997,0.9999999999999997,0.9999999999999997,0.9999999999999997
20221104,0.9999999999999997,0.9999999999999997,0.9999999999999997,0.9999999999999997,0.9999999999999997
20221107,0.9999999999999997,0.9999999999999997,0.9999999999999997,0.9999999999999997,0.9999999999999997
20221108,0.9999999999999997,0.9999999999999997,0.9999999999999997,0.9999999999999997,0.9999999999999997
20221109,0.9999999999999997,0.9999999999999997,0.9999999999999997,0.9999999999999997,0.9999999999999997
20221110,0.9999999999999997,0.9999999999999997,0.9999999999999997,0.9999999999999997,0.9999999999999997
20221111,0.9999999999999997,0.9999999999999997,0.9999999999999997,0.9999999999999997,0.9999999999999997
20221114,0.9999999999999997,0.9999999999999997,0.9999999999999997,0.9999999999999997,0.9999999999999997
20221115,0.9999999999999997,0.9999999999999997,0.9999999999999997,0.9999999999999997,0.9999999999999997
20221116,0.9999999999999997,0.9999999999999997,0.9999999999999997,0.9999999999999997,0.9999999999999997
20221117,0.9999999999999997,0.9999999999999997,0.9999999999999997,0.9999999999999997,0.9999999999999997
20221118,0.9999999999999997,0.9999999999999997,0.9999999999999997,0.9999999999999997,0.9999999999999997
20221121,0.9999999999999997,0.9999999999999997,0.9999999999999997,0.9999999999999997,0.9999999999999997
20221122,0.9999999999999997,0.9999999999999997,0.9999999999999997,0.9999999999999997,0.9999999999999997
20221123,0.9999999999999997,0.9999999999999997,0.9999999999999997,0.9999999999999997,0.9999999999999997
20221124,0.9999999999999997,0.9999999999999997,0.9999999999999997,0.9999999999999997,0.9999999999999997
20221125,0.9999999999999997,0.9999999999999997,0.9999999999999997,0.9999999999999997,0.9999999999999997
20221128,0.9999999999999997,0.9999999999999997,0.9999999999999997,0.9999999999999997,0.9999999999999997
20221129,0.9999999999999997,0.9999999999999997,0.9999999999999997,0.9999999999999997,0.9999999999999997
20221130,0.9999999999999997,0.9999999999999997,0.9999999999999997,0.9999999999999997,0.9999999999999997
20221201,0.9999999999999997,0.9999999999999997,0.9999999999999997,0.9999999999999997,0.9999999999999997
20221202,0.9999999999999997,0.9999999999999997,0.9999999999999997,0.9999999999999997,0.9999999999999997
20221205,0.9999999999999997,0.9999999999999997,0.9999999999999997,0.9999999999999997,0.9999999999999997
20221206,0.9999999999999997,0.9999999999999997,0.9999999999999997,0.9999999999999997,0.9999999999999997
20221207,0.9999999999999997,0.9999999999999997,0.9999999999999997,0.9999999999999997,0.9999999999999997
20221208,0.9999999999999997,0.9999999999999997,0.9999999999999997,0.9999999999999997,0.9999999999999997
20221209,0.9999999999999997,0.9999999999999997,0.9999999999999997,0.9999999999999997,0.9999999999999997
20221212,0.9999999999999997,0.9999999999999997,0.9999999999999997,0.9999999999999997,0.9999999999999997
20221213,0.9999999999999997,0.9999999999999997,0.9999999999999997,0.9999999999999997,0.9999999999999997
20221214,0.9999999999999997,0.9999999999999997,0.9999999999999997,0.9999999999999997,0.9999999999999997
20221215,0.9999999999999997,0.9999999999999997,0.9999999999999997,0.9999999999999997,0.9999999999999997
20221216,0.9999999999999997,0.9999999999999997,0.9999999999999997,0.9999999999999997,0.9999999999999997
20221219,0.9999999999999997,0.9999999999999997,0.9999999999999997,0.9999999999999997,0.9999999999999997
20221220,0.9999999999999997,0.9999999999999997,0.9999999999999997,0.9999999999999997,0.9999999999999997
20221221,0.9999999999999997,0.9999999999999997,0.9999999999999997,0.9999999999999997,0.9999999999999997
20221222,0.9999999999999997,0.9999999999999997,0.9999999999999997,0.9999999999999997,0.9999999999999997
20221223,0.9999999999999997,0.9999999999999997,0.9999999999999997,0.9999999999999997,0.9999999999999997
20221226,0.9999999999999997,0.9999999999999997,0.9999999999999997,0.9999999999999997,0.9999999999999997
20221227,0.9999999999999997,0.9999999999999997,0.9999999999999997,0.9999999999999997,0.9999999999999997
20221228,0.9999999999999997,0.9999999999999997,0.9999999999999997,0.9999999999999997,0.9999999999999997
20221229,0.9999999999999997,0.9999999999999997,0.9999999999999997,0.9999999999999997,0.9999999999999997
20221230,0.9999999999999997,0.9999999999999997,0.9999999999999997,0.9999999999999997,0.9999999999999997
20230103,0.9999999999999997,0.9999999999999997,0.9999999999999997,0.9999999999999997,0.9999999999999997
20230104,0.9999999999999997,0.9999999999999997,0.9999999999999997,0.9999999999999997,0.9999999999999997
20230105,0.9999999999999997,0.9999999999999997,0.9999999999999997,0.9999999999999997,0.9999999999999997
20230106,0.9999999999999997,0.9999999999999997,0.9999999999999997,0.9999999999999997,0.9999999999999997
20230109,0.9999999999999997,0.9999999999999997,0.9999999999999997,0.9999999999999997,0.9999999999999997
20230110,0.9999999999999997,0.9999999999999997,0.9999999999999997,0.9999999999999997,0.9999999999999997
20230111,0.9999999999999997,0.9999999999999997,0.9999999999999997,0.9999999999999997,0.9999999999999997
20230112,0.9999999999999997,0.9999999999999997,0.9999999999999997,0.9999999999999997,0.9999999999999997
20230113,0.9999999999999997,0.9999999999999997,0.9999999999999997,0.9999999999999997,0.9999999999999997
20230116,0.9999999999999997,0.9999999999999997,0.9999999999999997,0.9999999999999997,0.9999999999999997
20230117,0.9999999999999997,0.9999999999999997,0.9999999999999997,0.9999999999999997,0.9999999999999997
20230118,0.9999999999999997,0.9999999999999997,0.9999999999999997,0.9999999999999997,0.9999999999999997
20230119,0.9999999999999997,0.9999999999999997,0.9999999999999997,0.9999999999999997,0.9999999999999997
20230120,0.9999999999999997,0.9999999999999997,0.9999999999999997,0.9999999999999997,0.9999999999999997
20230130,0.9999999999999997,0.9999999999999997,0.9999999999999997,0.9999999999999997,0.9999999999999997
20230131,0.9999999999999997,0.9999999999999997,0.9999999999999997,0.9999999999999997,0.9999999999999997
20230201,0.9999999999999997,0.9999999999999997,0.9999999999999997,0.9999999999999997,0.9999999999999997
20230202,0.9999999999999997,0.9999999999999997,0.9999999999999997,0.9999999999999997,0.9999999999999997
20230203,0.9999999999999997,0.9999999999999997,0.9999999999999997,0.9999999999999997,0.9999999999999997
20230206,0.9999999999999997,0.9999999999999997,0.9999999999999997,0.9999999999999997,0.9999999999999997
20230207,0.9999999999999997,0.9999999999999997,0.9999999999999997,0.9999999999999997,0.9999999999999997
20230208,0.9999999999999997,0.9999999999999997,0.9999999999999997,0.9999999999999997,0.9999999999999997
20230209,0.9999999999999997,0.9999999999999997,0.9999999999999997,0.9999999999999997,0.9999999999999997
20230210,0.9999999999999997,0.9999999999999997,0.9999999999999997,0.9999999999999997,0.9999999999999997
20230213,0.9999999999999997,0.9999999999999997,0.9999999999999997,0.9999999999999997,0.9999999999999997
20230214,0.9999999999999997,0.9999999999999997,0.9999999999999997,0.9999999999999997,0.9999999999999997
20230215,0.9999999999999997,0.9999999999999997,0.9999999999999997,0.9999999999999997,0.9999999999999997
20230216,0.9999999999999997,0.9999999999999997,0.9999999999999997,0.9999999999999997,0.9999999999999997
20230217,0.9999999999999997,0.9999999999999997,0.9999999999999997,0.9999999999999997,0.9999999999999997
20230220,0.9999999999999997,0.9999999999999997,0.9999999999999997,0.9999999999999997,0.9999999999999997
20230221,0.9999999999999997,0.9999999999999997,0.9999999999999997,0.9999999999999997,0.9999999999999997
20230222,0.9999999999999997,0.9999999999999997,0.9999999999999997,0.9999999999999997,0.9999999999999997
20230223,0.9999999999999997,0.9999999999999997,0.9999999999999997,0.9999999999999997,0.9999999999999997
20230224,0.9999999999999997,0.9999999999999997,0.9999999999999997,0.9999999999999997,0.9999999999999997
20230227,0.9999999999999997,0.9999999999999997,0.9999999999999997,0.9999999999999997,0.9999999999999997
20230228,0.9999999999999997,0.9999999999999997,0.9999999999999997,0.9999999999999997,0.9999999999999997
20230301,0.9999999999999997,0.9999999999999997,0.9999999999999997,0.9999999999999997,0.9999999999999997
20230302,0.9999999999999997,0.9999999999999997,0.9999999999999997,0.9999999999999997,0.9999999999999997
20230303,0.9999999999999997,0.9999999999999997,0.9999999999999997,0.9999999999999997,0.9999999999999997
20230306,0.9999999999999997,0.9999999999999997,0.9999999999999997,0.9999999999999997,0.9999999999999997
20230307,0.9999999999999997,0.9999999999999997,0.9999999999999997,0.9999999999999997,0.9999999999999997
20230308,0.9999999999999997,0.9999999999999997,0.9999999999999997,0.9999999999999997,0.9999999999999997
20230309,0.9999999999999997,0.9999999999999997,0.9999999999999997,0.9999999999999997,0.9999999999999997
20230310,0.9999999999999997,0.9999999999999997,0.9999999999999997,0.9999999999999997,0.9999999999999997
20230313,0.9999999999999997,0.9999999999999997,0.9999999999999997,0.9999999999999997,0.9999999999999997
20230314,0.9999999999999997,0.9999999999999997,0.9999999999999997,0.9999999999999997,0.9999999999999997
20230315,0.9999999999999997,0.9999999999999997,0.9999999999999997,0.9999999999999997,0.9999999999999997
20230316,0.9999999999999997,0.9999999999999997,0.9999999999999997,0.9999999999999997,0.9999999999999997
20230317,0.9999999999999997,0.9999999999999997,0.9999999999999997,0.9999999999999997,0.9999999999999997
20230320,0.9999999999999997,0.9999999999999997,0.9999999999999997,0.9999999999999997,0.9999999999999997
20230321,0.9999999999999997,0.9999999999999997,0.9999999999999997,0.9999999999999997,0.9999999999999997
20230322,0.9999999999999997,0.9999999999999997,0.9999999999999997,0.9999999999999997,0.9999999999999997
20230323,0.9999999999999997,0.9999999999999997,0.9999999999999997,0.9999999999999997,0.9999999999999997
20230324,0.9999999999999997,0.9999999999999997,0.9999999999999997,0.9999999999999997,0.9999999999999997
20230327,0.9999999999999997,0.9999999999999997,0.9999999999999997,0.9999999999999997,0.9999999999999997
20230328,0.9999999999999997,0.9999999999999997,0.9999999999999997,0.9999999999999997,0.9999999999999997
20230329,0.9999999999999997,0.9999999999999997,0.9999999999999997,0.9999999999999997,0.9999999999999997
20230330,0.9999999999999997,0.9999999999999997,0.9999999999999997,0.9999999999999997,0.9999999999999997
20230331,0.9999999999999997,0.9999999999999997,0.9999999999999997,0.9999999999999997,0.9999999999999997
20230403,0.9999999999999997,0.9999999999999997,0.9999999999999997,0.9999999999999997,0.9999999999999997
20230404,0.9999999999999997,0.9999999999999997,0.9999999999999997,0.9999999999999997,0.9999999999999997
20230406,0.9999999999999997,0.9999999999999997,0.9999999999999997,0.9999999999999997,0.9999999999999997
20230407,0.9999999999999997,0.9999999999999997,0.9999999999999997,0.9999999999999997,0.9999999999999997
20230410,0.9999999999999997,0.9999999999999997,0.9999999999999997,0.9999999999999997,0.9999999999999997
20230411,0.9999999999999997,0.9999999999999997,0.9999999999999997,0.9999999999999997,0.9999999999999997
20230412,0.9999999999999997,0.9999999999999997,0.9999999999999997,0.9999999999999997,0.9999999999999997
20230413,0.9999999999999997,0.9999999999999997,0.9999999999999997,0.9999999999999997,0.9999999999999997
20230414,0.9999999999999997,0.9999999999999997,0.9999999999999997,0.9999999999999997,0.9999999999999997
20230417,0.9999999999999997,0.9999999999999997,0.9999999999999997,0.9999999999999997,0.9999999999999997
20230418,0.9999999999999997,0.9999999999999997,0.9999999999999997,0.9999999999999997,0.9999999999999997
20230419,0.9999999999999997,0.9999999999999997,0.9999999999999997,0.9999999999999997,0.9999999999999997
20230420,0.9999999999999997,0.9999999999999997,0.9999999999999997,0.9999999999999997,0.9999999999999997
20230421,0.9999999999999997,0.9999999999999997,0.9999999999999997,0.9999999999999997,0.9999999999999997
20230424,0.9999999999999997,0.9999999999999997,0.9999999999999997,0.9999999999999997,0.9999999999999997
20230425,0.9999999999999997,0.9999999999999997,0.9999999999999997,0.9999999999999997,0.9999999999999997
20230426,0.9999999999999997,0.9999999999999997,0.9999999999999997,0.9999999999999997,0.9999999999999997
20230427,0.9999999999999997,0.9999999999999997,0.9999999999999997,0.9999999999999997,0.9999999999999997
20230428,0.9999999999999997,0.9999999999999997,0.9999999999999997,0.9999999999999997,0.9999999999999997
20230504,0.9999999999999997,0.9999999999999997,0.9999999999999997,0.9999999999999997,0.9999999999999997
20230505,0.9999999999999997,0.9999999999999997,0.9999999999999997,0.9999999999999997,0.9999999999999997
20230508,0.9999999999999997,0.9999999999999997,0.9999999999999997,0.9999999999999997,0.9999999999999997
20230509,0.9999999999999997,0.9999999999999997,0.9999999999999997,0.9999999999999997,0.9999999999999997
20230510,0.9999999999999997,0.9999999999999997,0.9999999999999997,0.9999999999999997,0.9999999999999997
20230511,0.9999999999999997,0.9999999999999997,0.9999999999999997,0.9999999999999997,0.9999999999999997
20230512,0.9999999999999997,0.9999999999999997,0.9999999999999997,0.9999999999999997,0.9999999999999997
20230515,0.9999999999999997,0.9999999999999997,0.9999999999999997,0.9999999999999997,0.9999999999999997
20230516,0.9999999999999997,0.9999999999999997,0.9999999999999997,0.9999999999999997,0.9999999999999997
20230517,0.9999999999999997,0.9999999999999997,0.9999999999999997,0.9999999999999997,0.9999999999999997
20230518,0.9999999999999997,0.9999999999999997,0.9999999999999997,0.9999999999999997,0.9999999999999997
20230519,0.9999999999999997,0.9999999999999997,0.9999999999999997,0.9999999999999997,0.9999999999999997
20230522,0.9999999999999997,0.9999999999999997,0.9999999999999997,0.9999999999999997,0.9999999999999997
20230523,0.9999999999999997,0.9999999999999997,0.9999999999999997,0.9999999999999997,0.9999999999999997
20230524,0.9999999999999997,0.9999999999999997,0.9999999999999997,0.9999999999999997,0.9999999999999997
20230525,0.9999999999999997,0.9999999999999997,0.9999999999999997,0.9999999999999997,0.9999999999999997
20230526,0.9999999999999997,0.9999999999999997,0.9999999999999997,0.9999999999999997,0.9999999999999997
20230529,0.9999999999999997,0.9999999999999997,0.9999999999999997,0.9999999999999997,0.9999999999999997
20230530,0.9999999999999997,0.9999999999999997,0.9999999999999997,0.9999999999999997,0.9999999999999997
20230531,0.9999999999999997,0.9999999999999997,0.9999999999999997,0.9999999999999997,0.9999999999999997
20230601,0.9999999999999997,0.9999999999999997,0.9999999999999997,0.9999999999999997,0.9999999999999997
20230602,0.9999999999999997,0.9999999999999997,0.9999999999999997,0.9999999999999997,0.9999999999999997
20230605,0.9999999999999997,0.9999999999999997,0.9999999999999997,0.9999999999999997,0.9999999999999997
20230606,0.9999999999999997,0.9999999999999997,0.9999999999999997,0.9999999999999997,0.9999999999999997
20230607,0.9999999999999997,0.9999999999999997,0.9999999999999997,0.9999999999999997,0.9999999999999997
20230608,0.9999999999999997,0.9999999999999997,0.9999999999999997,0.9999999999999997,0.9999999999999997
20230609,0.9999999999999997,0.9999999999999997,0.9999999999999997,0.9999999999999997,0.9999999999999997
20230612,0.9999999999999997,0.9999999999999997,0.9999999999999997,0.9999999999999997,0.9999999999999997
20230613,0.9999999999999997,0.9999999999999997,0.9999999999999997,0.9999999999999997,0.9999999999999997
20230614,0.9999999999999997,0.9999999999999997,0.9999999999999997,0.9999999999999997,0.9999999999999997
20230615,0.9999999999999997,0.9999999999999997,0.9999999999999997,0.9999999999999997,0.9999999999999997
20230616,0.9999999999999997,0.9999999999999997,0.9999999999999997,0.9999999999999997,0.9999999999999997
20230619,0.9999999999999997,0.9999999999999997,0.9999999999999997,0.9999999999999997,0.9999999999999997
20230620,0.9999999999999997,0.9999999999999997,0.9999999999999997,0.9999999999999997,0.9999999999999997
20230621,0.9999999999999997,0.9999999999999997,0.9999999999999997,0.9999999999999997,0.9999999999999997
20230626,0.9999999999999997,0.9999999999999997,0.9999999999999997,0.9999999999999997,0.9999999999999997
20230627,0.9999999999999997,0.9999999999999997,0.9999999999999997,0.9999999999999997,0.9999999999999997
20230628,0.9999999999999997,0.9999999999999997,0.9999999999999997,0.9999999999999997,0.9999999999999997
20230629,0.9999999999999997,0.9999999999999997,0.9999999999999997,0.9999999999999997,0.9999999999999997
20230630,0.9999999999999997,0.9999999999999997,0.9999999999999997,0.9999999999999997,0.9999999999999997
20230703,0.9999999999999997,0.9999999999999997,0.9999999999999997,0.9999999999999997,0.9999999999999997
20230704,0.9999999999999997,0.9999999999999997,0.9999999999999997,0.9999999999999997,0.9999999999999997
20230705,0.9999999999999997,0.9999999999999997,0.9999999999999997,0.9999999999999997,0.9999999999999997
20230706,0.9999999999999997,0.9999999999999997,0.9999999999999997,0.9999999999999997,0.9999999999999997
20230707,0.9999999999999997,0.9999999999999997,0.9999999999999997,0.9999999999999997,0.9999999999999997
20230710,0.9999999999999997,0.9999999999999997,0.9999999999999997,0.9999999999999997,0.9999999999999997
20230711,0.9999999999999997,0.9999999999999997,0.9999999999999997,0.9999999999999997,0.9999999999999997
20230712,0.9999999999999997,0.9999999999999997,0.9999999999999997,0.9999999999999997,0.9999999999999997
20230713,0.9999999999999997,0.9999999999999997,0.9999999999999997,0.9999999999999997,0.9999999999999997
20230714,0.9999999999999997,0.9999999999999997,0.9999999999999997,0.9999999999999997,0.9999999999999997
20230717,0.9999999999999997,0.9999999999999997,0.9999999999999997,0.9999999999999997,0.9999999999999997
20230718,0.9999999999999997,0.9999999999999997,0.9999999999999997,0.9999999999999997,0.9999999999999997
20230719,0.9999999999999997,0.9999999999999997,0.9999999999999997,0.9999999999999997,0.9999999999999997
20230720,0.9999999999999997,0.9999999999999997,0.9999999999999997,0.9999999999999997,0.9999999999999997
20230721,0.9999999999999997,0.9999999999999997,0.9999999999999997,0.9999999999999997,0.9999999999999997
20230724,0.9999999999999997,0.9999999999999997,0.9999999999999997,0.9999999999999997,0.9999999999999997
20230725,0.9999999999999997,0.9999999999999997,0.9999999999999997,0.9999999999999997,0.9999999999999997
20230726,0.9999999999999997,0.9999999999999997,0.9999999999999997,0.9999999999999997,0.9999999999999997
20230727,0.9999999999999997,0.9999999999999997,0.9999999999999997,0.9999999999999997,0.9999999999999997
20230728,0.9999999999999997,0.9999999999999997,0.9999999999999997,0.9999999999999997,0.9999999999999997
20230731,0.9999999999999997,0.9999999999999997,0.9999999999999997,0.9999999999999997,0.9999999999999997
20230801,0.9999999999999997,0.9999999999999997,0.9999999999999997,0.9999999999999997,0.9999999999999997
20230802,0.9999999999999997,0.9999999999999997,0.9999999999999997,0.9999999999999997,0.9999999999999997
20230803,0.9999999999999997,0.9999999999999997,0.9999999999999997,0.9999999999999997,0.9999999999999997
20230804,0.9999999999999997,0.9999999999999997,0.9999999999999997,0.9999999999999997,0.9999999999999997
20230807,0.9999999999999997,0.9999999999999997,0.9999999999999997,0.9999999999999997,0.9999999999999997
20230808,0.9999999999999997,0.9999999999999997,0.9999999999999997,0.9999999999999997,0.9999999999999997
20230809,0.9999999999999997,0.9999999999999997,0.9999999999999997,0.9999999999999997,0.9999999999999997
20230810,0.9999999999999997,0.9999999999999997,0.9999999999999997,0.9999999999999997,0.9999999999999997
20230811,0.9999999999999997,0.9999999999999997,0.9999999999999997,0.9999999999999997,0.9999999999999997
20230814,0.9999999999999997,0.9999999999999997,0.9999999999999997,0.9999999999999997,0.9999999999999997
20230815,0.9999999999999997,0.9999999999999997,0.9999999999999997,0.9999999999999997,0.9999999999999997
20230816,0.9999999999999997,0.9999999999999997,0.9999999999999997,0.9999999999999997,0.9999999999999997
20230817,0.9999999999999997,0.9999999999999997,0.9999999999999997,0.9999999999999997,0.9999999999999997
20230818,0.9999999999999997,0.9999999999999997,0.9999999999999997,0.9999999999999997,0.9999999999999997
20230821,0.9999999999999997,0.9999999999999997,0.9999999999999997,0.9999999999999997,0.9999999999999997
20230822,0.9999999999999997,0.9999999999999997,0.9999999999999997,0.9999999999999997,0.9999999999999997
20230823,0.9999999999999997,0.9999999999999997,0.9999999999999997,0.9999999999999997,0.9999999999999997
20230824,0.9999999999999997,0.9999999999999997,0.9999999999999997,0.9999999999999997,0.9999999999999997
20230825,0.9999999999999997,0.9999999999999997,0.9999999999999997,0.9999999999999997,0.9999999999999997
20230828,0.9999999999999997,0.9999999999999997,0.9999999999999997,0.9999999999999997,0.9999999999999997
20230829,0.9999999999999997,0.9999999999999997,0.9999999999999997,0.9999999999999997,0.9999999999999997
20230830,0.9999999999999997,0.9999999999999997,0.9999999999999997,0.9999999999999997,0.9999999999999997
20230831,0.9999999999999997,0.9999999999999997,0.9999999999999997,0.9999999999999997,0.9999999999999997
20230901,0.9999999999999997,0.9999999999999997,0.9999999999999997,0.9999999999999997,0.9999999999999997
20230904,0.9999999999999997,0.9999999999999997,0.9999999999999997,0.9999999999999997,0.9999999999999997
20230905,0.9999999999999997,0.9999999999999997,0.9999999999999997,0.9999999999999997,0.9999999999999997
20230906,0.9999999999999997,0.9999999999999997,0.9999999999999997,0.9999999999999997,0.9999999999999997
20230907,0.9999999999999997,0.9999999999999997,0.9999999999999997,0.9999999999999997,0.9999999999999997
20230908,0.9999999999999997,0.9999999999999997,0.9999999999999997,0.9999999999999997,0.9999999999999997
20230911,0.9999999999999997,0.9999999999999997,0.9999999999999997,0.9999999999999997,0.9999999999999997
20230912,0.9999999999999997,0.9999999999999997,0.9999999999999997,0.9999999999999997,0.9999999999999997
20230913,0.9999999999999997,0.9999999999999997,0.9999999999999997,0.9999999999999997,0.9999999999999997
20230914,0.9999999999999997,0.9999999999999997,0.9999999999999997,0.9999999999999997,0.9999999999999997
20230915,0.9999999999999997,0.9999999999999997,0.9999999999999997,0.9999999999999997,0.9999999999999997
20230918,0.9999999999999997,0.9999999999999997,0.9999999999999997,0.9999999999999997,0.9999999999999997
20230919,0.9999999999999997,0.9999999999999997,0.9999999999999997,0.9999999999999997,0.9999999999999997
20230920,0.9999999999999997,0.9999999999999997,0.9999999999999997,0.9999999999999997,0.9999999999999997
20230921,0.9999999999999997,0.9999999999999997,0.9999999999999997,0.9999999999999997,0.9999999999999997
20230922,0.9999999999999997,0.9999999999999997,0.9999999999999997,0.9999999999999997,0.9999999999999997
20230925,0.9999999999999997,0.9999999999999997,0.9999999999999997,0.9999999999999997,0.9999999999999997
20230926,0.9999999999999997,0.9999999999999997,0.9999999999999997,0.9999999999999997,0.9999999999999997
20230927,0.9999999999999997,0.9999999999999997,0.9999999999999997,0.9999999999999997,0.9999999999999997
20230928,0.9999999999999997,0.9999999999999997,0.9999999999999997,0.9999999999999997,0.9999999999999997
20231009,0.9999999999999997,0.9999999999999997,0.9999999999999997,0.9999999999999997,0.9999999999999997
20231010,0.9999999999999997,0.9999999999999997,0.9999999999999997,0.9999999999999997,0.9999999999999997
20231011,0.9999999999999997,0.9999999999999997,0.9999999999999997,0.9999999999999997,0.9999999999999997
20231012,0.9999999999999997,0.9999999999999997,0.9999999999999997,0.9999999999999997,0.9999999999999997
20231013,0.9999999999999997,0.9999999999999997,0.9999999999999997,0.9999999999999997,0.9999999999999997
20231016,0.9999999999999997,0.9999999999999997,0.9999999999999997,0.9999999999999997,0.9999999999999997
20231017,0.9999999999999997,0.9999999999999997,0.9999999999999997,0.9999999999999997,0.9999999999999997
20231018,0.9999999999999997,0.9999999999999997,0.9999999999999997,0.9999999999999997,0.9999999999999997
20231019,0.9999999999999997,0.9999999999999997,0.9999999999999997,0.9999999999999997,0.9999999999999997
20231020,0.9999999999999997,0.9999999999999997,0.9999999999999997,0.9999999999999997,0.9999999999999997
20231023,0.9999999999999997,0.9999999999999997,0.9999999999999997,0.9999999999999997,0.9999999999999997
20231024,0.9999999999999997,0.9999999999999997,0.9999999999999997,0.9999999999999997,0.9999999999999997
20231025,0.9999999999999997,0.9999999999999997,0.9999999999999997,0.9999999999999997,0.9999999999999997
20231026,0.9999999999999997,0.9999999999999997,0.9999999999999997,0.9999999999999997,0.9999999999999997
20231027,0.9999999999999997,0.9999999999999997,0.9999999999999997,0.9999999999999997,0.9999999999999997
20231030,0.9999999999999997,0.9999999999999997,0.9999999999999997,0.9999999999999997,0.9999999999999997
20231031,0.9999999999999997,0.9999999999999997,0.9999999999999997,0.9999999999999997,0.9999999999999997
20231101,0.9999999999999997,0.9999999999999997,0.9999999999999997,0.9999999999999997,0.9999999999999997
20231102,0.9999999999999997,0.9999999999999997,0.9999999999999997,0.9999999999999997,0.9999999999999997
20231103,0.9999999999999997,0.9999999999999997,0.9999999999999997,0.9999999999999997,0.9999999999999997
20231106,0.9999999999999997,0.9999999999999997,0.9999999999999997,0.9999999999999997,0.9999999999999997
20231107,0.9999999999999997,0.9999999999999997,0.9999999999999997,0.9999999999999997,0.9999999999999997
20231108,0.9999999999999997,0.9999999999999997,0.9999999999999997,0.9999999999999997,0.9999999999999997
20231109,0.9999999999999997,0.9999999999999997,0.9999999999999997,0.9999999999999997,0.9999999999999997
20231110,0.9999999999999997,0.9999999999999997,0.9999999999999997,0.9999999999999997,0.9999999999999997
20231113,0.9999999999999997,0.9999999999999997,0.9999999999999997,0.9999999999999997,0.9999999999999997
20231114,0.9999999999999997,0.9999999999999997,0.9999999999999997,0.9999999999999997,0.9999999999999997
20231115,0.9999999999999997,0.9999999999999997,0.9999999999999997,0.9999999999999997,0.9999999999999997
20231116,0.9999999999999997,0.9999999999999997,0.9999999999999997,0.9999999999999997,0.9999999999999997
20231117,0.9999999999999997,0.9999999999999997,0.9999999999999997,0.9999999999999997,0.9999999999999997
20231120,0.9999999999999997,0.9999999999999997,0.9999999999999997,0.9999999999999997,0.9999999999999997
20231121,0.9999999999999997,0.9999999999999997,0.9999999999999997,0.9999999999999997,0.9999999999999997
20231122,0.9999999999999997,0.9999999999999997,0.9999999999999997,0.9999999999999997,0.9999999999999997
20231123,0.9999999999999997,0.9999999999999997,0.9999999999999997,0.9999999999999997,0.9999999999999997
20231124,0.9999999999999997,0.9999999999999997,0.9999999999999997,0.9999999999999997,0.9999999999999997
20231127,0.9999999999999997,0.9999999999999997,0.9999999999999997,0.9999999999999997,0.9999999999999997
20231128,0.9999999999999997,0.9999999999999997,0.9999999999999997,0.9999999999999997,0.9999999999999997
20231129,0.9999999999999997,0.9999999999999997,0.9999999999999997,0.9999999999999997,0.9999999999999997
20231130,0.9999999999999997,0.9999999999999997,0.9999999999999997,0.9999999999999997,0.9999999999999997
20231201,0.9999999999999997,0.9999999999999997,0.9999999999999997,0.9999999999999997,0.9999999999999997
20231204,0.9999999999999997,0.9999999999999997,0.9999999999999997,0.9999999999999997,0.9999999999999997
20231205,0.9999999999999997,0.9999999999999997,0.9999999999999997,0.9999999999999997,0.9999999999999997
20231206,0.9999999999999997,0.9999999999999997,0.9999999999999997,0.9999999999999997,0.9999999999999997
20231207,0.9999999999999997,0.9999999999999997,0.9999999999999997,0.9999999999999997,0.9999999999999997
20231208,0.9999999999999997,0.9999999999999997,0.9999999999999997,0.9999999999999997,0.9999999999999997
20231211,0.9999999999999997,0.9999999999999997,0.9999999999999997,0.9999999999999997,0.9999999999999997
20231212,0.9999999999999997,0.9999999999999997,0.9999999999999997,0.9999999999999997,0.9999999999999997
20231213,0.9999999999999997,0.9999999999999997,0.9999999999999997,0.9999999999999997,0.9999999999999997
20231214,0.9999999999999997,0.9999999999999997,0.9999999999999997,0.9999999999999997,0.9999999999999997
20231215,0.9999999999999997,0.9999999999999997,0.9999999999999997,0.9999999999999997,0.9999999999999997
20231218,0.9999999999999997,0.9999999999999997,0.9999999999999997,0.9999999999999997,0.9999999999999997
20231219,0.9999999999999997,0.9999999999999997,0.9999999999999997,0.9999999999999997,0.9999999999999997
20231220,0.9999999999999997,0.9999999999999997,0.9999999999999997,0.9999999999999997,0.9999999999999997
20231221,0.9999999999999997,0.9999999999999997,0.9999999999999997,0.9999999999999997,0.9999999999999997
20231222,0.9999999999999997,0.9999999999999997,0.9999999999999997,0.9999999999999997,0.9999999999999997
20231225,0.9999999999999997,0.9999999999999997,0.9999999999999997,0.9999999999999997,0.9999999999999997
20231226,0.9999999999999997,0.9999999999999997,0.9999999999999997,0.9999999999999997,0.9999999999999997
20231227,0.9999999999999997,0.9999999999999997,0.9999999999999997,0.9999999999999997,0.9999999999999997
20231228,0.9999999999999997,0.9999999999999997,0.9999999999999997,0.9999999999999997,0.9999999999999997
20231229,0.9999999999999997,0.9999999999999997,0.9999999999999997,0.9999999999999997,0.9999999999999997
20240102,0.9999999999999997,0.9999999999999997,0.9999999999999997,0.9999999999999997,0.9999999999999997
20240103,0.9999999999999997,0.9999999999999997,0.9999999999999997,0.9999999999999997,0.9999999999999997
20240104,0.9999999999999997,0.9999999999999997,0.9999999999999997,0.9999999999999997,0.9999999999999997
20240105,0.9999999999999997,0.9999999999999997,0.9999999999999997,0.9999999999999997,0.9999999999999997
20240108,0.9999999999999997,0.9999999999999997,0.9999999999999997,0.9999999999999997,0.9999999999999997
20240109,0.9999999999999997,0.9999999999999997,0.9999999999999997,0.9999999999999997,0.9999999999999997
20240110,0.9999999999999997,0.9999999999999997,0.9999999999999997,0.9999999999999997,0.9999999999999997
20240111,0.9999999999999997,0.9999999999999997,0.9999999999999997,0.9999999999999997,0.9999999999999997
20240112,0.9999999999999997,0.9999999999999997,0.9999999999999997,0.9999999999999997,0.9999999999999997
20240115,0.9999999999999997,0.9999999999999997,0.9999999999999997,0.9999999999999997,0.9999999999999997
20240116,0.9999999999999997,0.9999999999999997,0.9999999999999997,0.9999999999999997,0.9999999999999997
20240117,0.9999999999999997,0.9999999999999997,0.9999999999999997,0.9999999999999997,0.9999999999999997
20240118,0.9999999999999997,0.9999999999999997,0.9999999999999997,0.9999999999999997,0.9999999999999997
20240119,0.9999999999999997,0.9999999999999997,0.9999999999999997,0.9999999999999997,0.9999999999999997
20240122,0.9999999999999997,0.9999999999999997,0.9999999999999997,0.9999999999999997,0.9999999999999997
20240123,0.9999999999999997,0.9999999999999997,0.9999999999999997,0.9999999999999997,0.9999999999999997
20240124,0.9999999999999997,0.9999999999999997,0.9999999999999997,0.9999999999999997,0.9999999999999997
20240125,0.9999999999999997,0.9999999999999997,0.9999999999999997,0.9999999999999997,0.9999999999999997
20240126,0.9999999999999997,0.9999999999999997,0.9999999999999997,0.9999999999999997,0.9999999999999997
20240129,0.9999999999999997,0.9999999999999997,0.9999999999999997,0.9999999999999997,0.9999999999999997
20240130,0.9999999999999997,0.9999999999999997,0.9999999999999997,0.9999999999999997,0.9999999999999997
20240131,0.9999999999999997,0.9999999999999997,0.9999999999999997,0.9999999999999997,0.9999999999999997
20240201,0.9999999999999997,0.9999999999999997,0.9999999999999997,0.9999999999999997,0.9999999999999997
20240202,0.9999999999999997,0.9999999999999997,0.9999999999999997,0.9999999999999997,0.9999999999999997
20240205,0.9999999999999997,0.9999999999999997,0.9999999999999997,0.9999999999999997,0.9999999999999997
20240206,0.9999999999999997,0.9999999999999997,0.9999999999999997,0.9999999999999997,0.9999999999999997
20240207,0.9999999999999997,0.9999999999999997,0.9999999999999997,0.9999999999999997,0.9999999999999997
20240208,0.9999999999999997,0.9999999999999997,0.9999999999999997,0.9999999999999997,0.9999999999999997
20240219,0.9999999999999997,0.9999999999999997,0.9999999999999997,0.9999999999999997,0.9999999999999997
20240220,0.9999999999999997,0.9999999999999997,0.9999999999999997,0.9999999999999997,0.9999999999999997
20240221,0.9999999999999997,0.9999999999999997,0.9999999999999997,0.9999999999999997,0.9999999999999997
20240222,0.9999999999999997,0.9999999999999997,0.9999999999999997,0.9999999999999997,0.9999999999999997
20240223,0.9999999999999997,0.9999999999999997,0.9999999999999997,0.9999999999999997,0.9999999999999997
20240226,0.9999999999999997,0.9999999999999997,0.9999999999999997,0.9999999999999997,0.9999999999999997
20240227,0.9999999999999997,0.9999999999999997,0.9999999999999997,0.9999999999999997,0.9999999999999997
20240228,0.9999999999999997,0.9999999999999997,0.9999999999999997,0.9999999999999997,0.9999999999999997
20240229,0.9999999999999997,0.9999999999999997,0.9999999999999997,0.9999999999999997,0.9999999999999997
20240301,0.9999999999999997,0.9999999999999997,0.9999999999999997,0.9999999999999997,0.9999999999999997
20240304,0.9999999999999997,0.9999999999999997,0.9999999999999997,0.9999999999999997,0.9999999999999997
20240305,0.9999999999999997,0.9999999999999997,0.9999999999999997,0.9999999999999997,0.9999999999999997
20240306,0.9999999999999997,0.9999999999999997,0.9999999999999997,0.9999999999999997,0.9999999999999997
20240307,0.9999999999999997,0.9999999999999997,0.9999999999999997,0.9999999999999997,0.9999999999999997
20240308,0.9999999999999997,0.9999999999999997,0.9999999999999997,0.9999999999999997,0.9999999999999997
20240311,0.9999999999999997,0.9999999999999997,0.9999999999999997,0.9999999999999997,0.9999999999999997
20240312,0.9999999999999997,0.9999999999999997,0.9999999999999997,0.9999999999999997,0.9999999999999997
20240313,0.9999999999999997,0.9999999999999997,0.9999999999999997,0.9999999999999997,0.9999999999999997
20240314,0.9999999999999997,0.9999999999999997,0.9999999999999997,0.9999999999999997,0.9999999999999997
20240315,0.9999999999999997,0.9999999999999997,0.9999999999999997,0.9999999999999997,0.9999999999999997
20240318,0.9999999999999997,0.9999999999999997,0.9999999999999997,0.9999999999999997,0.9999999999999997
20240319,0.9999999999999997,0.9999999999999997,0.9999999999999997,0.9999999999999997,0.9999999999999997
20240320,0.9999999999999997,0.9999999999999997,0.9999999999999997,0.9999999999999997,0.9999999999999997
20240321,0.9999999999999997,0.9999999999999997,0.9999999999999997,0.9999999999999997,0.9999999999999997
20240322,0.9999999999999997,0.9999999999999997,0.9999999999999997,0.9999999999999997,0.9999999999999997
20240325,0.9999999999999997,0.9999999999999997,0.9999999999999997,0.9999999999999997,0.9999999999999997
20240326,0.9999999999999997,0.9999999999999997,0.9999999999999997,0.9999999999999997,0.9999999999999997
20240327,0.9999999999999997,0.9999999999999997,0.9999999999999997,0.9999999999999997,0.9999999999999997
20240328,0.9999999999999997,0.9999999999999997,0.9999999999999997,0.9999999999999997,0.9999999999999997
20240329,0.9999999999999997,0.9999999999999997,0.9999999999999997,0.9999999999999997,0.9999999999999997
20240401,0.9999999999999997,0.9999999999999997,0.9999999999999997,0.9999999999999997,0.9999999999999997
20240402,0.9999999999999997,0.9999999999999997,0.9999999999999997,0.9999999999999997,0.9999999999999997
20240403,0.9999999999999997,0.9999999999999997,0.9999999999999997,0.9999999999999997,0.9999999999999997
20240408,0.9999999999999997,0.9999999999999997,0.9999999999999997,0.9999999999999997,0.9999999999999997
20240409,0.9999999999999997,0.9999999999999997,0.9999999999999997,0.9999999999999997,0.9999999999999997
20240410,0.9999999999999997,0.9999999999999997,0.9999999999999997,0.9999999999999997,0.9999999999999997
20240411,0.9999999999999997,0.9999999999999997,0.9999999999999997,0.9999999999999997,0.9999999999999997
20240412,0.9999999999999997,0.9999999999999997,0.9999999999999997,0.9999999999999997,0.9999999999999997
20240415,0.9999999999999997,0.9999999999999997,0.9999999999999997,0.9999999999999997,0.9999999999999997
20240416,0.9999999999999997,0.9999999999999997,0.9999999999999997,0.9999999999999997,0.9999999999999997
20240417,0.9999999999999997,0.9999999999999997,0.9999999999999997,0.9999999999999997,0.9999999999999997
20240418,0.9999999999999997,0.9999999999999997,0.9999999999999997,0.9999999999999997,0.9999999999999997
20240419,0.9999999999999997,0.9999999999999997,0.9999999999999997,0.9999999999999997,0.9999999999999997
20240422,0.9999999999999997,0.9999999999999997,0.9999999999999997,0.9999999999999997,0.9999999999999997
20240423,0.9999999999999997,0.9999999999999997,0.9999999999999997,0.9999999999999997,0.9999999999999997
20240424,0.9999999999999997,0.9999999999999997,0.9999999999999997,0.9999999999999997,0.9999999999999997
20240425,0.9999999999999997,0.9999999999999997,0.9999999999999997,0.9999999999999997,0.9999999999999997
20240426,0.9999999999999997,0.9999999999999997,0.9999999999999997,0.9999999999999997,0.9999999999999997
20240429,0.9999999999999997,0.9999999999999997,0.9999999999999997,0.9999999999999997,0.9999999999999997
20240430,0.9999999999999997,0.9999999999999997,0.9999999999999997,0.9999999999999997,0.9999999999999997
20240506,0.9999999999999997,0.9999999999999997,0.9999999999999997,0.9999999999999997,0.9999999999999997
20240507,0.9999999999999997,0.9999999999999997,0.9999999999999997,0.9999999999999997,0.9999999999999997
20240508,0.9999999999999997,0.9999999999999997,0.9999999999999997,0.9999999999999997,0.9999999999999997
20240509,0.9999999999999997,0.9999999999999997,0.9999999999999997,0.9999999999999997,0.9999999999999997
20240510,0.9999999999999997,0.9999999999999997,0.9999999999999997,0.9999999999999997,0.9999999999999997
20240513,0.9999999999999997,0.9999999999999997,0.9999999999999997,0.9999999999999997,0.9999999999999997
20240514,0.9999999999999997,0.9999999999999997,0.9999999999999997,0.9999999999999997,0.9999999999999997
20240515,0.9999999999999997,0.9999999999999997,0.9999999999999997,0.9999999999999997,0.9999999999999997
20240516,0.9999999999999997,0.9999999999999997,0.9999999999999997,0.9999999999999997,0.9999999999999997
20240517,0.9999999999999997,0.9999999999999997,0.9999999999999997,0.9999999999999997,0.9999999999999997
20240520,0.9999999999999997,0.9999999999999997,0.9999999999999997,0.9999999999999997,0.9999999999999997
20240521,0.9999999999999997,0.9999999999999997,0.9999999999999997,0.9999999999999997,0.9999999999999997
20240522,0.9999999999999997,0.9999999999999997,0.9999999999999997,0.9999999999999997,0.9999999999999997
20240523,0.9999999999999997,0.9999999999999997,0.9999999999999997,0.9999999999999997,0.9999999999999997
20240524,0.9999999999999997,0.9999999999999997,0.9999999999999997,0.9999999999999997,0.9999999999999997
20240527,0.9999999999999997,0.9999999999999997,0.9999999999999997,0.9999999999999997,0.9999999999999997
20240528,0.9999999999999997,0.9999999999999997,0.9999999999999997,0.9999999999999997,0.9999999999999997
20240529,0.9999999999999997,0.9999999999999997,0.9999999999999997,0.9999999999999997,0.9999999999999997
20240530,0.9999999999999997,0.9999999999999997,0.9999999999999997,0.9999999999999997,0.9999999999999997
20240531,0.9999999999999997,0.9999999999999997,0.9999999999999997,0.9999999999999997,0.9999999999999997
20240603,0.9999999999999997,0.9999999999999997,0.9999999999999997,0.9999999999999997,0.9999999999999997
20240604,0.9999999999999997,0.9999999999999997,0.9999999999999997,0.9999999999999997,0.9999999999999997
20240605,0.9999999999999997,0.9999999999999997,0.9999999999999997,0.9999999999999997,0.9999999999999997
20240606,0.9999999999999997,0.9999999999999997,0.9999999999999997,0.9999999999999997,0.9999999999999997
20240607,0.9999999999999997,0.9999999999999997,0.9999999999999997,0.9999999999999997,0.9999999999999997
20240611,0.9999999999999997,0.9999999999999997,0.9999999999999997,0.9999999999999997,0.9999999999999997
20240612,0.9999999999999997,0.9999999999999997,0.9999999999999997,0.9999999999999997,0.9999999999999997
20240613,0.9999999999999997,0.9999999999999997,0.9999999999999997,0.9999999999999997,0.9999999999999997
20240614,0.9999999999999997,0.9999999999999997,0.9999999999999997,0.9999999999999997,0.9999999999999997
20240617,0.9999999999999997,0.9999999999999997,0.9999999999999997,0.9999999999999997,0.9999999999999997
20240618,0.9999999999999997,0.9999999999999997,0.9999999999999997,0.9999999999999997,0.9999999999999997
20240619,0.9999999999999997,0.9999999999999997,0.9999999999999997,0.9999999999999997,0.9999999999999997
20240620,0.9999999999999997,0.9999999999999997,0.9999999999999997,0.9999999999999997,0.9999999999999997
20240621,0.9999999999999997,0.9999999999999997,0.9999999999999997,0.9999999999999997,0.9999999999999997
20240624,0.9999999999999997,0.9999999999999997,0.9999999999999997,0.9999999999999997,0.9999999999999997
20240625,0.9999999999999997,0.9999999999999997,0.9999999999999997,0.9999999999999997,0.9999999999999997
20240626,0.9999999999999997,0.9999999999999997,0.9999999999999997,0.9999999999999997,0.9999999999999997
20240627,0.9999999999999997,0.9999999999999997,0.9999999999999997,0.9999999999999997,0.9999999999999997
20240628,0.9999999999999997,0.9999999999999997,0.9999999999999997,0.9999999999999997,0.9999999999999997
20240701,0.9999999999999997,0.9999999999999997,0.9999999999999997,0.9999999999999997,0.9999999999999997
20240702,0.9999999999999997,0.9999999999999997,0.9999999999999997,0.9999999999999997,0.9999999999999997
20240703,0.9999999999999997,0.9999999999999997,0.9999999999999997,0.9999999999999997,0.9999999999999997
20240704,0.9999999999999997,0.9999999999999997,0.9999999999999997,0.9999999999999997,0.9999999999999997
20240705,0.9999999999999997,0.9999999999999997,0.9999999999999997,0.9999999999999997,0.9999999999999997
20240708,0.9999999999999997,0.9999999999999997,0.9999999999999997,0.9999999999999997,0.9999999999999997
20240709,0.9999999999999997,0.9999999999999997,0.9999999999999997,0.9999999999999997,0.9999999999999997
20240710,0.9999999999999997,0.9999999999999997,0.9999999999999997,0.9999999999999997,0.9999999999999997
20240711,0.9999999999999997,0.9999999999999997,0.9999999999999997,0.9999999999999997,0.9999999999999997
20240712,0.9999999999999997,0.9999999999999997,0.9999999999999997,0.9999999999999997,0.9999999999999997
20240715,0.9999999999999997,0.9999999999999997,0.9999999999999997,0.9999999999999997,0.9999999999999997
20240716,0.9999999999999997,0.9999999999999997,0.9999999999999997,0.9999999999999997,0.9999999999999997
20240717,0.9999999999999997,0.9999999999999997,0.9999999999999997,0.9999999999999997,0.9999999999999997
20240718,0.9999999999999997,0.9999999999999997,0.9999999999999997,0.9999999999999997,0.9999999999999997
20240719,0.9999999999999997,0.9999999999999997,0.9999999999999997,0.9999999999999997,0.9999999999999997
20240722,0.9999999999999997,0.9999999999999997,0.9999999999999997,0.9999999999999997,0.9999999999999997
20240723,0.9999999999999997,0.9999999999999997,0.9999999999999997,0.9999999999999997,0.9999999999999997
20240724,0.9999999999999997,0.9999999999999997,0.9999999999999997,0.9999999999999997,0.9999999999999997
20240725,0.9999999999999997,0.9999999999999997,0.9999999999999997,0.9999999999999997,0.9999999999999997
20240726,0.9999999999999997,0.9999999999999997,0.9999999999999997,0.9999999999999997,0.9999999999999997
20240729,0.9999999999999997,0.9999999999999997,0.9999999999999997,0.9999999999999997,0.9999999999999997
20240730,0.9999999999999997,0.9999999999999997,0.9999999999999997,0.9999999999999997,0.9999999999999997
20240731,0.9999999999999997,0.9999999999999997,0.9999999999999997,0.9999999999999997,0.9999999999999997
20240801,0.9999999999999997,0.9999999999999997,0.9999999999999997,0.9999999999999997,0.9999999999999997
20240802,0.9999999999999997,0.9999999999999997,0.9999999999999997,0.9999999999999997,0.9999999999999997
20240805,0.9999999999999997,0.9999999999999997,0.9999999999999997,0.9999999999999997,0.9999999999999997
20240806,0.9999999999999997,0.9999999999999997,0.9999999999999997,0.9999999999999997,0.9999999999999997
20240807,0.9999999999999997,0.9999999999999997,0.9999999999999997,0.9999999999999997,0.9999999999999997
20240808,0.9999999999999997,0.9999999999999997,0.9999999999999997,0.9999999999999997,0.9999999999999997
20240809,0.9999999999999997,0.9999999999999997,0.9999999999999997,0.9999999999999997,0.9999999999999997
20240812,0.9999999999999997,0.9999999999999997,0.9999999999999997,0.9999999999999997,0.9999999999999997
20240813,0.9999999999999997,0.9999999999999997,0.9999999999999997,0.9999999999999997,0.9999999999999997
20240814,0.9999999999999997,0.9999999999999997,0.9999999999999997,0.9999999999999997,0.9999999999999997
20240815,0.9999999999999997,0.9999999999999997,0.9999999999999997,0.9999999999999997,0.9999999999999997
20240816,0.9999999999999997,0.9999999999999997,0.9999999999999997,0.9999999999999997,0.9999999999999997
20240819,0.9999999999999997,0.9999999999999997,0.9999999999999997,0.9999999999999997,0.9999999999999997
20240820,0.9999999999999997,0.9999999999999997,0.9999999999999997,0.9999999999999997,0.9999999999999997
20240821,0.9999999999999997,0.9999999999999997,0.9999999999999997,0.9999999999999997,0.9999999999999997
20240822,0.9999999999999997,0.9999999999999997,0.9999999999999997,0.9999999999999997,0.9999999999999997
20240823,0.9999999999999997,0.9999999999999997,0.9999999999999997,0.9999999999999997,0.9999999999999997
20240826,0.9999999999999997,0.9999999999999997,0.9999999999999997,0.9999999999999997,0.9999999999999997
20240827,0.9999999999999997,0.9999999999999997,0.9999999999999997,0.9999999999999997,0.9999999999999997
20240828,0.9999999999999997,0.9999999999999997,0.9999999999999997,0.9999999999999997,0.9999999999999997
20240829,0.9999999999999997,0.9999999999999997,0.9999999999999997,0.9999999999999997,0.9999999999999997
20240830,0.9999999999999997,0.9999999999999997,0.9999999999999997,0.9999999999999997,0.9999999999999997
20240902,0.9999999999999997,0.9999999999999997,0.9999999999999997,0.9999999999999997,0.9999999999999997
20240903,0.9999999999999997,0.9999999999999997,0.9999999999999997,0.9999999999999997,0.9999999999999997
20240904,0.9999999999999997,0.9999999999999997,0.9999999999999997,0.9999999999999997,0.9999999999999997
20240905,0.9999999999999997,0.9999999999999997,0.9999999999999997,0.9999999999999997,0.9999999999999997
20240906,0.9999999999999997,0.9999999999999997,0.9999999999999997,0.9999999999999997,0.9999999999999997
20240909,0.9999999999999997,0.9999999999999997,0.9999999999999997,0.9999999999999997,0.9999999999999997
20240910,0.9999999999999997,0.9999999999999997,0.9999999999999997,0.9999999999999997,0.9999999999999997
20240911,0.9999999999999997,0.9999999999999997,0.9999999999999997,0.9999999999999997,0.9999999999999997
20240912,0.9999999999999997,0.9999999999999997,0.9999999999999997,0.9999999999999997,0.9999999999999997
20240913,0.9999999999999997,0.9999999999999997,0.9999999999999997,0.9999999999999997,0.9999999999999997
20240918,0.9999999999999997,0.9999999999999997,0.9999999999999997,0.9999999999999997,0.9999999999999997
20240919,0.9999999999999997,0.9999999999999997,0.9999999999999997,0.9999999999999997,0.9999999999999997
20240920,0.9999999999999997,0.9999999999999997,0.9999999999999997,0.9999999999999997,0.9999999999999997
20240923,0.9999999999999997,0.9999999999999997,0.9999999999999997,0.9999999999999997,0.9999999999999997
20240924,0.9999999999999997,0.9999999999999997,0.9999999999999997,0.9999999999999997,0.9999999999999997
20240925,0.9999999999999997,0.9999999999999997,0.9999999999999997,0.9999999999999997,0.9999999999999997
20240926,0.9999999999999997,0.9999999999999997,0.9999999999999997,0.9999999999999997,0.9999999999999997
20240927,0.9999999999999997,0.9999999999999997,0.9999999999999997,0.9999999999999997,0.9999999999999997
20240930,0.9999999999999997,0.9999999999999997,0.9999999999999997,0.9999999999999997,0.9999999999999997
20241008,0.9999999999999997,0.9999999999999997,0.9999999999999997,0.9999999999999997,0.9999999999999997
20241009,0.9999999999999997,0.9999999999999997,0.9999999999999997,0.9999999999999997,0.9999999999999997
20241010,0.9999999999999997,0.9999999999999997,0.9999999999999997,0.9999999999999997,0.9999999999999997
20241011,0.9999999999999997,0.9999999999999997,0.9999999999999997,0.9999999999999997,0.9999999999999997
20241014,0.9999999999999997,0.9999999999999997,0.9999999999999997,0.9999999999999997,0.9999999999999997
20241015,0.9999999999999997,0.9999999999999997,0.9999999999999997,0.9999999999999997,0.9999999999999997
20241016,0.9999999999999997,0.9999999999999997,0.9999999999999997,0.9999999999999997,0.9999999999999997
20241017,0.9999999999999997,0.9999999999999997,0.9999999999999997,0.9999999999999997,0.9999999999999997
20241018,0.9999999999999997,0.9999999999999997,0.9999999999999997,0.9999999999999997,0.9999999999999997
20241021,0.9999999999999997,0.9999999999999997,0.9999999999999997,0.9999999999999997,0.9999999999999997
20241022,0.9999999999999997,0.9999999999999997,0.9999999999999997,0.9999999999999997,0.9999999999999997
20241023,0.9999999999999997,0.9999999999999997,0.9999999999999997,0.9999999999999997,0.9999999999999997
20241024,0.9999999999999997,0.9999999999999997,0.9999999999999997,0.9999999999999997,0.9999999999999997
20241025,0.9999999999999997,0.9999999999999997,0.9999999999999997,0.9999999999999997,0.9999999999999997
20241028,0.9999999999999997,0.9999999999999997,0.9999999999999997,0.9999999999999997,0.9999999999999997
20241029,0.9999999999999997,0.9999999999999997,0.9999999999999997,0.9999999999999997,0.9999999999999997
20241030,0.9999999999999997,0.9999999999999997,0.9999999999999997,0.9999999999999997,0.9999999999999997
20241031,0.9999999999999997,0.9999999999999997,0.9999999999999997,0.9999999999999997,0.9999999999999997
20241101,0.9999999999999997,0.9999999999999997,0.9999999999999997,0.9999999999999997,0.9999999999999997
20241104,0.9999999999999997,0.9999999999999997,0.9999999999999997,0.9999999999999997,0.9999999999999997
20241105,0.9999999999999997,0.9999999999999997,0.9999999999999997,0.9999999999999997,0.9999999999999997
20241106,0.9999999999999997,0.9999999999999997,0.9999999999999997,0.9999999999999997,0.9999999999999997
20241107,0.9999999999999997,0.9999999999999997,0.9999999999999997,0.9999999999999997,0.9999999999999997
20241108,0.9999999999999997,0.9999999999999997,0.9999999999999997,0.9999999999999997,0.9999999999999997
20241111,0.9999999999999997,0.9999999999999997,0.9999999999999997,0.9999999999999997,0.9999999999999997
20241112,0.9999999999999997,0.9999999999999997,0.9999999999999997,0.9999999999999997,0.9999999999999997
20241113,0.9999999999999997,0.9999999999999997,0.9999999999999997,0.9999999999999997,0.9999999999999997
20241114,0.9999999999999997,0.9999999999999997,0.9999999999999997,0.9999999999999997,0.9999999999999997
20241115,0.9999999999999997,0.9999999999999997,0.9999999999999997,0.9999999999999997,0.9999999999999997
20241118,0.9999999999999997,0.9999999999999997,0.9999999999999997,0.9999999999999997,0.9999999999999997
20241119,0.9999999999999997,0.9999999999999997,0.9999999999999997,0.9999999999999997,0.9999999999999997
20241120,0.9999999999999997,0.9999999999999997,0.9999999999999997,0.9999999999999997,0.9999999999999997
20241121,0.9999999999999997,0.9999999999999997,0.9999999999999997,0.9999999999999997,0.9999999999999997
20241122,0.9999999999999997,0.9999999999999997,0.9999999999999997,0.9999999999999997,0.9999999999999997
20241125,0.9999999999999997,0.9999999999999997,0.9999999999999997,0.9999999999999997,0.9999999999999997
20241126,0.9999999999999997,0.9999999999999997,0.9999999999999997,0.9999999999999997,0.9999999999999997
20241127,0.9999999999999997,0.9999999999999997,0.9999999999999997,0.9999999999999997,0.9999999999999997
20241128,0.9999999999999997,0.9999999999999997,0.9999999999999997,0.9999999999999997,0.9999999999999997
20241129,0.9999999999999997,0.9999999999999997,0.9999999999999997,0.9999999999999997,0.9999999999999997
20241202,0.9999999999999997,0.9999999999999997,0.9999999999999997,0.9999999999999997,0.9999999999999997
20241203,0.9999999999999997,0.9999999999999997,0.9999999999999997,0.9999999999999997,0.9999999999999997
20241204,0.9999999999999997,0.9999999999999997,0.9999999999999997,0.9999999999999997,0.9999999999999997
20241205,0.9999999999999997,0.9999999999999997,0.9999999999999997,0.9999999999999997,0.9999999999999997
20241206,0.9999999999999997,0.9999999999999997,0.9999999999999997,0.9999999999999997,0.9999999999999997
20241209,0.9999999999999997,0.9999999999999997,0.9999999999999997,0.9999999999999997,0.9999999999999997
20241210,0.9999999999999997,0.9999999999999997,0.9999999999999997,0.9999999999999997,0.9999999999999997
20241211,0.9999999999999997,0.9999999999999997,0.9999999999999997,0.9999999999999997,0.9999999999999997
20241212,0.9999999999999997,0.9999999999999997,0.9999999999999997,0.9999999999999997,0.9999999999999997
20241213,0.9999999999999997,0.9999999999999997,0.9999999999999997,0.9999999999999997,0.9999999999999997
20241216,0.9999999999999997,0.9999999999999997,0.9999999999999997,0.9999999999999997,0.9999999999999997
20241217,0.9999999999999997,0.9999999999999997,0.9999999999999997,0.9999999999999997,0.9999999999999997
20241218,0.9999999999999997,0.9999999999999997,0.9999999999999997,0.9999999999999997,0.9999999999999997
20241219,0.9999999999999997,0.9999999999999997,0.9999999999999997,0.9999999999999997,0.9999999999999997
20241220,0.9999999999999997,0.9999999999999997,0.9999999999999997,0.9999999999999997,0.9999999999999997
20241223,0.9999999999999997,0.9999999999999997,0.9999999999999997,0.9999999999999997,0.9999999999999997
20241224,0.9999999999999997,0.9999999999999997,0.9999999999999997,0.9999999999999997,0.9999999999999997
20241225,0.9999999999999997,0.9999999999999997,0.9999999999999997,0.9999999999999997,0.9999999999999997
20241226,0.9999999999999997,0.9999999999999997,0.9999999999999997,0.9999999999999997,0.9999999999999997
20241227,0.9999999999999997,0.9999999999999997,0.9999999999999997,0.9999999999999997,0.9999999999999997
20241230,0.9999999999999997,0.9999999999999997,0.9999999999999997,0.9999999999999997,0.9999999999999997
20241231,0.9999999999999997,0.9999999999999997,0.9999999999999997,0.9999999999999997,0.9999999999999997
20250102,0.9999999999999997,0.9999999999999997,0.9999999999999997,0.9999999999999997,0.9999999999999997
20250103,0.9999999999999997,0.9999999999999997,0.9999999999999997,0.9999999999999997,0.9999999999999997
20250106,0.9999999999999997,0.9999999999999997,0.9999999999999997,0.9999999999999997,0.9999999999999997
20250107,0.9999999999999997,0.9999999999999997,0.9999999999999997,0.9999999999999997,0.9999999999999997
20250108,0.9999999999999997,0.9999999999999997,0.9999999999999997,0.9999999999999997,0.9999999999999997
20250109,0.9999999999999997,0.9999999999999997,0.9999999999999997,0.9999999999999997,0.9999999999999997
20250110,0.9999999999999997,0.9999999999999997,0.9999999999999997,0.9999999999999997,0.9999999999999997
20250113,0.9999999999999997,0.9999999999999997,0.9999999999999997,0.9999999999999997,0.9999999999999997
20250114,0.9999999999999997,0.9999999999999997,0.9999999999999997,0.9999999999999997,0.9999999999999997
20250115,0.9999999999999997,0.9999999999999997,0.9999999999999997,0.9999999999999997,0.9999999999999997
20250116,0.9999999999999997,0.9999999999999997,0.9999999999999997,0.9999999999999997,0.9999999999999997
20250117,0.9999999999999997,0.9999999999999997,0.9999999999999997,0.9999999999999997,0.9999999999999997
20250120,0.9999999999999997,0.9999999999999997,0.9999999999999997,0.9999999999999997,0.9999999999999997
20250121,0.9999999999999997,0.9999999999999997,0.9999999999999997,0.9999999999999997,0.9999999999999997
20250122,0.9999999999999997,0.9999999999999997,0.9999999999999997,0.9999999999999997,0.9999999999999997
20250123,0.9999999999999997,0.9999999999999997,0.9999999999999997,0.9999999999999997,0.9999999999999997
20250124,0.9999999999999997,0.9999999999999997,0.9999999999999997,0.9999999999999997,0.9999999999999997
20250127,0.9999999999999997,0.9999999999999997,0.9999999999999997,0.9999999999999997,0.9999999999999997
20250205,0.9999999999999997,0.9999999999999997,0.9999999999999997,0.9999999999999997,0.9999999999999997
20250206,0.9999999999999997,0.9999999999999997,0.9999999999999997,0.9999999999999997,0.9999999999999997
20250207,0.9999999999999997,0.9999999999999997,0.9999999999999997,0.9999999999999997,0.9999999999999997
20250210,0.9999999999999997,0.9999999999999997,0.9999999999999997,0.9999999999999997,0.9999999999999997
20250211,0.9999999999999997,0.9999999999999997,0.9999999999999997,0.9999999999999997,0.9999999999999997
20250212,0.9999999999999997,0.9999999999999997,0.9999999999999997,0.9999999999999997,0.9999999999999997
20250213,0.9999999999999997,0.9999999999999997,0.9999999999999997,0.9999999999999997,0.9999999999999997
20250214,0.9999999999999997,0.9999999999999997,0.9999999999999997,0.9999999999999997,0.9999999999999997
20250217,0.9999999999999997,0.9999999999999997,0.9999999999999997,0.9999999999999997,0.9999999999999997
20250218,0.9999999999999997,0.9999999999999997,0.9999999999999997,0.9999999999999997,0.9999999999999997
20250219,0.9999999999999997,0.9999999999999997,0.9999999999999997,0.9999999999999997,0.9999999999999997
20250220,0.9999999999999997,0.9999999999999997,0.9999999999999997,0.9999999999999997,0.9999999999999997
20250221,0.9999999999999997,0.9999999999999997,0.9999999999999997,0.9999999999999997,0.9999999999999997
20250224,0.9999999999999997,0.9999999999999997,0.9999999999999997,0.9999999999999997,0.9999999999999997
20250225,0.9999999999999997,0.9999999999999997,0.9999999999999997,0.9999999999999997,0.9999999999999997
20250226,0.9999999999999997,0.9999999999999997,0.9999999999999997,0.9999999999999997,0.9999999999999997
20250227,0.9999999999999997,0.9999999999999997,0.9999999999999997,0.9999999999999997,0.9999999999999997
20250228,0.9999999999999997,0.9999999999999997,0.9999999999999997,0.9999999999999997,0.9999999999999997
20250303,0.9999999999999997,0.9999999999999997,0.9999999999999997,0.9999999999999997,0.9999999999999997
20250304,0.9999999999999997,0.9999999999999997,0.9999999999999997,0.9999999999999997,0.9999999999999997
20250305,0.9999999999999997,0.9999999999999997,0.9999999999999997,0.9999999999999997,0.9999999999999997
20250306,0.9999999999999997,0.9999999999999997,0.9999999999999997,0.9999999999999997,0.9999999999999997
20250307,0.9999999999999997,0.9999999999999997,0.9999999999999997,0.9999999999999997,0.9999999999999997
20250310,0.9999999999999997,0.9999999999999997,0.9999999999999997,0.9999999999999997,0.9999999999999997
20250311,0.9999999999999997,0.9999999999999997,0.9999999999999997,0.9999999999999997,0.9999999999999997
20250312,0.9999999999999997,0.9999999999999997,0.9999999999999997,0.9999999999999997,0.9999999999999997
20250313,0.9999999999999997,0.9999999999999997,0.9999999999999997,0.9999999999999997,0.9999999999999997
20250314,0.9999999999999997,0.9999999999999997,0.9999999999999997,0.9999999999999997,0.9999999999999997
20250317,0.9999999999999997,0.9999999999999997,0.9999999999999997,0.9999999999999997,0.9999999999999997
20250318,0.9999999999999997,0.9999999999999997,0.9999999999999997,0.9999999999999997,0.9999999999999997
20250319,0.9999999999999997,0.9999999999999997,0.9999999999999997,0.9999999999999997,0.9999999999999997
20250320,0.9999999999999997,0.9999999999999997,0.9999999999999997,0.9999999999999997,0.9999999999999997
20250321,0.9999999999999997,0.9999999999999997,0.9999999999999997,0.9999999999999997,0.9999999999999997
20250324,0.9999999999999997,0.9999999999999997,0.9999999999999997,0.9999999999999997,0.9999999999999997
20250325,0.9999999999999997,0.9999999999999997,0.9999999999999997,0.9999999999999997,0.9999999999999997
20250326,0.9999999999999997,0.9999999999999997,0.9999999999999997,0.9999999999999997,0.9999999999999997
20250327,0.9999999999999997,0.9999999999999997,0.9999999999999997,0.9999999999999997,0.9999999999999997
20250328,0.9999999999999997,0.9999999999999997,0.9999999999999997,0.9999999999999997,0.9999999999999997
20250331,0.9999999999999997,0.9999999999999997,0.9999999999999997,0.9999999999999997,0.9999999999999997
20250401,0.9999999999999997,0.9999999999999997,0.9999999999999997,0.9999999999999997,0.9999999999999997
20250402,0.9999999999999997,0.9999999999999997,0.9999999999999997,0.9999999999999997,0.9999999999999997
20250403,0.9999999999999997,0.9999999999999997,0.9999999999999997,0.9999999999999997,0.9999999999999997
20250407,0.9999999999999997,0.9999999999999997,0.9999999999999997,0.9999999999999997,0.9999999999999997
20250408,0.9999999999999997,0.9999999999999997,0.9999999999999997,0.9999999999999997,0.9999999999999997
20250409,0.9999999999999997,0.9999999999999997,0.9999999999999997,0.9999999999999997,0.9999999999999997
20250410,0.9999999999999997,0.9999999999999997,0.9999999999999997,0.9999999999999997,0.9999999999999997
20250411,0.9999999999999997,0.9999999999999997,0.9999999999999997,0.9999999999999997,0.9999999999999997
20250414,0.9999999999999997,0.9999999999999997,0.9999999999999997,0.9999999999999997,0.9999999999999997
20250415,0.9999999999999997,0.9999999999999997,0.9999999999999997,0.9999999999999997,0.9999999999999997
20250416,0.9999999999999997,0.9999999999999997,0.9999999999999997,0.9999999999999997,0.9999999999999997
20250417,0.9999999999999997,0.9999999999999997,0.9999999999999997,0.9999999999999997,0.9999999999999997
20250418,0.9999999999999997,0.9999999999999997,0.9999999999999997,0.9999999999999997,0.9999999999999997
20250421,0.9999999999999997,0.9999999999999997,0.9999999999999997,0.9999999999999997,0.9999999999999997
20250422,0.9999999999999997,0.9999999999999997,0.9999999999999997,0.9999999999999997,0.9999999999999997
20250423,0.9999999999999997,0.9999999999999997,0.9999999999999997,0.9999999999999997,0.9999999999999997
20250424,0.9999999999999997,0.9999999999999997,0.9999999999999997,0.9999999999999997,0.9999999999999997
20250425,0.9999999999999997,0.9999999999999997,0.9999999999999997,0.9999999999999997,0.9999999999999997
20250428,0.9999999999999997,0.9999999999999997,0.9999999999999997,0.9999999999999997,0.9999999999999997
20250429,0.9999999999999997,0.9999999999999997,0.9999999999999997,0.9999999999999997,0.9999999999999997
20250430,0.9999999999999997,0.9999999999999997,0.9999999999999997,0.9999999999999997,0.9999999999999997
20250506,0.9999999999999997,0.9999999999999997,0.9999999999999997,0.9999999999999997,0.9999999999999997
20250507,0.9999999999999997,0.9999999999999997,0.9999999999999997,0.9999999999999997,0.9999999999999997
20250508,0.9999999999999997,0.9999999999999997,0.9999999999999997,0.9999999999999997,0.9999999999999997
20250509,0.9999999999999997,0.9999999999999997,0.9999999999999997,0.9999999999999997,0.9999999999999997
20250512,0.9999999999999997,0.9999999999999997,0.9999999999999997,0.9999999999999997,0.9999999999999997
20250513,0.9999999999999997,0.9999999999999997,0.9999999999999997,0.9999999999999997,0.9999999999999997
20250514,0.9999999999999997,0.9999999999999997,0.9999999999999997,0.9999999999999997,0.9999999999999997
20250515,0.9999999999999997,0.9999999999999997,0.9999999999999997,0.9999999999999997,0.9999999999999997
20250516,0.9999999999999997,0.9999999999999997,0.9999999999999997,0.9999999999999997,0.9999999999999997
20250519,0.9999999999999997,0.9999999999999997,0.9999999999999997,0.9999999999999997,0.9999999999999997
20250520,0.9999999999999997,0.9999999999999997,0.9999999999999997,0.9999999999999997,0.9999999999999997
20250521,0.9999999999999997,0.9999999999999997,0.9999999999999997,0.9999999999999997,0.9999999999999997
20250522,0.9999999999999997,0.9999999999999997,0.9999999999999997,0.9999999999999997,0.9999999999999997
20250523,0.9999999999999997,0.9999999999999997,0.9999999999999997,0.9999999999999997,0.9999999999999997
20250526,0.9999999999999997,0.9999999999999997,0.9999999999999997,0.9999999999999997,0.9999999999999997
20250527,0.9999999999999997,0.9999999999999997,0.9999999999999997,0.9999999999999997,0.9999999999999997
20250528,0.9999999999999997,0.9999999999999997,0.9999999999999997,0.9999999999999997,0.9999999999999997
20250529,0.9999999999999997,0.9999999999999997,0.9999999999999997,0.9999999999999997,0.9999999999999997
20250530,0.9999999999999997,0.9999999999999997,0.9999999999999997,0.9999999999999997,0.9999999999999997
20250603,0.9999999999999997,0.9999999999999997,0.9999999999999997,0.9999999999999997,0.9999999999999997
20250604,0.9999999999999997,0.9999999999999997,0.9999999999999997,0.9999999999999997,0.9999999999999997
20250605,0.9999999999999997,0.9999999999999997,0.9999999999999997,0.9999999999999997,0.9999999999999997
20250606,0.9999999999999997,0.9999999999999997,0.9999999999999997,0.9999999999999997,0.9999999999999997
20250609,0.9999999999999997,0.9999999999999997,0.9999999999999997,0.9999999999999997,0.9999999999999997
20250610,0.9999999999999997,0.9999999999999997,0.9999999999999997,0.9999999999999997,0.9999999999999997
20250611,0.9999999999999997,0.9999999999999997,0.9999999999999997,0.9999999999999997,0.9999999999999997
20250612,0.9999999999999997,0.9999999999999997,0.9999999999999997,0.9999999999999997,0.9999999999999997
20250613,0.9999999999999997,0.9999999999999997,0.9999999999999997,0.9999999999999997,0.9999999999999997
20250616,0.9999999999999997,0.9999999999999997,0.9999999999999997,0.9999999999999997,0.9999999999999997
20250617,0.9999999999999997,0.9999999999999997,0.9999999999999997,0.9999999999999997,0.9999999999999997
20250618,0.9999999999999997,0.9999999999999997,0.9999999999999997,0.9999999999999997,0.9999999999999997
20250619,0.9999999999999997,0.9999999999999997,0.9999999999999997,0.9999999999999997,0.9999999999999997
20250620,0.9999999999999997,0.9999999999999997,0.9999999999999997,0.9999999999999997,0.9999999999999997
20250623,0.9999999999999997,0.9999999999999997,0.9999999999999997,0.9999999999999997,0.9999999999999997
20250624,0.9999999999999997,0.9999999999999997,0.9999999999999997,0.9999999999999997,0.9999999999999997
20250625,0.9999999999999997,0.9999999999999997,0.9999999999999997,0.9999999999999997,0.9999999999999997
20250626,0.9999999999999997,0.9999999999999997,0.9999999999999997,0.9999999999999997,0.9999999999999997
20250627,0.9999999999999997,0.9999999999999997,0.9999999999999997,0.9999999999999997,0.9999999999999997
20250630,0.9999999999999997,0.9999999999999997,0.9999999999999997,0.9999999999999997,0.9999999999999997
20250701,0.9999999999999997,0.9999999999999997,0.9999999999999997,0.9999999999999997,0.9999999999999997
20250702,0.9999999999999997,0.9999999999999997,0.9999999999999997,0.9999999999999997,0.9999999999999997
20250703,0.9999999999999997,0.9999999999999997,0.9999999999999997,0.9999999999999997,0.9999999999999997
20250704,0.9999999999999997,0.9999999999999997,0.9999999999999997,0.9999999999999997,0.9999999999999997
20250707,0.9999999999999997,0.9999999999999997,0.9999999999999997,0.9999999999999997,0.9999999999999997
20250708,0.9999999999999997,0.9999999999999997,0.9999999999999997,0.9999999999999997,0.9999999999999997
20250709,0.9999999999999997,0.9999999999999997,0.9999999999999997,0.9999999999999997,0.9999999999999997
20250710,0.9999999999999997,0.9999999999999997,0.9999999999999997,0.9999999999999997,0.9999999999999997
20250711,0.9999999999999997,0.9999999999999997,0.9999999999999997,0.9999999999999997,0.9999999999999997
20250714,0.9999999999999997,0.9999999999999997,0.9999999999999997,0.9999999999999997,0.9999999999999997
20250715,0.9999999999999997,0.9999999999999997,0.9999999999999997,0.9999999999999997,0.9999999999999997
20250716,0.9999999999999997,0.9999999999999997,0.9999999999999997,0.9999999999999997,0.9999999999999997
20250717,0.9999999999999997,0.9999999999999997,0.9999999999999997,0.9999999999999997,0.9999999999999997
20250718,0.9999999999999997,0.9999999999999997,0.9999999999999997,0.9999999999999997,0.9999999999999997
20250721,0.9999999999999997,0.9999999999999997,0.9999999999999997,0.9999999999999997,0.9999999999999997
20250722,0.9999999999999997,0.9999999999999997,0.9999999999999997,0.9999999999999997,0.9999999999999997
20250723,0.9999999999999997,0.9999999999999997,0.9999999999999997,0.9999999999999997,0.9999999999999997
20250724,0.9999999999999997,0.9999999999999997,0.9999999999999997,0.9999999999999997,0.9999999999999997
20250725,0.9999999999999997,0.9999999999999997,0.9999999999999997,0.9999999999999997,0.9999999999999997
20250728,0.9999999999999997,0.9999999999999997,0.9999999999999997,0.9999999999999997,0.9999999999999997
20250729,0.9999999999999997,0.9999999999999997,0.9999999999999997,0.9999999999999997,0.9999999999999997
20250730,0.9999999999999997,0.9999999999999997,0.9999999999999997,0.9999999999999997,0.9999999999999997
20250731,0.9999999999999997,0.9999999999999997,0.9999999999999997,0.9999999999999997,0.9999999999999997
20250801,0.9999999999999997,0.9999999999999997,0.9999999999999997,0.9999999999999997,0.9999999999999997
20250804,0.9999999999999997,0.9999999999999997,0.9999999999999997,0.9999999999999997,0.9999999999999997
20250805,0.9999999999999997,0.9999999999999997,0.9999999999999997,0.9999999999999997,0.9999999999999997
20250806,0.9999999999999997,0.9999999999999997,0.9999999999999997,0.9999999999999997,0.9999999999999997
20250807,0.9999999999999997,0.9999999999999997,0.9999999999999997,0.9999999999999997,0.9999999999999997
20250808,0.9999999999999997,0.9999999999999997,0.9999999999999997,0.9999999999999997,0.9999999999999997
20250811,0.9999999999999997,0.9999999999999997,0.9999999999999997,0.9999999999999997,0.9999999999999997
20250812,0.9999999999999997,0.9999999999999997,0.9999999999999997,0.9999999999999997,0.9999999999999997
20250813,0.9999999999999997,0.9999999999999997,0.9999999999999997,0.9999999999999997,0.9999999999999997
20250814,0.9999999999999997,0.9999999999999997,0.9999999999999997,0.9999999999999997,0.9999999999999997
20250815,0.9999999999999997,0.9999999999999997,0.9999999999999997,0.9999999999999997,0.9999999999999997
20250818,0.9999999999999997,0.9999999999999997,0.9999999999999997,0.9999999999999997,0.9999999999999997
20250819,0.9999999999999997,0.9999999999999997,0.9999999999999997,0.9999999999999997,0.9999999999999997
20250820,0.9999999999999997,0.9999999999999997,0.9999999999999997,0.9999999999999997,0.9999999999999997
20250821,0.9999999999999997,0.9999999999999997,0.9999999999999997,0.9999999999999997,0.9999999999999997
20250822,0.9999999999999997,0.9999999999999997,0.9999999999999997,0.9999999999999997,0.9999999999999997
20250825,0.9999999999999997,0.9999999999999997,0.9999999999999997,0.9999999999999997,0.9999999999999997
20250826,0.9999999999999997,0.9999999999999997,0.9999999999999997,0.9999999999999997,0.9999999999999997
20250827,0.9999999999999997,0.9999999999999997,0.9999999999999997,0.9999999999999997,0.9999999999999997
20250828,0.9999999999999997,0.9999999999999997,0.9999999999999997,0.9999999999999997,0.9999999999999997
20250829,0.9999999999999997,0.9999999999999997,0.9999999999999997,0.9999999999999997,0.9999999999999997
20250901,0.9999999999999997,0.9999999999999997,0.9999999999999997,0.9999999999999997,0.9999999999999997
20250902,0.9999999999999997,0.9999999999999997,0.9999999999999997,0.9999999999999997,0.9999999999999997
20250903,0.9999999999999997,0.9999999999999997,0.9999999999999997,0.9999999999999997,0.9999999999999997
20250904,0.9999999999999997,0.9999999999999997,0.9999999999999997,0.9999999999999997,0.9999999999999997
20250905,0.9999999999999997,0.9999999999999997,0.9999999999999997,0.9999999999999997,0.9999999999999997
20250908,0.9999999999999997,0.9999999999999997,0.9999999999999997,0.9999999999999997,0.9999999999999997
20250909,0.9999999999999997,0.9999999999999997,0.9999999999999997,0.9999999999999997,0.9999999999999997
20250910,0.9999999999999997,0.9999999999999997,0.9999999999999997,0.9999999999999997,0.9999999999999997
20250911,0.9999999999999997,0.9999999999999997,0.9999999999999997,0.9999999999999997,0.9999999999999997
20250912,0.9999999999999997,0.9999999999999997,0.9999999999999997,0.9999999999999997,0.9999999999999997
20250915,0.9999999999999997,0.9999999999999997,0.9999999999999997,0.9999999999999997,0.9999999999999997
20250916,0.9999999999999997,0.9999999999999997,0.9999999999999997,0.9999999999999997,0.9999999999999997
20250917,0.9999999999999997,0.9999999999999997,0.9999999999999997,0.9999999999999997,0.9999999999999997
20250918,0.9999999999999997,0.9999999999999997,0.9999999999999997,0.9999999999999997,0.9999999999999997
20250919,0.9999999999999997,0.9999999999999997,0.9999999999999997,0.9999999999999997,0.9999999999999997
20250922,0.9999999999999997,0.9999999999999997,0.9999999999999997,0.9999999999999997,0.9999999999999997
20250923,0.9999999999999997,0.9999999999999997,0.9999999999999997,0.9999999999999997,0.9999999999999997
20250924,0.9999999999999997,0.9999999999999997,0.9999999999999997,0.9999999999999997,0.9999999999999997
20250925,0.9999999999999997,0.9999999999999997,0.9999999999999997,0.9999999999999997,0.9999999999999997
20250926,0.9999999999999997,0.9999999999999997,0.9999999999999997,0.9999999999999997,0.9999999999999997
20250929,0.9999999999999997,0.9999999999999997,0.9999999999999997,0.9999999999999997,0.9999999999999997
20250930,0.9999999999999997,0.9999999999999997,0.9999999999999997,0.9999999999999997,0.9999999999999997
20251009,0.9999999999999997,0.9999999999999997,0.9999999999999997,0.9999999999999997,0.9999999999999997
20251010,0.9999999999999997,0.9999999999999997,0.9999999999999997,0.9999999999999997,0.9999999999999997
20251013,0.9999999999999997,0.9999999999999997,0.9999999999999997,0.9999999999999997,0.9999999999999997
20251014,0.9999999999999997,0.9999999999999997,0.9999999999999997,0.9999999999999997,0.9999999999999997
20251015,0.9999999999999997,0.9999999999999997,0.9999999999999997,0.9999999999999997,0.9999999999999997
20251016,0.9999999999999997,0.9999999999999997,0.9999999999999997,0.9999999999999997,0.9999999999999997
20251017,0.9999999999999997,0.9999999999999997,0.9999999999999997,0.9999999999999997,0.9999999999999997
20251020,0.9999999999999997,0.9999999999999997,0.9999999999999997,0.9999999999999997,0.9999999999999997
20251021,0.9999999999999997,0.9999999999999997,0.9999999999999997,0.9999999999999997,0.9999999999999997
20251022,0.9999999999999997,0.9999999999999997,0.9999999999999997,0.9999999999999997,0.9999999999999997
20251023,0.9999999999999997,0.9999999999999997,0.9999999999999997,0.9999999999999997,0.9999999999999997
20251024,0.9999999999999997,0.9999999999999997,0.9999999999999997,0.9999999999999997,0.9999999999999997
20251027,0.9999999999999997,0.9999999999999997,0.9999999999999997,0.9999999999999997,0.9999999999999997
20251028,0.9999999999999997,0.9999999999999997,0.9999999999999997,0.9999999999999997,0.9999999999999997
20251029,0.9999999999999997,0.9999999999999997,0.9999999999999997,0.9999999999999997,0.9999999999999997
20251030,0.9999999999999997,0.9999999999999997,0.9999999999999997,0.9999999999999997,0.9999999999999997
20251031,0.9999999999999997,0.9999999999999997,0.9999999999999997,0.9999999999999997,0.9999999999999997
20251103,0.9999999999999997,0.9999999999999997,0.9999999999999997,0.9999999999999997,0.9999999999999997
20251104,0.9999999999999997,0.9999999999999997,0.9999999999999997,0.9999999999999997,0.9999999999999997
20251105,0.9999999999999997,0.9999999999999997,0.9999999999999997,0.9999999999999997,0.9999999999999997
20251106,0.9999999999999997,0.9999999999999997,0.9999999999999997,0.9999999999999997,0.9999999999999997
20251107,0.9999999999999997,0.9999999999999997,0.9999999999999997,0.9999999999999997,0.9999999999999997
20251110,0.9999999999999997,0.9999999999999997,0.9999999999999997,0.9999999999999997,0.9999999999999997
20251111,0.9999999999999997,0.9999999999999997,0.9999999999999997,0.9999999999999997,0.9999999999999997
20251112,0.9999999999999997,0.9999999999999997,0.9999999999999997,0.9999999999999997,0.9999999999999997
20251113,0.9999999999999997,0.9999999999999997,0.9999999999999997,0.9999999999999997,0.9999999999999997
20251114,0.9999999999999997,0.9999999999999997,0.9999999999999997,0.9999999999999997,0.9999999999999997
20251117,0.9999999999999997,0.9999999999999997,0.9999999999999997,0.9999999999999997,0.9999999999999997
20251118,0.9999999999999997,0.9999999999999997,0.9999999999999997,0.9999999999999997,0.9999999999999997
20251119,0.9999999999999997,0.9999999999999997,0.9999999999999997,0.9999999999999997,0.9999999999999997
20251120,0.9999999999999997,0.9999999999999997,0.9999999999999997,0.9999999999999997,0.9999999999999997
20251121,0.9999999999999997,0.9999999999999997,0.9999999999999997,0.9999999999999997,0.9999999999999997
20251124,0.9999999999999997,0.9999999999999997,0.9999999999999997,0.9999999999999997,0.9999999999999997
20251125,0.9999999999999997,0.9999999999999997,0.9999999999999997,0.9999999999999997,0.9999999999999997
20251126,0.9999999999999997,0.9999999999999997,0.9999999999999997,0.9999999999999997,0.9999999999999997
20251127,0.9999999999999997,0.9999999999999997,0.9999999999999997,0.9999999999999997,0.9999999999999997
20251128,0.9999999999999997,0.9999999999999997,0.9999999999999997,0.9999999999999997,0.9999999999999997
20251201,0.9999999999999997,0.9999999999999997,0.9999999999999997,0.9999999999999997,0.9999999999999997
20251202,0.9999999999999997,0.9999999999999997,0.9999999999999997,0.9999999999999997,0.9999999999999997
20251203,0.9999999999999997,0.9999999999999997,0.9999999999999997,0.9999999999999997,0.9999999999999997
20251204,0.9999999999999997,0.9999999999999997,0.9999999999999997,0.9999999999999997,0.9999999999999997
20251205,0.9999999999999997,0.9999999999999997,0.9999999999999997,0.9999999999999997,0.9999999999999997
20251208,0.9999999999999997,0.9999999999999997,0.9999999999999997,0.9999999999999997,0.9999999999999997
20251209,0.9999999999999997,0.9999999999999997,0.9999999999999997,0.9999999999999997,0.9999999999999997
20251210,0.9999999999999997,0.9999999999999997,0.9999999999999997,0.9999999999999997,0.9999999999999997
20251211,0.9999999999999997,0.9999999999999997,0.9999999999999997,0.9999999999999997,0.9999999999999997
20251212,0.9999999999999997,0.9999999999999997,0.9999999999999997,0.9999999999999997,0.9999999999999997
20251215,0.9999999999999997,0.9999999999999997,0.9999999999999997,0.9999999999999997,0.9999999999999997
20251216,0.9999999999999997,0.9999999999999997,0.9999999999999997,0.9999999999999997,0.9999999999999997
20251217,0.9999999999999997,0.9999999999999997,0.9999999999999997,0.9999999999999997,0.9999999999999997
20251218,0.9999999999999997,0.9999999999999997,0.9999999999999997,0.9999999999999997,0.9999999999999997
20251219,0.9999999999999997,0.9999999999999997,0.9999999999999997,0.9999999999999997,0.9999999999999997
20251222,0.9999999999999997,0.9999999999999997,0.9999999999999997,0.9999999999999997,0.9999999999999997
20251223,0.9999999999999997,0.9999999999999997,0.9999999999999997,0.9999999999999997,0.9999999999999997
20251224,0.9999999999999997,0.9999999999999997,0.9999999999999997,0.9999999999999997,0.9999999999999997
20251225,0.9999999999999997,0.9999999999999997,0.9999999999999997,0.9999999999999997,0.9999999999999997
20251226,0.9999999999999997,0.9999999999999997,0.9999999999999997,0.9999999999999997,0.9999999999999997
20251229,0.9999999999999997,0.9999999999999997,0.9999999999999997,0.9999999999999997,0.9999999999999997
20251230,0.9999999999999997,0.9999999999999997,0.9999999999999997,0.9999999999999997,0.9999999999999997
20251231,0.9999999999999997,0.9999999999999997,0.9999999999999997,0.9999999999999997,0.9999999999999997
20260105,0.9999999999999997,0.9999999999999997,0.9999999999999997,0.9999999999999997,0.9999999999999997
20260106,0.9999999999999997,0.9999999999999997,0.9999999999999997,0.9999999999999997,0.9999999999999997
20260107,0.9999999999999997,0.9999999999999997,0.9999999999999997,0.9999999999999997,0.9999999999999997
20260108,0.9999999999999997,0.9999999999999997,0.9999999999999997,0.9999999999999997,0.9999999999999997
20260109,0.9999999999999997,0.9999999999999997,0.9999999999999997,0.9999999999999997,0.9999999999999997
20260112,0.9999999999999997,0.9999999999999997,0.9999999999999997,0.9999999999999997,0.9999999999999997
20260113,0.9999999999999997,0.9999999999999997,0.9999999999999997,0.9999999999999997,0.9999999999999997
20260114,0.9999999999999997,0.9999999999999997,0.9999999999999997,0.9999999999999997,0.9999999999999997
20260115,0.9999999999999997,0.9999999999999997,0.9999999999999997,0.9999999999999997,0.9999999999999997
20260116,0.9999999999999997,0.9999999999999997,0.9999999999999997,0.9999999999999997,0.9999999999999997
20260119,0.9999999999999997,0.9999999999999997,0.9999999999999997,0.9999999999999997,0.9999999999999997
20260120,0.9999999999999997,0.9999999999999997,0.9999999999999997,0.9999999999999997,0.9999999999999997
20260121,0.9999999999999997,0.9999999999999997,0.9999999999999997,0.9999999999999997,0.9999999999999997
20260122,0.9999999999999997,0.9999999999999997,0.9999999999999997,0.9999999999999997,0.9999999999999997
20260123,0.9999999999999997,0.9999999999999997,0.9999999999999997,0.9999999999999997,0.9999999999999997
20260126,0.9999999999999997,0.9999999999999997,0.9999999999999997,0.9999999999999997,0.9999999999999997
20260127,0.9999999999999997,0.9999999999999997,0.9999999999999997,0.9999999999999997,0.9999999999999997
20260128,0.9999999999999997,0.9999999999999997,0.9999999999999997,0.9999999999999997,0.9999999999999997
20260129,0.9999999999999997,0.9999999999999997,0.9999999999999997,0.9999999999999997,0.9999999999999997
20260130,0.9999999999999997,0.9999999999999997,0.9999999999999997,0.9999999999999997,0.9999999999999997
20260202,0.9999999999999997,0.9999999999999997,0.9999999999999997,0.9999999999999997,0.9999999999999997
20260203,0.9999999999999997,0.9999999999999997,0.9999999999999997,0.9999999999999997,0.9999999999999997
20260204,0.9999999999999997,0.9999999999999997,0.9999999999999997,0.9999999999999997,0.9999999999999997
20260205,0.9999999999999997,0.9999999999999997,0.9999999999999997,0.9999999999999997,0.9999999999999997
20260206,0.9999999999999997,0.9999999999999997,0.9999999999999997,0.9999999999999997,0.9999999999999997
20260209,0.9999999999999997,0.9999999999999997,0.9999999999999997,0.9999999999999997,0.9999999999999997
20260210,0.9999999999999997,0.9999999999999997,0.9999999999999997,0.9999999999999997,0.9999999999999997
20260211,0.9999999999999997,0.9999999999999997,0.9999999999999997,0.9999999999999997,0.9999999999999997
20260212,0.9999999999999997,0.9999999999999997,0.9999999999999997,0.9999999999999997,0.9999999999999997
20260213,0.9999999999999997,0.9999999999999997,0.9999999999999997,0.9999999999999997,0.9999999999999997
20260224,0.9999999999999997,0.9999999999999997,0.9999999999999997,0.9999999999999997,0.9999999999999997
20260225,0.9999999999999997,0.9999999999999997,0.9999999999999997,0.9999999999999997,0.9999999999999997
20260226,0.9999999999999997,0.9999999999999997,0.9999999999999997,0.9999999999999997,0.9999999999999997
20260227,0.9999999999999997,0.9999999999999997,0.9999999999999997,0.9999999999999997,0.9999999999999997
20260302,0.9999999999999997,0.9999999999999997,0.9999999999999997,0.9999999999999997,0.9999999999999997
20260303,0.9999999999999997,0.9999999999999997,0.9999999999999997,0.9999999999999997,0.9999999999999997
20260304,0.9999999999999997,0.9999999999999997,0.9999999999999997,0.9999999999999997,0.9999999999999997
20260305,0.9999999999999997,0.9999999999999997,0.9999999999999997,0.9999999999999997,0.9999999999999997
20260306,0.9999999999999997,0.9999999999999997,0.9999999999999997,0.9999999999999997,0.9999999999999997
20260309,0.9999999999999997,0.9999999999999997,0.9999999999999997,0.9999999999999997,0.9999999999999997
20260310,0.9999999999999997,0.9999999999999997,0.9999999999999997,0.9999999999999997,0.9999999999999997
20260311,0.9999999999999997,0.9999999999999997,0.9999999999999997,0.9999999999999997,0.9999999999999997
20260312,0.9999999999999997,0.9999999999999997,0.9999999999999997,0.9999999999999997,0.9999999999999997
20260313,0.9999999999999997,0.9999999999999997,0.9999999999999997,0.9999999999999997,0.9999999999999997
20260316,0.9999999999999997,0.9999999999999997,0.9999999999999997,0.9999999999999997,0.9999999999999997
20260317,0.9999999999999997,0.9999999999999997,0.9999999999999997,0.9999999999999997,0.9999999999999997
20260318,0.9999999999999997,0.9999999999999997,0.9999999999999997,0.9999999999999997,0.9999999999999997
20260319,0.9999999999999997,0.9999999999999997,0.9999999999999997,0.9999999999999997,0.9999999999999997
20260320,0.9999999999999997,0.9999999999999997,0.9999999999999997,0.9999999999999997,0.9999999999999997
20260323,0.9999999999999997,0.9999999999999997,0.9999999999999997,0.9999999999999997,0.9999999999999997
20260324,0.9999999999999997,0.9999999999999997,0.9999999999999997,0.9999999999999997,0.9999999999999997
20260325,0.9999999999999997,0.9999999999999997,0.9999999999999997,0.9999999999999997,0.9999999999999997
20260326,0.9999999999999997,0.9999999999999997,0.9999999999999997,0.9999999999999997,0.9999999999999997
20260327,0.9999999999999997,0.9999999999999997,0.9999999999999997,0.9999999999999997,0.9999999999999997
20260330,0.9999999999999997,0.9999999999999997,0.9999999999999997,0.9999999999999997,0.9999999999999997
20260331,0.9999999999999997,0.9999999999999997,0.9999999999999997,0.9999999999999997,0.9999999999999997
20260401,0.9999999999999997,0.9999999999999997,0.9999999999999997,0.9999999999999997,0.9999999999999997
20260402,0.9999999999999997,0.9999999999999997,0.9999999999999997,0.9999999999999997,0.9999999999999997
20260403,0.9999999999999997,0.9999999999999997,0.9999999999999997,0.9999999999999997,0.9999999999999997
