trade_date,M.DCE,Y.DCE,P.DCE,OI.ZCE,RM.ZCE
20100104,0.0,0.0,0.0,,
20100105,0.0,0.0,0.0,,
20100106,0.0,0.0,0.0,,
20100107,0.0,0.0,0.0,,
20100108,0.0,0.0,0.0,,
20100111,0.0,0.0,0.0,,
20100112,0.0,0.0,0.0,,
20100113,0.0,0.0,0.0,,
20100114,0.0,0.0,0.0,,
20100115,0.0,0.0,0.0,,
20100118,0.0,0.0,0.0,,
20100119,0.0,0.0,0.0,,
20100120,0.0,0.0,0.0,,
20100121,0.0,0.0,0.0,,
20100122,0.0,0.0,0.0,,
20100125,0.0,0.0,0.0,,
20100126,0.0,0.0,0.0,,
20100127,0.0,0.0,0.0,,
20100128,0.0,0.0,0.0,,
20100129,0.0,0.0,0.0,,
20100201,0.0,0.0,0.0,,
20100202,0.0,0.0,0.0,,
20100203,0.0,0.0,0.0,,
20100204,0.0,0.0,0.0,,
20100205,0.0,0.0,0.0,,
20100208,0.0,0.0,0.0,,
20100209,0.0,0.0,0.0,,
20100210,0.0,0.0,0.0,,
20100211,0.0,0.0,0.0,,
20100212,0.0,0.0,0.0,,
20100222,0.0,0.0,0.0,,
20100223,0.0,0.0,0.0,,
20100224,0.0,0.0,0.0,,
20100225,0.0,0.0,0.0,,
20100226,0.0,0.0,0.0,,
20100301,0.0,0.0,0.0,,
20100302,0.0,0.0,0.0,,
20100303,0.0,0.0,0.0,,
20100304,0.0,0.0,0.0,,
20100305,0.0,0.0,0.0,,
20100308,0.0,0.0,0.0,,
20100309,0.0,0.0,0.0,,
20100310,0.0,0.0,0.0,,
20100311,0.0,0.0,0.0,,
20100312,0.0,0.0,0.0,,
20100315,0.0,0.0,0.0,,
20100316,0.0,0.0,0.0,,
20100317,0.0,0.0,0.0,,
20100318,0.0,0.0,0.0,,
20100319,0.0,0.0,0.0,,
20100322,-18.63492862175153,28.740868546503233,20.023481900384038,,
20100323,-36.283965162206485,54.615384095648665,37.50752337791042,,
20100324,-50.71939169171042,11.756100302545612,52.295937449900954,,
20100325,-62.79333947448592,43.98262140611053,64.8965643471881,,
20100326,-72.8877382867204,69.82772641663603,75.25481029309975,,
20100329,-82.29226270081266,92.19530855161334,84.25056060432125,,
20100330,-43.74159906465468,107.81929290881936,91.81605732893959,,
20100331,-12.115452580027549,122.48982329167228,99.10829203809267,,
20100401,15.859095690730861,139.04230800640073,106.68059591775834,,
20100402,38.705036114121064,155.19702543097367,120.08056127150171,,
20100406,57.83761376222372,168.83964903678643,131.2491581998386,,
20100407,73.13226582940668,172.55836766014946,136.87023326481872,,
20100408,85.35266839001845,175.18011773181095,142.1575215923591,,
20100409,95.39538840360298,177.4688242981057,150.44991730961402,,
20100412,106.32176869365065,181.97173526141825,158.97495400155717,,
20100413,115.21843843946982,185.08058249820184,167.24925126951064,,
20100414,126.78875579826706,187.2002220287014,174.1261230842794,,
20100415,136.20846077870743,188.8950498848606,181.01529880199672,,
20100416,143.58020018822674,193.68699182599684,188.63371637305417,,
20100419,152.782973397122,190.11382793412034,187.0158631470188,,
20100420,157.0106117273653,187.2204839531622,185.8599205995115,,
20100421,160.26581062654142,184.81777874438183,184.67795759730691,,
20100422,163.93796817022312,182.78806813411776,183.54828123669293,,
20100423,165.0577865701037,179.93902334041894,180.99179536587062,,
20100426,166.58501801112024,178.51637310829457,179.13990596158587,,
20100427,167.5205082470708,177.37207995084154,177.6345865884435,,
20100428,166.89347432929424,175.3944362267719,172.4637044638602,,
20100429,166.39088649102828,173.28793048461654,168.05663578937657,,
20100430,168.6562359310061,171.1331065556401,164.14197931919864,,
20100504,168.38365924844362,169.0328050574466,160.69553687404454,,
20100505,168.06513009695672,166.9265900658981,157.86886697007,,
20100506,163.50598462860287,167.1051520551711,158.0946787203088,,
20100507,157.85584747695302,161.94974641939447,152.1651641797893,,
20100510,151.08949134192943,155.65571877304123,145.4203483140821,,
20100511,145.39273539772435,150.17739699546945,139.84838901346825,,
20100512,140.06560011664126,145.1205348383351,134.99502751001035,,
20100513,135.75577974431576,140.9811253843377,130.8866521172936,,
20100514,131.43918559039713,137.27567497617176,126.98431354518667,,
20100517,126.79612999364747,131.64327579827267,121.82464623984906,,
20100518,123.12678007829656,126.94753405402048,116.99040347409866,,
20100519,120.83284280073437,123.21347963040465,113.12106147275895,,
20100520,118.91586071205528,119.82389684527296,109.538017159378,,
20100521,117.29534830710662,116.74094011348276,106.19016954195867,,
20100524,116.81340448007666,114.76394323035738,103.84302193438437,,
20100525,116.1492295368676,112.8383785955024,101.80514759145731,,
20100526,115.40070983783144,110.83556735593972,99.97755995271461,,
20100527,114.94419327931824,109.45840872530127,98.82813927069444,,
20100528,114.59772366696178,108.37687836408419,97.98008971595024,,
20100531,114.36708329921346,107.4529321549984,97.08662636038855,,
20100601,114.40883041216645,106.73175955429589,96.38906978991251,,
20100602,114.78331546306791,105.90257950653334,95.47469671970815,,
20100603,116.40762349102928,105.78252397983455,94.90372261440588,,
20100604,118.84469118658915,107.70340434142474,96.49634734760836,,
20100607,121.37930549362291,108.13095848486154,62.178129883548586,,
20100608,123.48310348121666,108.6588814030925,34.01374708756424,,
20100609,127.1901712150491,109.51123297738508,10.805984210193449,,
20100610,130.3143767985994,110.20330810172604,-8.160269704189478,,
20100611,133.72212540570027,111.05364169413497,-23.985175370056943,,
20100617,138.0065141850644,114.02617348848374,-38.7354510500992,,
20100618,141.47710689318578,117.16210990529349,-51.89830494058388,,
20100621,138.61517302532943,118.30544158290022,-61.49960227756291,,
20100622,136.23214244393088,119.43983371090607,-69.84219551685695,,
20100623,134.32883275846103,120.59101287770098,-77.22303880696892,,
20100624,132.7776363531296,121.4914950479779,-83.24004273546346,,
20100625,132.45222935952273,123.23816458994276,-89.01831305551438,,
20100628,132.34002378435767,125.1661516871934,-94.12428712821367,,
20100629,132.2658146504033,125.70070919310294,-97.48633085880888,,
20100630,131.86624701879995,125.95245189464583,-100.04224107109472,,
20100701,133.022105919386,126.33302129290628,-102.57479279450956,,
20100702,133.59233284982824,126.49519090601812,-104.56770977800824,,
20100705,133.94545217434978,127.14081611738436,-106.97382949435836,,
20100706,134.25086638550087,127.64216003754437,-108.88052580451759,,
20100707,134.71402133703154,128.5235216311365,-110.65923469017564,,
20100708,137.96089084661338,76.37657626344513,-118.21322713978363,,
20100709,139.18880424778018,34.31872425893412,-122.73927852661484,,
20100712,140.099670602173,-0.05361383232412761,-126.78843354562763,,
20100713,140.76545808480233,-28.236950035419966,-130.53754443038562,,
20100714,142.03825890270394,-51.04186913535685,-132.44478089862727,,
20100715,143.81456293984968,-73.42822645931359,-134.743894019115,,
20100716,142.59343900700247,-88.1987311775312,-131.77337804643398,,
20100719,147.80720706136321,-104.04640586361059,-130.78434372757096,,
20100720,151.15432429121554,-117.1904861837153,-130.11824879283665,,
20100721,153.82309039882966,-128.06464332236945,-129.54397163527844,,
20100722,156.14442353815886,-136.7180129501465,-127.87848550133047,,
20100723,158.53501540897634,-143.43188168878743,-126.40283584656731,,
20100726,160.25354001359128,-148.9783815219833,-125.09326295052142,,
20100727,155.501346601556,-90.48464712254619,-123.29799394931116,,
20100728,151.8093238633709,-106.03140682141324,-122.20906177627484,,
20100729,148.34366985260058,-53.94892169409491,-78.77025670554487,,
20100730,144.9376481742055,-11.31506150409775,-43.1953356642134,,
20100802,138.5124754988889,18.944651358799497,-16.291620960350887,,
20100803,132.57298293724796,43.69907300558203,6.148658223654414,,
20100804,127.7417926352736,64.37745858247193,24.6808754238014,,
20100805,122.69857535572307,80.53098713320261,38.46912211584302,,
20100806,118.48362315808662,89.26720931812226,47.49617727044143,,
20100809,114.92939773731989,94.15628519502741,54.690546463607774,,
20100810,111.25374625272444,97.06790749976739,59.4663432844484,,
20100811,108.1504079503158,98.79592592288502,63.20061477330183,,
20100812,105.61112745238732,100.09442868140923,66.3298516560827,,
20100813,103.56129717378161,99.60359622889823,68.77745091175424,,
20100816,101.92386809439438,99.14257231616688,70.84416074443122,,
20100817,100.70855238450837,98.5214036892858,72.46688494501765,,
20100818,99.57804309802658,97.03866997861942,73.1936726471986,,
20100819,98.61463026245724,95.81157817648875,73.884575912654,,
20100820,96.56752178035735,92.37981877754326,72.31758780032014,,
20100823,94.9058186445439,89.57117172786347,71.06226118615383,,
20100824,94.69856486701148,87.5060364306482,70.4736211658075,,
20100825,94.54629073682074,85.78783100560366,69.90212433487724,,
20100826,94.4492232214254,84.36737398257654,69.60045183255382,,
20100827,94.50176325042766,83.04947561551874,69.2829210311553,,
20100830,97.30381885790293,82.57885323850341,69.71459809927825,,
20100831,98.29247635086692,81.29012057083047,69.32732017247457,,
20100901,99.07382481671227,80.25976841927216,69.05275429163792,,
20100902,100.85037793630296,79.40041296073018,68.97531770764348,,
20100903,101.99545933448239,79.4703464645345,70.08704823087454,,
20100906,103.01829060334893,80.72645575402642,71.66381764790638,,
20100907,104.18295556640295,81.72227503554126,73.14301015997374,,
20100908,104.86006480894106,82.65211522644283,74.31446077263722,,
20100909,104.86753507630385,82.67058105335643,74.80762158021071,,
20100910,106.46832437533168,84.50989170210366,76.30225273112244,,
20100913,107.76140011265544,85.97740431977472,77.53138005985947,,
20100914,108.9098167061903,87.18296449608098,78.24187256774555,,
20100915,108.66229001763715,88.738576137208,79.18588389130342,,
20100916,108.48470075468155,90.01931430714788,79.93867520097326,,
20100917,110.96547258930363,95.66046233335886,84.64616733639406,,
20100920,106.57054341730947,94.90301493318105,83.79814883483907,,
20100921,103.31614970014962,94.36389501770711,83.18910769723327,,
20100927,100.89444989946504,92.34576218124116,81.85727398941512,,
20100928,98.9332227745442,90.62391750874984,80.80313697010384,,
20100929,95.26372243175837,88.1611729225995,79.03376886251625,,
20100930,92.23051474830177,86.23869429115824,77.70966699961193,,
20101008,89.15149618924143,85.62417981395784,77.75830878479422,,
20101011,61.96364327842999,82.03272655330824,74.17977888253367,,
20101012,61.60746589161689,79.07621569425736,50.20623753976051,,
20101013,61.38388361138101,76.69529403530215,30.552383364545733,,
20101014,61.16607602500126,74.72301305434682,14.48405641789238,,
20101015,61.005136596085165,49.1633893675372,1.3282065561682255,,
20101018,60.54830502750609,51.34210059198178,-8.82622364779371,,
20101019,60.33495795045913,53.56027747051257,-17.421189371150817,,
20101020,60.10085622350985,55.29612628782846,-24.32669957800923,,
20101021,59.920038817983595,56.359099223830974,-29.80767346847053,,
20101022,59.66324928278465,57.36768769559799,-34.54044325928783,,
20101025,59.44266616547078,36.159099070159385,-38.13791169346856,,
20101026,58.81871658456024,18.92672016873261,-40.95651043222725,,
20101027,57.93286284134468,5.701314137325582,-42.86810008127433,,
20101028,58.088865315696474,-5.56119133745551,-45.021441499749116,,
20101029,58.03048716504037,-14.122476752836965,-46.3756449957095,,
20101101,57.78816425716873,-21.3260183081942,-47.77283503445164,,
20101102,57.494505081613546,-27.25125742154161,-48.9113918792633,,
20101103,57.68099670449218,-32.4736153362735,-50.19560078052163,,
20101104,57.76452081397006,-36.1960920162954,-31.56634270793652,,
20101105,57.793871310408925,-39.04539020954449,-16.826341744009174,,
20101108,60.430057192302414,-42.51421342548025,-3.108383089728647,,
20101109,63.00868957396044,-45.27251091855955,8.167211109166114,,
20101110,65.17789443279922,-47.47253676103656,-3.9617511274293262,,
20101111,66.92576163571493,-49.275888668096464,-13.89098398565646,,
20101112,66.43718964122769,-49.51610018594122,-2.4369178563234226,,
20101115,66.35508910819208,-49.86067161475189,7.2312627961989255,,
20101116,66.1890069291902,-49.99474259678252,15.047603350028245,,
20101117,64.80006553017076,-49.59709804660517,20.54715026914195,,
20101118,63.69066608464768,-49.55288972281734,25.193887703750303,,
20101119,62.77110357633678,-49.431517280219026,28.83726131195024,,
20101122,62.222331031511835,-49.46179533038483,31.7051556568936,,
20101123,61.98002594051068,-49.462768521411725,34.024314004973995,,
20101124,61.8411047248125,-49.28553537303167,35.78180003815775,,
20101125,62.222034620074076,-49.36372000721207,37.36227504675288,,
20101126,62.53526670044839,-49.74909667389781,38.79325773833855,,
20101129,63.39135495996821,-50.205073888925945,39.90533312724637,,
20101130,64.18860755567472,-50.555933236374905,40.795147670225596,,
20101201,64.76349990513218,-50.77419989758088,41.45398736634855,,
20101202,65.29124999735252,-51.64512788455287,42.489983921264276,,
20101203,67.41320765417109,-53.17592114303331,44.05856992896463,,
20101206,69.06813639861038,-54.27144898039502,45.43409467624597,,
20101207,70.51032524723385,-55.40974062397674,46.52789980495698,,
20101208,71.54211354356207,-55.9360792860825,46.9425652329278,,
20101209,72.14624545912227,-56.22900077731561,47.12858447146918,,
20101210,75.44259846354964,-57.74716321104815,48.47192175860109,,
20101213,77.67586008828783,-59.00148163013561,49.32763378315583,,
20101214,78.79395282581108,-60.28667255248923,50.13671728440638,,
20101215,84.11407043371567,-62.586942649220944,52.37380715492441,,
20101216,88.32838430217308,-64.50105909809875,54.198318978759964,,
20101217,91.77904072274241,-66.27595127709891,56.01786835826636,,
20101220,96.2822269242191,-70.02379418734279,59.20538715865787,,
20101221,99.89034927720898,-73.5563097969371,62.32353979731484,,
20101222,103.64938142051527,-78.76222569737901,65.6481562639094,,
20101223,106.67487747557725,-80.71626090585394,67.71861280705112,,
20101224,111.14429824887672,-83.11022006735729,69.72552639615581,,
20101227,114.39904183705673,-85.3144070220887,71.69319017317976,,
20101228,117.15903298943249,-86.97342205630912,73.2967411838591,,
20101229,118.13017315818809,-86.29851689684384,74.05839701117536,,
20101230,119.10624578473467,-85.69765825163738,74.65556160266405,,
20101231,119.82564978589303,-85.20598937503208,75.14106369093733,,
20110104,120.26405667400988,-84.92721896564721,75.638101473432,,
20110105,118.82635544105784,-84.32485865437984,75.70168199186746,,
20110106,118.92762655049091,-84.30230817305184,76.83977582802471,,
20110107,116.34202656853614,-82.90205040353554,76.29178885573201,,
20110110,114.01399852692968,-81.67563301525605,75.78895157372081,,
20110111,112.47381370710754,-81.1248313023994,76.22824421218469,,
20110112,112.75046997086089,-80.24732343818872,75.82113143996321,,
20110113,113.12224021143707,-79.84174591398222,75.81771934422888,,
20110114,112.92914986642035,-79.5137953987241,75.81568009930763,,
20110117,112.45236216899694,-79.08661320725815,75.64127791159873,,
20110118,112.06456355068957,-78.63561759259579,75.555263797852,,
20110119,111.5640360814664,-78.29888297291923,75.46121186590587,,
20110120,110.53692640942194,-78.00190630588347,75.38589119353846,,
20110121,109.79849337118942,-79.57351372275554,76.2097699804126,,
20110124,109.02115832839253,-80.18446645838262,76.43384288601851,,
20110125,107.21723409537383,-79.98816761839511,75.69645849808,,
20110126,104.94504011887878,-79.01094501307433,74.47938397556902,,
20110127,103.0855582989135,-78.9117681754616,73.64741753035074,,
20110128,101.96039176991799,-79.11301008467142,47.37325199638395,,
20110131,100.82330875719222,-78.4280236993148,26.38664185166649,,
20110201,99.66072209294248,-77.9701321941505,8.956280681894349,,
20110209,99.22364868803761,-77.30879752136593,-4.898305513602425,,
20110210,99.04979744038393,-78.3080830900366,9.579448985535366,,
20110211,101.17286173446035,-80.43017964104894,22.74904814456885,,
20110214,103.10163781539744,-82.26248778771651,33.60776671349878,,
20110215,102.97936491264188,-83.09913707735355,41.98308068367113,,
20110216,102.55381741933896,-83.17709027952188,48.69677753610169,,
20110217,103.12778033065524,-82.90638201360932,53.70715646504572,,
20110218,104.34681738280428,-82.71348504364286,57.84999884858742,,
20110221,106.09455348534436,-82.62624998101863,61.33429883521429,,
20110222,107.42351114171049,-82.30491725909273,64.03809963685786,,
20110223,103.80852131444202,-79.47726926486742,63.88367666097337,,
20110224,100.85337586249337,-76.93023482155417,63.59904794674633,,
20110225,97.55688424740093,-74.38194911167221,62.986161945629966,,
20110228,94.61586941107339,-72.35618919497567,62.553975074813934,,
20110301,92.67902506237448,-70.95749020520448,62.61209888967485,,
20110302,91.52442442032385,-70.04570718859918,62.8231220401867,,
20110303,90.89873816324156,-69.32718838516537,63.05157349959486,,
20110304,90.31706204688994,-68.52752541683611,63.02494709616952,,
20110307,90.14790548884395,-68.42161912051206,63.42831347010378,,
20110308,89.74377206406328,-68.01850248045574,63.53162743566119,,
20110309,90.16999354649238,-43.135780843868076,64.41429354500592,,
20110310,90.17292311542033,-22.764918759683972,65.08090093569834,,
20110311,90.15793505274688,-31.166147345690835,65.62381269533867,,
20110314,90.03029949166569,-38.001656499061866,65.86467389493228,,
20110315,90.12935942364045,-43.5705842707903,65.91429134703863,,
20110316,89.28597140622658,-48.35805368888228,66.1608687324735,,
20110317,88.52701388063065,-52.32458751616434,66.34191253206062,,
20110318,87.84126252442857,-55.290056998472586,65.96127902907084,,
20110321,87.00067651270953,-57.54380957027956,65.4489403552848,,
20110322,86.39597929421802,-59.59683076712374,65.06501609286765,,
20110323,88.8122883394566,-64.31813629278487,67.3515889590107,,
20110324,91.03014272775104,-67.93410168495593,42.119194239316826,,
20110325,93.23279534189659,-71.18948507732453,21.37879635206815,,
20110328,96.07296349181988,-74.62926879105146,4.011355625168852,,
20110329,98.30770234592204,-77.43574987587327,-10.185306854438762,,
20110330,100.62992687694204,-80.90311572918648,-22.09136075670697,,
20110331,102.57308993315596,-83.83677605785846,-4.2634817701989896,,
20110401,104.12326027505237,-86.66640786653261,10.544865525082972,,
20110406,105.40547500059515,-88.29143090351725,22.353966693262294,,
20110407,108.16042206347369,-53.648646351098805,32.438501555672055,,
20110408,110.35776319595863,-25.162046878362293,40.626922003582386,,
20110411,113.45611704207926,-0.8687015574935133,47.876508948269816,,
20110412,113.71450345630039,16.97636537225483,25.54326379536359,,
20110413,114.6350745773681,32.189292046521444,6.57232150570816,,
20110414,114.95972530805419,9.049944448069757,-8.640859935035332,,
20110415,119.35247635179373,25.438050259645568,-21.345752755540193,,
20110418,123.03641461760532,38.9676264408437,-31.89312178192105,,
20110419,126.34283471841454,50.45774093807218,-41.12257527820005,,
20110420,128.5391095123606,58.77336129878394,-47.8256399036367,,
20110421,130.21136566165515,65.63518666676089,-53.663357228540335,,
20110422,134.0874176326653,35.899883744016726,-58.2091509576367,,
20110425,138.16121157193848,9.690496451457964,-64.35207619077444,,
20110426,143.15680602514794,-10.836044041986478,-69.06784817372746,,
20110427,147.28163766808945,-27.615361496219013,-72.9078578609376,,
20110428,149.32444208876638,-40.52695373521265,-75.25001482557472,,
20110429,145.18395266565983,-48.870211145336455,-75.97210655405446,,
20110503,141.09891208686042,-55.242140354724626,-76.14996961736652,,
20110504,137.90346421172544,-60.56877420413032,-76.2744089485362,,
20110505,135.21183388450055,-65.49590911230328,-76.71809327423229,,
20110506,131.65036778464713,-68.17001905074248,-75.82106911043387,,
20110509,128.48605043505347,-70.31613126957616,-75.20657791941834,,
20110510,126.11820606762517,-72.00436159783985,-74.73063363696224,,
20110511,125.64792363524207,-74.07268595385082,-75.04378193186417,,
20110512,125.23910261979717,-75.71743513832024,-75.2156830270859,,
20110513,124.0346236396497,-76.84088072756077,-75.01156512580505,,
20110516,80.00130968880659,-77.623211315823,-74.73676147601363,,
20110517,44.852921533777895,-78.31980361503169,-74.53674185435477,,
20110518,16.14754057200093,-78.8015908370239,-74.37953953918796,,
20110519,-7.617054563175871,-79.934191187744,-75.07139345781631,,
20110520,-25.957105585766165,-80.62370464000657,-75.16620331682942,,
20110523,-41.38841522344481,-81.5183415396876,-75.59643912687805,,
20110524,-53.928678665576385,-81.92070299642593,-75.57757974082354,,
20110525,-64.55881213223473,-83.06917887677862,-76.02183003941391,,
20110526,-32.82864796967289,-83.62268749985854,-76.20148116529982,,
20110527,-6.359633986978226,-84.60739555313774,-76.9572101986204,,
20110530,19.55771339264268,-88.30939271372826,-79.360102008858,,
20110531,41.1223903873242,-91.99723742667395,-81.73940186355145,,
20110601,59.264437730788345,-95.46390570920713,-84.15467914889584,,
20110602,73.11567744285341,-98.2272227324393,-86.11917106175001,,
20110603,87.89155575633552,-105.2591768324721,-91.0390217111814,,
20110607,98.09561463308881,-109.6518130431063,-93.68636232280795,,
20110608,106.68621075486575,-112.8560045806085,-95.80702472029765,,
20110609,114.22223589201093,-115.51089539777061,-97.51769079738561,,
20110610,120.55283713826222,-117.85098126403888,-98.9410680298658,,
20110613,127.82646053446706,-121.65106829312177,-101.3702536264397,,
20110614,134.23718646266175,-126.28661199537436,-104.17395303465223,,
20110615,143.30771420683453,-130.54595145129093,-106.51452519702892,,
20110616,149.40877225192685,-131.7087939231891,-107.35068007063985,,
20110617,153.27324432905385,-132.968825222087,-108.16584877560047,,
20110620,161.02372066195414,-134.81177154924686,-110.40969767119593,,
20110621,167.25600059732963,-135.8371218020007,-112.09598542077812,,
20110622,172.75363822016774,-137.68111050716735,-115.00447668594981,,
20110623,177.3735249586961,-139.23359090758086,-117.31471812576982,,
20110624,183.09598192111852,-142.67935161758783,-120.0724545861821,,
20110627,182.05868656211132,-139.69007316695752,-119.08462161947047,,
20110628,180.8926124837692,-137.34565515157178,-118.53623686821769,,
20110629,178.38874731835543,-134.79777531751552,-116.89510103447529,,
20110630,176.16353534526752,-131.98852238260278,-114.98589556114749,,
20110701,176.21403706290084,-129.5772955181897,-113.15769856851631,,
20110704,177.03431370501457,-128.98531449789624,-113.81938106491795,,
20110705,179.90327580456994,-128.93437640867936,-115.14833872016746,,
20110706,182.17419360649865,-129.06786607507414,-116.28798638902997,,
20110707,114.64258673931246,-128.38867676985885,-117.09180656114438,,
20110708,126.21584604476445,-127.09581151767212,-117.13770926224176,,
20110711,135.65580711946907,-126.03623531068475,-117.1808219609734,,
20110712,143.08683182260816,-125.12410950724804,-116.96485272257988,,
20110713,141.52241518758885,-122.80390743907594,-115.50631596797045,,
20110714,140.45483542635745,-121.81237541129123,-115.0341602330381,,
20110715,141.2696865881132,-121.20948057321732,-114.85480583631062,,
20110718,141.62632088408523,-120.22446784192454,-114.58270353614982,,
20110719,141.7944568005317,-119.5852518496791,-114.62594548348449,,
20110720,141.98024448404024,-119.12413390369117,-114.14800297102303,,
20110721,142.2969611864718,-118.91585699947197,-114.00336839041653,,
20110722,142.48871732093593,-119.00504636455268,-114.54997282501847,,
20110725,143.05451615231874,-121.46533101296987,-117.19422103861177,,
20110726,142.84612295262042,-123.15244050449209,-118.93642422834456,,
20110727,142.17497194537577,-124.68858678977837,-120.99382106455474,,
20110728,140.37387603506124,-125.69199254650499,-121.73976356045448,,
20110729,138.52518735756124,-127.59949343484696,-123.15848845376074,,
20110801,136.8896627665483,-128.63392180090798,-122.30391293231935,,
20110802,135.1242032335027,-129.6213970706041,-121.76927166456392,,
20110803,133.6596495496924,-130.42274516250126,-121.39067546680724,,
20110804,131.48084862475932,-130.5703709971635,-120.2129250047869,,
20110805,126.12337124885991,-126.54771136444664,-115.46139889645902,,
20110808,121.84398844321932,-123.26312678901544,-111.52766977492989,,
20110809,118.12066271004953,-119.11902424268429,-107.0354053685942,,
20110810,117.33024202613603,-116.71994425351706,-103.606296100419,,
20110811,116.82365228040901,-114.58113903189549,-100.71996412295903,,
20110812,116.39503718368181,-112.8163384462394,-98.3302946308474,,
20110815,115.51584062094118,-111.04142009070368,-95.95415311103756,,
20110816,114.89954959994627,-109.69626533739785,-94.0187142465004,,
20110817,114.10166938512799,-108.38628783315546,-92.61709908954452,,
20110818,113.65553604656446,-107.31090155946194,-91.6090778955851,,
20110819,113.28390991967142,-106.40224930488719,-90.78110513207992,,
20110822,113.6054006094584,-106.95821351276172,-90.7377482799951,,
20110823,113.32946163785878,-106.53606870402659,-90.21101188020177,,
20110824,113.98031846303603,-106.30558324648291,-89.92572604921997,,
20110825,114.88806169022433,-106.28378126902882,-89.97449796426028,,
20110826,115.99897405215954,-106.32579455083263,-89.92174562283921,,
20110829,113.43708044320425,-104.95505470359271,-89.80672315805242,,
20110830,111.52797980178654,-103.76191432246503,-89.71527570974256,,
20110831,109.89611380453272,-102.5746810396558,-89.25303229740342,,
20110901,108.90430420698348,-101.90080760587333,-89.12776522253178,,
20110902,113.05994644097044,-105.75375824753503,-92.98041216343982,,
20110905,116.63024617090046,-108.46393168715733,-96.08849071292576,,
20110906,119.88279919448594,-114.6509970285622,-102.91097089464267,,
20110907,123.08779456816616,-119.11026834881075,-108.16907636972834,,
20110908,124.60196228941149,-122.77742610328528,-112.48631990735556,,
20110909,125.7959911543389,-125.8755213065526,-115.79168580488924,,
20110913,123.50986024201708,-125.1850685103629,-116.20115650749268,,
20110914,120.87499945337942,-124.13067677908103,-115.83638555234268,,
20110915,118.91054136830999,-123.53670386827527,-115.7340505556657,,
20110916,117.24871382999551,-122.91237296541459,-115.62807110346473,,
20110919,114.59980309681752,-120.96221153995388,-113.52310187156064,,
20110920,112.59065939927697,-119.06748892262581,-111.4208890369552,,
20110921,112.1478349481448,-118.8438061008728,-110.90569333884788,,
20110922,110.01117052389671,-116.49944496256,-108.8296689374931,,
20110923,73.82681842747033,-110.50704794768846,-104.26355560061792,,
20110926,45.13007499883879,-103.36527616289527,-97.41944873594935,,
20110927,21.580307200624482,-97.03368380501934,-91.16898878594081,,
20110928,2.4665713740258535,-91.85206392726573,-86.02439572901427,,
20110929,-13.10908164254974,-87.62548591502085,-81.7884013405296,,
20110930,-24.80549496710449,-82.92447331284713,-77.13454472004857,,
20111010,-33.72857212238646,-78.69607248261708,-72.74665565354935,,
20111011,-41.082908636964625,-75.22964767120452,-69.11499863610317,,
20111012,-45.27461112342374,-71.66786302431979,-65.60896643885891,,
20111013,-48.767536360892514,-68.92398056869948,-62.87987672464848,,
20111014,-51.42859507352366,-66.56761205368205,-60.59161392625566,,
20111017,-53.68573500214728,-64.63580225139266,-58.72262063100781,,
20111018,-55.60231757695163,-62.99233018020136,-57.11069302708685,,
20111019,-57.093281515841504,-61.5993361585284,-55.7567157408809,,
20111020,-58.211608465821435,-60.314740495402965,-54.5023200079167,,
20111021,-58.651875187651356,-58.99524416965249,-53.23078080087083,,
20111024,-59.056568392722,-57.81711358036271,-52.06994410029312,,
20111025,-59.440956137082146,-56.90905360176936,-51.17739648149806,,
20111026,-59.75352895799258,-56.166497288377,-50.45104643747745,,
20111027,-60.25586101667185,-55.558090923847715,-49.81232929672894,,
20111028,-61.40073827466457,-55.86882342926812,-49.737381641901834,,
20111031,-62.67697152460104,-57.1941918310125,-50.91024265079824,,
20111101,-64.73858765687208,-59.28560411345626,-52.5987988039459,,
20111102,-66.59959054903973,-61.05350442742207,-54.012030157980995,,
20111103,-68.61274458625833,-62.83568339824426,-55.54570945964609,,
20111104,-70.50887946563337,-65.11490325408977,-57.351521914896274,,
20111107,-73.53209184124538,-68.58959736292978,-60.736014008322556,,
20111108,-76.16208304960568,-71.44335088663775,-63.497310111135306,,
20111109,-81.67379775871152,-75.43189175030535,-66.70137380427725,,
20111110,-84.78324510275687,-77.97449967956807,-69.02208386762376,,
20111111,-87.79312585208088,-79.93586194746636,-69.95355378641227,,
20111114,-89.68228076588758,-81.06413772051131,-70.46313099852047,,
20111115,-92.52103338667344,-83.23375495342405,-72.09050678461868,,
20111116,-95.03165618779623,-85.02037917734314,-73.10426323139161,,
20111117,-98.36306745110565,-88.1096224101888,-75.32296557971313,,
20111118,-103.18062681323613,-90.73458139791221,-77.19554033990589,,
20111121,-108.01246360531226,-93.54284552803561,-79.11122081617769,,
20111122,-110.13623004579556,-95.01150713447352,-79.85553910981073,,
20111123,-111.89079575629263,-95.90333984814716,-80.20518078611602,,
20111124,-113.86382993611099,-96.02381978646984,-80.3645010036159,,
20111125,-115.42931285171545,-96.1021447832219,-80.49314173162965,,
20111128,-116.54491243793002,-96.20891020349659,-80.758277027635,,
20111129,-116.99315381006205,-96.13312374922481,-80.85871571941145,,
20111130,-117.97339586028266,-96.52317434848833,-80.92301640831134,,
20111201,-115.14787870845849,-93.96600948984488,-79.79039136677822,,
20111202,-113.68989452779671,-92.61805086984796,-79.66195256993632,,
20111205,-112.65984415937356,-91.55790408009103,-79.64403448442054,,
20111206,-111.62174604089175,-90.66788916441492,-79.57947317479149,,
20111207,-110.35582480960686,-89.89052370252554,-79.59305583224403,,
20111208,-111.08841693800117,-89.7717635983465,-79.81397257043152,,
20111209,-111.64069786757156,-90.01354768428337,-49.1810514633949,,
20111212,-112.21104636680381,-90.52064903536119,-56.65946535132056,,
20111213,-112.51767252088426,-90.91971421557717,-62.81611999715347,,
20111214,-112.78845296681214,-91.16496398373079,-68.04587174900261,,
20111215,-112.96017748850203,-91.74736734118348,-73.58863421106855,,
20111216,-113.21726713321041,-92.09929011526644,-42.52410436176637,,
20111219,-112.17365923699356,-92.10816418686558,-16.96876379901769,,
20111220,-113.43487185752639,-92.76152699812151,4.8796945668320655,,
20111221,-114.43962107687767,-93.6388828701878,23.061499754772658,,
20111222,-116.75499407024533,-97.01499025159654,39.74118903979114,,
20111223,-118.55508081494015,-100.21895756303184,53.311216655871334,,
20111226,-120.30012011182214,-103.07701133333933,64.64083228144142,,
20111227,-121.92036580263441,-105.20894702384996,73.90615607770523,,
20111228,-79.03464131351767,-107.5132470473243,81.59706681297938,,
20111229,-40.86896559881659,-118.55676633112267,95.18613771190236,,
20111230,-9.085828922181406,-127.57949278269099,106.00912322166252,,
20120104,16.715894295643636,-133.50911081942562,113.74204455159673,,
20120105,39.07852216586725,-139.08076437432962,120.48825896012563,,
20120106,56.89550464374037,-143.36285137453115,126.56110872153137,,
20120109,72.10684506158005,-147.99989131561537,132.286932788636,,
20120110,82.9240039208547,-151.26908022693365,136.95438704460955,,
20120111,94.27300298451955,-160.40314477881415,146.07751277037022,,
20120112,101.52791436689994,-166.33739785902682,153.69298242002532,,
20120113,105.56189997452273,-168.0174394736096,95.32607556310144,,
20120116,107.0451581220874,-165.45311467597273,51.96540423868964,,
20120117,107.48369662397398,-163.50420737259526,16.758031641680898,,
20120118,108.64673087085079,-161.9096350352525,-11.150768857101935,,
20120119,109.40581976256355,-160.44174531216788,-33.73436606461276,,
20120120,109.25990202787186,-157.81762731509457,-51.87457552261396,,
20120130,109.30008914192338,-155.91909282644525,-67.05887924069172,,
20120131,109.24346678460836,-154.30019085048437,-79.47640334410579,,
20120201,108.95759727347124,-152.89098222474345,-89.45982243548796,,
20120202,108.73109804052248,-151.73339470666238,-97.03812413190256,,
20120203,111.89350561333903,-152.71183993566137,-105.08183220109652,,
20120206,111.53900829497964,-151.76700766331476,-110.59820594552538,,
20120207,110.95813338680875,-150.7387792721202,-114.98695109408096,,
20120208,110.37743789616758,-148.85043921456509,-118.26180705356276,,
20120209,109.58593837357546,-147.23183258395935,-120.92631917581494,,
20120210,108.35455793675875,-145.29731484201636,-122.61738593400437,,
20120213,106.80835241370707,-95.16062287767214,-123.17514809646897,,
20120214,106.35148833442616,-54.013665033288355,-123.64806587855625,,
20120215,106.00748290982025,-20.36139191529134,-124.05702739203167,,
20120216,106.39499229718056,6.9573712359742,-124.2765438712968,,
20120217,106.96590788757771,29.444770277168896,-125.54364569254949,,
20120220,109.45231577637963,50.87573367965556,-130.24779641332924,,
20120221,112.26455771578932,68.81090829647451,-134.65464924583702,,
20120222,114.70918349494849,84.4181477922038,-140.319653804778,,
20120223,116.8396671820846,97.44679321471952,-145.40348515188694,,
20120224,119.61460412211909,108.63570663621417,-149.86510606656526,,
20120227,121.39648874431332,117.64224407130719,-153.77348425387984,,
20120228,122.92091493745636,125.85446080746547,-158.74161340391404,,
20120229,124.4708649002081,132.106146110813,-161.98783541954757,,
20120301,124.85901305085774,134.57712320821904,-161.23924232181278,,
20120302,124.33068605842055,136.35270303043998,-160.30952778970408,,
20120305,126.88593735248342,139.41279513121222,-161.14044798851972,,
20120306,129.70043920203463,141.59194449999188,-161.78684542214526,,
20120307,131.16888261643646,146.07835907683867,-163.7176282811832,,
20120308,132.6261040927047,149.26569091376032,-163.51514788542727,,
20120309,133.76293457150297,145.79457218400182,-155.58471175649765,,
20120312,134.64855417486393,143.7130381505556,-149.26926514818524,,
20120313,135.36912714392764,141.84735140793092,-143.88484747377433,,
20120314,136.05950652121192,140.34704292102546,-139.39783523867928,,
20120315,136.71182326025198,139.84547963638934,-136.17456086692027,,
20120316,138.85129096837778,140.4716406871827,-133.85138468967423,,
20120319,140.60304685672207,140.93251792109916,-132.04710862755448,,
20120320,138.91704487879173,139.07006934335587,-128.82337248651393,,
20120321,137.894823285248,137.57782060508163,-126.15848257206014,,
20120322,137.0254628991117,136.2594779371868,-123.88778942507426,,
20120323,133.69047655037758,134.14457707667896,-120.76874801651758,,
20120326,131.2047473582575,132.14171259196323,-117.42733677550716,,
20120327,129.520365112903,130.6111794247253,-114.6368952123256,,
20120328,128.094356153975,129.34896068507416,-112.35919471272989,,
20120329,127.36027090993726,129.42277440012325,-111.39416848853864,,
20120330,127.26211304192748,128.71147180448335,-72.38775313538008,,
20120405,119.05003653592922,122.10652084866906,-44.44114097005043,,
20120406,112.3723282271378,116.670957079072,-21.543919550850408,,
20120409,107.1301401916557,112.43400878198688,-2.5528229363515056,,
20120410,103.09815904028545,108.93532981070909,13.025912569979198,,
20120411,99.38174627978236,106.42583196710757,26.778539206414923,,
20120412,96.54356435759463,104.57747491485846,38.17801711579749,,
20120413,94.1591714976601,103.12401177737588,47.57417172335524,,
20120416,91.78190229070333,101.15203952394702,54.50164436518091,,
20120417,89.655559965913,99.54774540873476,60.18139037735578,,
20120418,87.59176109320762,98.22597685410733,64.81225551031007,,
20120419,85.9024537950464,97.16745980395613,68.60257940076818,,
20120420,85.17624567700537,97.04524499671729,72.35475277100234,,
20120423,84.48231162196039,96.7839111352669,75.38025495703887,,
20120424,83.6135960354477,96.36704831939427,77.44189757494547,,
20120425,83.57625335736927,96.53862504658342,79.75969244416092,,
20120426,83.30538850494324,96.9118792194368,82.37333448232349,,
20120427,83.0385268109256,97.23381050706193,84.5454360073098,,
20120502,82.83107685998856,97.1742996693648,86.254542078537,,
20120503,82.41972901084443,96.77000940242625,87.32383155429972,,
20120504,82.09154548300623,96.81194534849402,88.62244262918428,,
20120507,88.4436054185142,104.20262136507795,97.79148218046701,,
20120508,93.73645535340384,112.00051815130894,106.77010060556752,,
20120509,96.55012107021439,118.40824497733115,114.127288931828,,
20120510,98.50744504461687,123.90464200751485,119.42343218820001,,
20120511,100.60288144059973,126.82041539399273,119.68261500128276,,
20120514,98.04464457946256,126.7223413961418,118.48105785402689,,
20120515,96.10801611639214,127.19927844712238,118.07899979701867,,
20120516,94.10726230422952,127.21189819857246,117.77833051058252,,
20120517,91.4407034796868,126.04619060930823,117.12796080715576,,
20120518,89.35864457640432,124.30794045925778,114.74873015128172,,
20120521,87.45795243033365,121.60174627409558,111.37453077343808,,
20120522,85.95894260827414,119.31860289199845,108.47223969215453,,
20120523,84.68461121864208,116.76050263801541,105.45084622486728,,
20120524,83.09786397374859,114.48020809901448,102.86789667297633,,
20120525,81.92257369337153,74.46538216618504,100.58936953843529,,
20120528,80.67201695727591,42.5470345042398,98.15288396235795,,
20120529,79.44148675701727,16.524916133280303,96.0147279911179,,
20120530,78.48205870592113,-4.825622538835665,94.2079449679845,,
20120531,77.77732091492616,-22.49812356475124,92.78298115425473,,
20120601,77.4491836658145,-36.92089995278839,91.51782399589388,,
20120604,77.38341871166939,-47.83784489139621,60.6493838325458,,
20120605,76.38053748468373,-56.40268308483849,63.49441602477102,,
20120606,75.60202419759122,-62.869305867715866,65.62111895794418,,
20120607,74.88948893690815,-68.18052619915528,67.62674643886805,,
20120608,74.4957776128058,-73.37825327244514,70.15939459295247,,
20120611,75.6696812329459,-77.21905524525044,43.5827779309704,,
20120612,76.58412202642755,-80.32093456799242,49.445927254082584,,
20120613,78.03545668240076,-83.56092385262389,54.502907252491056,,
20120614,79.59755411839139,-85.32593238998034,31.420402741513602,,
20120615,80.68333095651167,-87.26174978593531,11.892684336527736,,
20120618,50.37330448516759,-88.8388659504704,-4.194488152807346,,
20120619,55.241901857347884,-89.72292077327343,-17.113028693587772,,
20120620,60.146051204996446,-90.55078466284256,-27.202209218443702,,
20120621,64.23810758961004,-90.97111101083475,-35.321123071210764,,
20120625,67.05974441476725,-91.11571067800556,-41.87123513944197,,
20120626,69.38129660739294,-91.41635599767794,-47.41344131159099,,
20120627,71.18395365966568,-91.67744732765092,-51.97858964709566,,
20120628,72.46028334834591,-92.05203383944442,-55.7763823652664,,
20120629,44.928044799947905,-92.44722259900732,-58.68946912497257,,
20120702,51.612571650775386,-93.15187844650664,-61.454686717703595,,
20120703,57.67239705818728,-96.32351242275223,-66.12222556162332,,
20120704,62.76894983704421,-99.01767317848665,-70.11238246090849,,
20120705,66.25319302900957,-101.3046652071097,-73.38591616911,,
20120706,68.86815123909673,-103.01062696795657,-76.02518351891563,,
20120709,69.2520390461814,-103.90921239060181,-78.07250561948705,,
20120710,69.99258838031604,-105.08462564143728,-80.19639265885017,,
20120711,70.39281895037902,-105.98932495781104,-81.9365057394184,,
20120712,70.37417642925652,-104.99983280242225,-82.437662008285,,
20120713,70.2872074170887,-106.68137335421704,-85.47837268401318,,
20120716,45.42889604089383,-105.31491371314904,-85.89441993422923,0.0,
20120717,25.523067447387287,-104.03274140080089,-85.7164582666811,0.0,
20120718,8.694174024664356,-102.61418326584862,-84.9811375207478,0.0,
20120719,-5.130701652822515,-102.87767541926151,-86.32881765388538,0.0,
20120720,-16.48329183005042,-103.51636594264454,-87.73021336665572,0.0,
20120723,-25.704763147787872,-67.27713244504714,-87.00292877941006,0.0,
20120724,-30.842381010597116,-70.42390743605752,-85.29472217440365,0.0,
20120725,-34.895930912423616,-72.90512111474413,-83.85407313824487,0.0,
20120726,-38.30604347097379,-74.93842657214086,-82.59894188101927,0.0,
20120727,-41.10116279053274,-76.69945966416743,-81.86185313691149,0.0,
20120730,-43.01728939614768,-47.638887131385566,-80.9749442688564,0.0,
20120731,-44.48994540722767,-23.645231282555244,-80.53321587239068,0.0,
20120801,-45.64976581235541,-4.103699644819386,-80.19975861211437,0.0,
20120802,-46.73422258247211,11.952821357957676,-79.84896260202505,0.0,
20120803,-47.584658378009976,25.09069565445704,-79.56709920307632,0.0,
20120806,-48.84656877329451,36.31247393847474,-79.70173797338646,0.0,
20120807,-49.822416510796465,45.38186150851618,-79.92043755207598,0.0,
20120808,-50.33960778517298,52.71227246588816,-80.08685640620769,0.0,
20120809,-50.942237181071526,58.69233942017778,-80.31345991826619,0.0,
20120810,-51.815896181684025,63.66928800922826,-80.21948029693264,0.0,
20120813,-53.048183396946875,69.99897658500791,-82.70927108361741,0.0,
20120814,-54.18234848824788,75.25827549800803,-85.02390451954655,0.0,
20120815,-55.08528166570276,79.86964307697268,-87.41879793826683,0.0,
20120816,-55.918218119644315,83.97294977507951,-89.2985416172796,0.0,
20120817,-56.78879858742977,87.23792168419557,-90.36206592065096,0.0,
20120820,-57.34490183825832,92.22546825678604,-94.15143302265807,0.0,
20120821,-34.796486751764476,103.02176420268722,-101.59618858642503,0.0,
20120822,-15.994289701025417,110.25549997319939,-63.03863014613905,0.0,
20120823,-25.581206269529396,116.06477893523659,-31.481794595035982,0.0,
20120824,-33.303713419945595,120.21722240178315,-6.983293240592889,0.0,
20120827,-40.68411958663614,124.67398943731382,13.36915383797631,0.0,
20120828,-46.94755573120828,124.82279017097066,28.804277217960642,0.0,
20120829,-52.051686782765195,124.85352852844495,41.29929167348354,0.0,
20120830,-56.38197873773873,124.77563725059032,52.248563789565026,0.0,
20120831,-59.935483624715886,123.3068673816811,59.788107370773794,0.0,
20120903,-62.778839668905086,118.69368900523075,64.81033598553263,0.0,
20120904,-65.1656843071835,115.03402404059658,68.9304901387143,0.0,
20120905,-67.8384526499727,112.0109354118308,72.5153522909584,0.0,
20120906,-68.91209730297417,109.67320078913173,74.81526877776822,0.0,
20120907,-69.84115135472621,107.72178532591808,76.81581322928477,0.0,
20120910,-71.24332539339385,106.21966609893296,78.4497211031829,0.0,
20120911,-71.57883264725318,104.76335400289706,79.42412974121079,0.0,
20120912,-72.06073910425425,103.59377883789925,80.21878782725464,0.0,
20120913,-72.84051581979435,102.69857745319457,80.8820656685947,0.0,
20120914,-73.46442331755198,101.23272678980459,81.28730361042903,0.0,
20120917,-71.4163567794903,97.93443699958007,80.78572911714232,0.0,
20120918,-70.61557236739141,94.61877768120183,79.49123391074393,0.0,
20120919,-70.01834847116295,92.51273450243686,79.90035710364623,0.0,
20120920,-69.52959042691556,90.77588431823503,80.3261335004407,0.0,
20120921,-69.45696080167056,89.41857804686256,81.36165110143739,0.0,
20120924,-69.56898674609458,87.30132944584828,80.25947237604484,0.0,
20120925,-69.45102053730336,85.85431572770084,79.40724534938293,0.0,
20120926,-69.77477745372127,84.15081162036023,78.71407332152395,0.0,
20120927,-70.0425318586335,83.125329101594,78.48683895431125,0.0,
20120928,-70.2006987812549,82.22485941618454,78.29460323946172,0.0,
20121008,-70.9861765318482,83.6729364396622,51.064352770403346,0.0,
20121009,-71.6660562268812,83.81032258104787,29.916012139810782,0.0,
20121010,-72.10410268898467,83.8424993444042,12.70933564827514,0.0,
20121011,-72.67384951884208,83.88939075986755,-1.4310942326102565,0.0,
20121012,-72.9502048192921,83.84643443372804,-12.9580209406509,0.0,
20121015,-72.72532216018256,84.0174332836865,-22.579447050286632,0.0,
20121016,-72.35934414920985,82.69406385954763,-29.995838349516013,0.0,
20121017,-72.31396392570934,81.69516429341463,-36.17532806002231,0.0,
20121018,-71.69721526045635,80.78042236998967,-40.98501641260493,0.0,
20121019,-71.29503972311205,80.88303892891253,-45.29471748427388,0.0,
20121022,-72.84483792607614,81.70947212375879,-48.79460610184956,0.0,
20121023,-74.068696158827,82.75619257388195,-51.95458970622459,0.0,
20121024,-74.62163808951452,83.5670398971944,-54.3149892188481,0.0,
20121025,-75.07590697716066,84.20680989567427,-56.18203978264541,0.0,
20121026,-75.42443313691642,53.256430177293005,-57.83044957259861,0.0,
20121029,-75.6232809810798,26.42234146860563,-60.57730975880041,0.0,
20121030,-76.11030163105151,4.413168185895312,-62.913277726714895,0.0,
20121031,-76.37918008253224,-14.41468029549414,-64.70757271361616,0.0,
20121101,-75.6013992936803,-30.29641827660336,-66.19323038855359,0.0,
20121102,-74.89402600003834,-40.891778323668454,-67.18322130115347,0.0,
20121105,-75.39746779477758,-49.50256878958516,-70.66424951319857,0.0,
20121106,-75.77251235500728,-57.139171720283656,-75.0402510993488,0.0,
20121107,-76.05327554671685,-63.40577203274125,-78.5618462100824,0.0,
20121108,-76.2845678300649,-68.56395681964942,-81.2596920066021,0.0,
20121109,-76.67953493890602,-72.36941518736312,-83.71458230678171,0.0,
20121112,-75.81077335918384,-73.39964198533089,-84.42257402976814,0.0,
20121113,-75.0341195507059,-75.45942672593281,-84.74450976704627,0.0,
20121114,-74.1001518478746,-76.86338394521903,-84.1224176278327,0.0,
20121115,-73.2672948799872,-78.36425324040736,-84.00638582505276,0.0,
20121116,-72.69856747998215,-79.69439968008982,-83.79697492346314,0.0,
20121119,-72.13972148878133,-80.53487551821733,-82.90886181044536,0.0,
20121120,-72.07066896179353,-81.0388627740653,-82.1817044266437,0.0,
20121121,-72.0236996600167,-81.53654924334676,-82.1320607395283,0.0,
20121122,-71.97446880902753,-81.91644324195553,-82.27436931342834,0.0,
20121123,-71.44938074479664,-82.50469203314366,-82.78762822962433,0.0,
20121126,-71.22542889608961,-82.89521175725815,-83.07801255873416,0.0,
20121127,-71.00221773413473,-83.22652591442309,-83.41271559121279,0.0,
20121128,-70.68024044355847,-83.70261367066716,-83.61834395306695,0.0,
20121129,-71.3673918251179,-84.23327394111527,-83.87568980903752,0.0,
20121130,-71.99960606355098,-86.77865624783004,-84.64890944871645,0.0,
20121203,-71.9368706254241,-90.2123905478284,-87.04895828605794,0.0,
20121204,-72.00303887555113,-93.3959916422261,-89.09874635713352,0.0,
20121205,-72.27426682593526,-95.89422687919638,-90.64598297449066,0.0,
20121206,-72.06516930666862,-97.88435842065087,-92.30075975958529,0.0,
20121207,-71.8009085621953,-101.10675064216466,-94.36528760473692,0.0,
20121210,-74.67953989969271,-123.39057006066807,-100.42933460453467,0.0,
20121211,-77.78877353304226,-141.82255942938218,-105.58949123392611,0.0,
20121212,-80.21820688187007,-148.8334696159629,-109.193438334344,0.0,
20121213,-85.34558478592942,-155.0770162331963,-112.03745178572402,0.0,
20121214,-88.67973873388479,-157.4405481153118,-114.12510548224353,0.0,
20121217,-53.60543081120898,-160.153376880376,-117.69274651052757,0.0,
20121218,-24.671505499596808,-162.60389554206316,-120.5933533196888,0.0,
20121219,-2.0239199728240553,-162.9637732113683,-122.70266248977705,0.0,
20121220,14.777561405586377,-158.64080434061842,-124.19701795483108,0.0,
20121221,28.961443213430325,-154.81246552890292,-122.69047706980825,0.0,
20121224,40.86028455729995,-152.10441913135682,-121.82781195883437,0.0,
20121225,50.13584117330913,-150.05934493904184,-121.06157349938296,0.0,
20121226,57.98657556420599,-148.22349849527222,-121.38770767535122,0.0,
20121227,64.13103336509052,-146.1133434088018,-118.83976713603022,0.0,
20121228,68.96211291666467,-144.3832556915657,-116.27208647271698,0.0,0.0
20121231,72.57227927669449,-144.40916667110082,-114.61270798987799,0.0,0.0
20130104,75.31901702611391,-140.71601766873098,-112.47074480177132,0.0,0.0
20130107,77.68291292215191,-137.04709773079662,-110.2728833003547,0.0,0.0
20130108,80.23140075809201,-134.07234576067134,-107.17722902445134,0.0,0.0
20130109,83.13956101040016,-131.5072537238853,-104.57371434153015,0.0,0.0
20130110,85.62866104877986,-129.3316810426682,-102.05661407614602,0.0,0.0
20130111,88.46504679960253,-127.11786685820793,-99.82544867158553,0.0,0.0
20130114,87.06495172220325,-126.31354851978426,-98.60472889445376,0.0,0.0
20130115,85.90686099984738,-125.14852044064163,-97.57532878553579,0.0,0.0
20130116,85.57832709743964,-125.7928898983017,-97.23026914410916,0.0,0.0
20130117,85.70738712033497,-126.91852191424796,-96.79265517307248,0.0,0.0
20130118,54.276625498673795,-127.38525469636062,-96.3200925660985,0.0,0.0
20130121,28.062454618163944,-128.1375906326732,-96.05515802429163,0.0,0.0
20130122,5.824866964783712,-132.37164984108912,-95.58975925414393,0.0,0.0
20130123,-12.448340428024904,-136.20452454312945,-96.55960356415159,0.0,0.0
20130124,-25.67552358333984,-134.96193717352628,-96.3496803353048,0.0,0.0
20130125,-36.6504939301632,-133.64988191222653,-96.25029037942586,0.0,0.0
20130128,-14.757825019390097,-132.7009765320697,-96.17534030363832,0.0,0.0
20130129,3.3574998826565645,-131.9677165694588,-98.83549094801161,0.0,0.0
20130130,17.66770577317171,-131.01588068566522,-100.58602332424216,0.0,0.0
20130131,30.623473859474643,-129.4850955567001,-101.21225385499542,0.0,0.0
20130201,41.76166679250592,-131.6228906223756,-103.14739889808202,0.0,0.0
20130204,50.60037093462315,-134.24206426697657,-105.1894684844467,0.0,0.0
20130205,57.88376649937576,-135.5050449890509,-109.04865558553922,0.0,0.0
20130206,64.1487374847864,-137.23821952560857,-112.46162733353509,0.0,0.0
20130207,69.15957625320875,-138.53345399360114,-116.64495004395211,0.0,0.0
20130208,73.33308570583931,-140.26830815259132,-122.22307817315857,0.0,0.0
20130218,76.66626335938965,-141.04107527475242,-127.4373215285241,0.0,0.0
20130219,79.31099644219644,-141.69519829431098,-130.81865730133646,0.0,0.0
20130220,81.4611237563831,-142.3140779163723,-134.3735184006669,0.0,0.0
20130221,83.52281333848603,-140.43860158910365,-135.6782723064225,0.0,0.0
20130222,82.99423488121708,-138.48270077796641,-136.60807943634902,0.0,0.0
20130225,80.75437646916384,-130.85331206699635,-127.60130624122307,0.0,0.0
20130226,78.72689503845632,-124.20445974965796,-120.4779631867395,0.0,0.0
20130227,77.03070915652155,-118.72121503793397,-114.52182391589882,0.0,0.0
20130228,76.62272425739577,-115.25655113331516,-109.60645013765945,0.0,0.0
20130301,76.17434882594678,-112.72300590269366,-105.62758128919351,0.0,0.0
20130304,75.90117492998064,-110.08115665582439,-102.17244684546017,-41.036652526822095,0.0
20130305,75.443251652988,-108.01269164063264,-99.31152508175754,-74.0966398323087,0.0
20130306,75.56447451621034,-106.49390276595621,-97.30563966684358,-102.80029526519488,0.0
20130307,75.73058880623493,-105.7296487919323,-96.51886771214907,-126.50541153477286,0.0
20130308,75.83308305583448,-104.71711158881669,-95.58266484988444,-70.18320729739935,0.0
20130311,75.72984298894592,-103.61894951708358,-94.8242562795072,-23.566314830874457,0.0
20130312,75.29095905166608,-102.79603889757348,-94.08159336033856,14.966695658638704,0.0
20130313,74.99203205516459,-101.74782278624005,-92.12416936087925,46.50139483761552,0.0
20130314,74.03084879354108,-100.89236541757403,-90.45504641141653,71.07680027074078,0.0
20130315,73.38142552659222,-98.69211907803366,-87.97944001211468,90.12353444548256,0.0
20130318,72.84391736550964,-96.78634248151626,-85.81971871221613,105.38167955822685,0.0
20130319,72.47947266926316,-95.2411000509094,-84.04430044469758,118.1882610062454,0.0
20130320,72.08015611625414,-94.20824895143325,-82.56037293111724,129.21020215613837,17.343823569402115
20130321,71.68973450276665,-93.49070866923185,-81.00534178749061,138.3214017081771,32.23929441768053
20130322,73.47617008531168,-93.31424536973783,-79.9594434452749,145.71730952725747,43.99384873990644
20130325,76.80195784339566,-97.68170616497024,-82.777208893991,156.32815122231906,56.94151664694619
20130326,79.90293805672725,-102.32154887915677,-85.25819479464734,166.31811048168407,67.21625822830369
20130327,82.49530353322282,-105.53163927412355,-86.95975134770028,175.27162193409464,76.03001897920417
20130328,84.68873261987615,-107.29104976257501,-87.99914384819142,181.1912225813872,82.65492900545053
20130329,86.23958837319935,-107.91059032276107,-88.75531781099563,185.83741794617322,88.35599559760695
20130401,87.3309282226024,-108.17265590224764,-88.66128969229995,187.74105572069067,91.99130433953388
20130402,89.2778647925837,-107.62270558406212,-87.31769410310177,189.53641587224254,95.58757496361378
20130403,89.32647803362306,-107.35566910747605,-86.2667000216068,191.00605686681192,98.7391717286721
20130408,89.46141841393585,-106.92089716591379,-85.00797579620503,192.27925153969866,100.53034771850663
20130409,89.8757606753026,-107.08546231000294,-84.02027779710606,203.39848623304056,102.0066415567855
20130410,89.83842914154566,-107.96938435336895,-82.88410429321071,211.66386379936276,105.0188727941244
20130411,90.06070183229077,-107.63094951880628,-81.64935198059857,218.10786032881754,108.55927631788522
20130412,89.32317218569573,-108.26347575381803,-82.1098262303534,223.23553630150147,109.83667613170955
20130415,89.77695970278074,-106.74244804638215,-81.29780584087516,226.91003016313275,110.96003696933738
20130416,90.26655495379548,-107.3887345181354,-81.3011696408137,232.0421196509642,111.71081443489155
20130417,92.95388713132651,-108.31811137438461,-81.63994230846654,233.00494075178014,112.5179319649319
20130418,94.71276652376332,-109.63377060827867,-82.20955069611526,234.70074040559746,113.17936999407627
20130419,97.21371474020692,-110.29644670666879,-82.55728512473664,235.24896221140273,113.59640979921781
20130422,98.72845836565557,-108.34368899103019,-81.84340052286072,235.6951709664121,114.65203786341642
20130423,99.79116112868537,-106.72844664327016,-80.84714965528659,224.54783583147838,116.45668220515535
20130424,99.77565925145554,-105.30573480439746,-79.93009556506242,216.21443072251768,115.10042288147163
20130425,98.9214546648147,-104.05903652689497,-78.99932278866464,206.1746293882029,114.25545958248836
20130426,98.06673735620824,-103.71995271683949,-78.5369999023352,198.07386086011243,113.57761183884924
20130502,96.63013661494291,-103.04743433944435,-78.12684285347235,190.8148691373893,114.24621741943676
20130503,96.35964420918458,-101.52402034593614,-77.53878899876683,184.62051184226073,114.9871244086236
20130506,96.52212827541904,-99.6170528586642,-77.38467930769,179.8870040249069,117.37220698166728
20130507,96.58757863533175,-98.57221279506183,-78.09514271381826,175.01747498838557,119.57298526318652
20130508,98.31977808649881,-97.36530698181751,-78.05305523513901,170.60257423432367,121.17449526325778
20130509,100.05194847392173,-96.80356408036806,-78.39860678128352,166.9353494472966,75.22479836281553
20130510,62.28289158511621,-94.29646825882118,-51.05478315945697,163.97137978376915,37.65752960576442
20130513,32.572998999959424,-92.39224302758376,-28.378772246808527,161.30625712930907,6.4529778749206255
20130514,8.650314050506774,-91.24822527281162,-9.404780894356461,159.6342200521571,-18.719690282408788
20130515,25.529096923874214,-89.36061027240851,5.19467433656247,158.03859288382992,-41.7419242777826
20130516,39.7698974826045,-88.27817517775172,17.590806481280765,158.17223161375992,-60.83184091784804
20130517,13.995791537319802,-87.01575546743389,27.661652084116902,159.51646401948855,-76.26018300140854
20130520,-7.255864354964594,-85.9857111705016,35.91263684179404,160.94751573896974,-89.59645714715357
20130521,-24.87055993475632,-85.22236165041075,42.69127457851315,162.61200553077816,-100.53211411079626
20130522,-39.41667379260933,-84.22569441461638,48.134512582468325,163.9731124541092,-109.75605027256867
20130523,-52.89878183632486,-85.21090933734637,53.92070760317895,164.74732429166448,-117.1699398681568
20130524,-63.83479346916065,-85.79305125420902,58.597297785916076,172.28851309711206,-123.5937714910621
20130527,-75.09651110733415,-86.93451482413016,63.01733696683418,178.65604512211792,-62.68622775244309
20130528,-85.42092223111324,-87.82603197320279,66.6899839780035,190.6392906605959,-12.479036336269905
20130529,-47.82112235316608,-88.51653110032744,69.78212449537517,200.41330085493635,17.218017076653272
20130530,-16.245294965138942,-90.12198590556932,73.39532494102195,211.20208647072957,41.439648956032684
20130531,10.354515804468948,-91.88640307616656,76.45034621674586,222.16712697972062,63.16494902434081
20130603,28.278700184856454,-94.09607805222888,79.07896196413758,151.84964863258654,78.0912287486207
20130604,40.94726713745569,-94.81128364787891,80.60693989951947,102.35673569701414,89.72865317493537
20130605,51.952911538011946,-95.57329187284518,82.35103380196668,66.49699551336103,95.50859234291397
20130606,59.92547637628107,-96.37365329687378,83.42806467287171,37.145841237361395,98.08958657367548
20130607,66.46881697923504,-99.03606418771278,83.44997346892899,12.933904467760868,99.4935703181562
20130613,72.85077035338054,-100.86432948005111,82.91866941677814,-6.870781589997769,99.52988392126974
20130614,78.74693287278464,-102.37357309995849,82.23569349670134,-23.145114722889726,99.00443321583926
20130617,83.32675514395348,-107.04759551707977,83.78376754287153,-36.40351578407284,98.59996308920746
20130618,87.10959251674255,-111.63030037089658,85.6438802709871,-47.44454697696532,98.15558592824557
20130619,90.36454864053059,-116.60206358939746,87.04316015779347,-56.5625311271761,97.59109832234829
20130620,93.13624595208121,-120.63986582811283,88.12441579201725,-64.05509570543455,97.04096212058013
20130621,92.6030395096556,-120.08855292297372,85.9614535906042,-70.32438616765336,94.649877247493
20130624,91.93740778784424,-119.99313747179896,84.08372957555517,-75.28024607232103,92.26200921000256
20130625,90.75334269193945,-119.63095182746879,82.67017923691483,-78.96353279526832,89.65773395038569
20130626,89.74388983848837,-118.97520916047456,81.79687343200456,-82.23316570540564,87.6194492729988
20130627,88.7852484574477,-118.41693131414318,81.03776365739009,-83.27210426461401,85.96720337641788
20130628,87.81142396659376,-117.94854599931446,80.48921913553824,-84.19837241035728,84.29758277405833
20130701,87.52312357563206,-116.58255770658873,79.77505938250358,-84.92688408645108,83.71452708484976
20130702,87.13208323206845,-115.65825028468954,79.2939725976766,-83.47864805922478,82.49799184198847
20130703,86.56494666489107,-114.8429818918206,78.90409070027805,-82.32682523781453,81.55152495091174
20130704,88.73119550564479,-114.37883309808177,78.65696633321399,-81.94407601070789,81.37886118936372
20130705,91.58609320988974,-115.10810574763083,78.77645569817021,-82.94761323382924,81.22784803650322
20130708,93.8160216316787,-115.12129947108257,78.81544205749907,-87.593036416423,82.26364954470239
20130709,92.33575842496472,-114.84870420212086,79.28926045677565,-91.35729719458725,81.71357683212773
20130710,91.12127153779137,-115.94971090751433,84.00171457882709,-94.41524752726706,81.38259804650309
20130711,90.19761684611844,-116.34620353339047,87.59881937411534,-96.69343552036948,81.61132504957385
20130712,89.56720834799835,-116.16025182731252,89.44845196747997,-98.40848746310958,82.332730331698
20130715,89.05317276976405,-115.29628749608275,88.79116977298877,-99.76859753741186,83.12626528380304
20130716,88.27898968784314,-114.6832802506792,88.37559787847768,-100.96527335650188,83.40897571280917
20130717,87.692250365332,-113.83172829095994,88.02705639254468,-102.05372571292322,83.7083826963745
20130718,87.10336319331194,-112.95570520069857,87.47522843018528,-102.66699458810484,83.91893959831866
20130719,88.3472318216153,-114.55149996186975,89.99998424851465,-102.44425814002548,85.75730135554305
20130722,89.6073053343709,-116.91589325091289,92.39249784015679,-102.91976146446916,87.8544108156617
20130723,89.44384642345351,-118.92444000283355,94.2444384855026,-103.15589039923707,89.48287065040083
20130724,88.88463861062901,-121.69775960701543,95.47347579436637,-103.34978700890413,90.74557891342707
20130725,88.27570711608924,-122.25767478384438,96.42799513713317,-106.74754590090092,91.40223125154102
20130726,85.37410481060881,-119.65870177823092,95.13495911940105,-104.2122192180583,89.01303716093692
20130729,83.3053542191446,-118.86310071236136,94.98185322398658,-102.07346896766597,87.3784989018023
20130730,81.71260307807223,-118.20968206252793,94.83284929061642,-102.98958544137265,86.91032160074224
20130731,80.61056220604718,-117.0246741032627,93.54141843106729,-103.2944878724797,86.5828182294791
20130801,79.62201392616029,-116.25250723982077,92.88011170072913,-103.63145069017858,86.38239762144045
20130802,78.7423431501605,-115.46079148749492,90.98027908096611,-103.46805281388009,86.08978078149403
20130805,78.34309166190083,-115.25192870797657,89.30741644429433,-103.36754422432288,86.49729622583578
20130806,80.5247192696813,-115.28013551952169,88.08538563644252,-103.31400934339247,89.12348515840202
20130807,82.24023961650906,-113.85679507209078,86.74519876461375,-100.88839424672028,89.92619892427862
20130808,83.32721706963132,-113.46802986260467,86.0532891503666,-98.61165463456669,90.1610351577744
20130809,83.93801098166769,-113.255827899574,85.80809736965519,-95.87106876007543,90.33098588246405
20130812,84.33242054843285,-113.58201955722022,87.63010127258822,-93.02425089610142,90.19123143159412
20130813,83.4848226716211,-110.45727211113359,86.23311571202089,-89.3300544400861,88.80762241929676
20130814,82.73333066639157,-107.7011358351158,84.86702022601536,-86.082716714404,87.68409233905363
20130815,81.65078562956249,-105.31766854700524,83.716071507301,-83.23644893357789,85.60148226533839
20130816,80.8503910160329,-103.1962627997085,82.5556470791583,-81.13425171176976,84.03249760118518
20130819,80.08819561759049,-101.39597712105012,81.59468043501427,-79.37915465316274,82.7637600738497
20130820,80.68654233475658,-99.5774290974917,80.27166242547766,-77.84819902946828,82.37911350317546
20130821,81.58985819863543,-98.36595063758628,79.44398693353823,-76.65093585194087,82.07361958304182
20130822,82.52325889598362,-98.06887974930382,78.9406701767438,-75.97133759133493,82.0585223141316
20130823,89.47997433036831,-100.35699615164121,80.5194995796529,-78.40017391485185,87.34818091286965
20130826,89.40570496824945,-96.51188773245953,52.68860252999573,-76.80286581483513,87.16316560192017
20130827,87.38967884845222,-93.39129637559867,56.217138970560804,-75.36328076843682,87.0199913983638
20130828,85.49961107070335,-90.49828078913535,58.53482701735892,-74.01453807762893,85.0667675127133
20130829,83.51369291966355,-87.59363360440123,59.57813807840353,-72.75728415822009,82.76105769947705
20130830,81.15061741558239,-85.08214154958404,60.68606863227931,-71.73297811450573,80.50022583296148
20130902,78.62953606865787,-82.73161720874688,61.44665416653404,-70.77433077775163,78.26959220408379
20130903,76.44068439560694,-80.80055052640363,62.06566854554497,-69.99886995481886,51.66667492057776
20130904,74.48228351386405,-52.736252798091094,62.9769547138633,-70.78327450731885,54.967528817649196
20130905,72.61571195350237,-56.51202897334807,63.693948891934795,-71.40388958227412,57.30294235398003
20130906,70.89001930776483,-33.254415732541766,64.08342750274396,-72.06020635998627,34.68595370521149
20130909,69.33424232368148,-14.18885387810345,64.46073169897969,-72.79860223147894,16.629142503665236
20130910,67.95718743882213,1.7904618518471822,40.607857050742126,-74.21386474765568,1.6180386872838342
20130911,66.83724476134937,15.017517997805868,20.9756993394816,-75.69321739880978,-10.531112385469932
20130912,66.01773937289389,25.839418489758472,4.895078342590986,-77.14219117669478,-21.145083264046754
20130913,64.89776901271851,34.83114893942941,-8.488195936572286,-78.49662735429433,-29.784888195011675
20130916,63.26656292578761,41.64586365995727,-19.248894316705297,-79.3748619867628,-36.14462147835574
20130917,61.92279044873576,47.4589988255535,-28.361122303049484,-80.25203537268379,-41.284197488404395
20130918,60.817931460819146,52.18184616644184,-35.80648319665331,-80.97110541395017,-45.51745854408509
20130923,59.76584723403852,56.041139751676255,-41.875204436129344,-81.63276534127566,-49.10253531661095
20130924,58.870018459461164,59.12734037005136,-46.744598775847265,-82.09024240376189,-51.71583353588427
20130925,59.36641668151234,66.64488254069173,-22.45105108681679,-91.47263300967049,-56.20398073171072
20130926,61.26718964136233,73.1822774617281,-1.7774387880063203,-99.28128677303683,-60.27138806819461
20130927,62.792487524097105,78.67949431886848,15.906091973936777,-104.59913016753997,-63.42382372519787
20130930,64.1275127335158,84.07489933209497,32.309869792589964,-109.37945276235433,-66.44543725274242
20131008,65.75616395485831,88.3690727343153,43.46372175367251,-113.27782331387735,-68.30599853799126
20131009,68.61566731041025,93.34717046109853,53.8626643746739,-117.26152568189042,-70.62045108920806
20131010,70.60838340793887,97.06960749003511,61.3811565359289,-119.73846973250856,-71.89787650415069
20131011,71.99014324689408,101.24804333378248,67.74327179565144,-122.03940696642621,-72.95304813565824
20131014,73.15327738587123,104.67285850930375,72.57875685242605,-123.70637533123282,-74.2280499771246
20131015,75.01710694047947,110.53061638953531,77.37884356900898,-125.1744025322565,-74.49768451887348
20131016,76.57951916211627,114.93499479275229,81.30636768550747,-126.09449267572121,-75.17873879619621
20131017,78.35808962783587,119.89997609411296,87.8065810937215,-127.43350372610327,-76.2196371480651
20131018,80.27813011581179,124.50580989244706,93.11955148543697,-128.978659635744,-77.41065683958725
20131021,81.82554336700056,126.60841587454397,95.42672041112732,-129.69483537034844,-78.20420390685814
20131022,86.12082126516803,126.84037055878,97.05672630036524,-128.87826286052407,-78.82348432132082
20131023,93.11216554002986,131.6038661029018,100.29983325077582,-129.4046132904699,-81.00379956490816
20131024,98.3211594761391,135.69287162828272,102.40467868057999,-130.08923899359678,-82.6525035783224
20131025,102.03669277559574,137.86637169689098,103.83721839220283,-82.32417244612944,-82.82217461100909
20131028,105.79621335020109,140.049539919492,105.36432604032441,-42.83252635020232,-82.95691556816206
20131029,110.49580609585263,140.6177184515067,106.73478422659159,-58.88457998536358,-83.45591729370508
20131030,114.53187128908182,136.37738346540493,103.25334125906582,-26.57568837800241,-83.81051682547637
20131031,118.01923865511856,133.00730332702523,100.02140086318904,0.14600512090502166,-84.16685695840695
20131101,122.28329873544118,130.24950551571337,97.6100742355215,22.207033512893013,-86.18882293405439
20131104,126.52706391190495,128.25972115472493,95.03709984705469,40.05305655351413,-55.204095444928605
20131105,133.99807861376453,125.8803131996633,93.38622820687137,54.09866249220596,-28.133983390473652
20131106,139.93311449196108,123.46771761164541,91.85099533927678,64.70646043626894,-6.151724355101851
20131107,146.45218679740424,121.61367022345563,90.84602731039337,73.38278601215497,11.28545418722914
20131108,157.050417699286,119.98471818272097,89.80940782695951,80.53995050021382,25.770106203024653
20131111,159.76151141022433,118.49945440701413,88.85028480206084,86.14980466372613,37.488397652534516
20131112,161.54555419080106,117.00167090606408,88.0547237105475,89.51411510143588,48.75394912510885
20131113,162.57340941721907,115.76622355407413,87.14982270337336,92.2811747689938,57.970016920722635
20131114,163.9380754405992,115.10357579059938,86.78505289034754,94.35516077573385,64.94889681947069
20131115,166.72302499516306,114.43842051903817,86.16975338684078,95.99796062911427,70.66486584663788
20131118,165.64025084458146,114.1577286956928,86.78140830556829,96.26498391797791,75.31011024051021
20131119,165.35843123313543,114.75421737236881,87.43813492275584,97.1708888211522,79.19288516782595
20131120,165.88846864054858,115.3693012590187,88.06329639710054,97.45550686718515,82.60342511395214
20131121,168.02794321598452,114.83596432084447,87.95846987127311,97.62193392362829,85.54308566069204
20131122,169.49143386123288,115.03796702311635,87.87784575268681,97.86896086911287,89.64267521155301
20131125,171.9857798891117,115.23467701026026,87.87653663899657,98.25242947819443,92.99770281900064
20131126,174.0740319970037,115.44100878052697,86.00437098006853,98.84155445195178,96.36204996787507
20131127,172.23134357668877,120.09921265619188,88.9262170624508,101.48013581402495,98.94407418207714
20131128,170.64150240525316,123.7859006543124,91.52681102139954,103.60735785708984,100.99557884418495
20131129,169.59554508546327,127.41820407130244,94.26685291561763,107.65506219677856,102.4568454471685
20131202,167.2497351871362,130.47979137327954,96.40762227475352,111.52569057911138,107.53503688047283
20131203,164.19000806562525,133.16054584020017,97.46173248353958,114.4999218702171,111.19314652390773
20131204,161.67212898576733,136.54375910743863,98.26585136263934,118.02021075235335,112.24271979576173
20131205,159.6403868652746,138.25842392253526,97.9755421767209,120.4718645525502,117.47425051979083
20131206,156.99684225264213,140.0309730964026,97.75556413926789,122.45936697077346,123.53475769294946
20131209,155.75810651569049,141.78042679165856,97.37533710683225,124.40506499506114,128.1682864857433
20131210,154.75968688527544,144.200931753798,97.2383331735265,129.86919680424356,132.30371517680584
20131211,154.06703610681217,146.3402055000111,98.02735502484438,134.16214358383814,135.52802979532444
20131212,152.7329525051593,148.28376674365583,98.42282014428302,138.78793175118903,139.99194801887162
20131213,151.11174326556096,144.50886303553435,96.87126156893856,136.88101466469996,142.7924888023309
20131216,152.79243433979818,142.17316814625337,95.65525325099593,136.88662974938586,146.03355978816208
20131217,153.1774781792533,140.1853978479036,94.46842294380268,136.75438701353312,147.96781676910763
20131218,153.4926081754959,138.82194944210133,93.78217069685356,138.67266943889086,147.6353957636604
20131219,153.21030870773225,139.661695961677,94.29901386722506,140.67029617213302,147.3013336475049
20131220,153.34072432379608,140.77367112958223,95.4479318300222,142.28699004144855,147.3470478815142
20131223,153.13888675566776,141.4728851566654,96.38331622575238,143.51090459350965,146.92223851243364
20131224,150.79599971312217,142.77116629224383,99.74773728577611,144.6503523878976,145.69036977167684
20131225,149.77505723913188,144.07768018681733,101.8589050388511,146.17776116903028,139.34731191737595
20131226,148.9627102820274,145.10836268221647,103.4579461740291,147.46920025003595,134.0954393780683
20131227,148.27106684202099,147.34035486500943,102.91221849796965,148.19269911613807,127.50219135791893
20131230,148.09986607152922,149.1702128781161,102.63153698218294,149.2042214150246,121.22735284467541
20131231,148.18587779790693,150.43586758059854,102.95234677507922,148.88985903321986,116.26248491939528
20140102,148.25661916720316,148.84040879242022,101.57048507594087,147.77800631122744,112.81610761301178
20140103,148.0080704930603,146.1323832694604,100.62825820313506,146.17328149746305,109.69702979338578
20140106,148.32039887223328,142.07299589452268,99.1588472969319,143.69856792884792,107.05624502262006
20140107,96.30110522923218,138.1909842989794,98.44975628749934,141.58149517422015,103.98055414103881
20140108,54.160700815913636,135.1248410417786,96.15953233138112,139.46868878798085,101.47536537318754
20140109,20.50132525132256,132.52546412036543,63.13760262042557,137.6247494866555,99.38616512533216
20140110,-7.80591222833873,130.2235992259095,36.31670181326853,136.03451772041618,97.88052355845502
20140113,-30.317133738093638,131.47226895535726,12.854278392321618,138.7762741058291,96.68294773152758
20140114,-3.0318099882496217,131.9870790973505,-6.256601117858128,139.74267299564596,95.18118682293617
20140115,-24.568466647176418,132.5588055764689,-21.822003835499956,141.09046289636473,93.91698865035943
20140116,-42.07466582383686,132.77920171117592,-34.113467876120566,142.1211582242813,93.0607422138448
20140117,-56.36014069901131,133.29262858165495,-44.39340192389809,142.91160777641542,92.28736151487229
20140120,-67.84881745274568,131.11189401086827,-20.846427225312492,135.6026001167469,91.64710943226063
20140121,-76.91203892769789,129.4692711624006,-1.6193618340747853,129.6376076992055,90.74093319311739
20140122,-83.21494325857516,128.23567862029265,14.212823863793457,124.92431388844668,88.22135978168535
20140123,-89.4614183864379,127.5940300700735,27.684122481805588,121.66935891665705,87.88917956675812
20140124,-94.54385308059678,126.70985770145593,38.74438157474453,119.04039347982881,87.62086678949485
20140127,-98.50443288649329,126.17142310603013,48.836990827353716,116.77753190026782,89.13286831587301
20140128,-102.32298811671376,124.51404422980477,56.15359146170403,113.86930957406369,90.78722840188448
20140129,-105.70070233138237,123.13808546708275,62.05036774469663,112.04571574653988,92.78508513810256
20140130,-108.54517077008454,123.36509156337935,68.66459844422825,110.4939343023197,94.29475122077561
20140207,-70.72997511590106,116.72993361236765,71.85658896629884,105.90690482431754,91.68497259956968
20140210,-75.88461930449793,111.98111985376283,74.45296454462438,102.72740817807465,89.58673302154857
20140211,-42.553709968334445,108.37584041053881,76.58531979721405,99.73100964017577,88.47083365009921
20140212,-15.949152782854624,105.37712570478354,80.4597970550923,97.29262427333893,87.44292175744268
20140213,-31.956987616093805,102.89542772407276,83.4777825447497,95.31452323961902,86.5980506007399
20140214,-44.86188667968579,100.55912591547022,85.33634663167119,93.54968612142986,85.82661859791553
20140217,-55.39246445707661,98.67147831855257,86.93555397757157,92.20879406911465,85.06348873366983
20140218,-65.16397352527858,97.11077825769237,88.22041854353668,91.08864363701431,85.25942999427176
20140219,-73.5654190984876,95.43437313879016,89.52525062942425,89.84976543071812,85.66425557450319
20140220,-80.4523800879773,94.06287940022371,90.81049934311213,88.79602973341721,86.21680147189346
20140221,-85.5721269841355,92.8315682657122,91.76078693230765,87.84153865692828,86.34078173674108
20140224,-89.64364214437651,92.28875709568331,92.77675671385592,89.5478415331904,86.26036627514145
20140225,-93.2777990422247,91.81089106315953,93.39596029919672,90.78537949447669,86.41141877126566
20140226,-98.5858586597791,91.42273949467081,94.01208743993308,91.92070437786975,89.38125016112133
20140227,-102.8223406647971,91.02276644297953,94.66093054439281,92.79339806625897,91.82938578240734
20140228,-105.54591852929109,90.67448251482794,94.70497660506271,93.40601667278251,93.49128298827787
20140303,-107.61900552695813,90.33068843875792,95.14709637917439,93.9911569391702,95.14131878919278
20140304,-109.19008613476582,91.25527530989952,97.59765316120047,95.99015519172667,96.77139772434633
20140305,-110.42833908778505,90.4315577641911,98.25129656769785,96.24324568138194,97.39400382994972
20140306,-111.43154059504155,90.37326728592957,98.63143329936801,97.09705868060158,98.0439465005601
20140307,-64.28051686461886,94.59311670655343,100.34972086736569,102.08455368243125,106.50963264733284
20140310,-79.17448941893805,97.78565604410804,101.77448170245391,105.98755675808383,112.75719642909833
20140311,-92.1708837683389,101.35821851483833,102.85351378663253,111.94913843198958,118.20954506085093
20140312,-45.67526835730349,103.25259752188812,102.35482370650283,115.85456317999895,122.29718257674817
20140313,-66.72696901018081,104.75767277174545,101.74920966014761,118.99572112818414,124.56272751330066
20140314,-24.591237644997133,104.49355580128945,99.63723158781598,118.29624135192648,124.12281081936904
20140317,10.866033066746565,103.98864488878326,97.62439397658895,115.84573472900955,123.92614901345777
20140318,39.06563245298441,103.40098259632262,95.95093353047588,112.44223612392896,123.62583340199355
20140319,55.27364914751301,103.64460411270704,94.68780110335425,110.49978785200385,121.43120571681872
20140320,66.09127179353325,101.92928659241701,92.3752402900594,107.71062512287696,119.56529144813959
20140321,75.75682177184544,100.54043354060082,90.52433480938575,105.41864874333608,118.55248587319723
20140324,83.67581480304725,99.42258752025786,89.62975279958927,103.5406016310482,118.23048803516373
20140325,88.49909291110664,98.6629552067629,89.00938564929251,102.06622603895165,117.36729877842745
20140326,92.3624112960839,97.8053993194942,88.1762531883284,100.6900939677187,116.66440317045604
20140327,95.5765023500249,97.17849399908513,87.48523041717401,99.66767775425281,116.08575224899965
20140328,98.87708508058994,96.93858176691096,87.0006686509521,98.90269221902618,116.01132042643049
20140331,101.86025366238032,97.69343497455534,87.24302347080261,98.79520188373179,115.82639086267532
20140401,99.80228808364062,98.3080028272669,87.58195142448514,98.64500160461989,112.65018551391134
20140402,98.10411310809421,100.2168156891873,88.4428809250539,98.88840967327461,110.74804870417694
20140403,96.18293107100675,101.15932664538909,88.17825488109042,98.92567568069461,109.19518640381978
20140404,94.65929625453552,101.9820420130357,88.07577572431892,99.4739455558069,108.27829849406639
20140408,93.309013880642,102.72122885580745,87.97727731709462,100.04421188598016,107.88570814319131
20140409,92.21442521412689,103.84744826099893,88.82602771852994,101.11522005438846,107.28826934508388
20140410,91.5142327464864,105.09824722794255,89.86934695479658,102.07493692262214,107.21066575215713
20140411,91.05278707245154,105.94929635224769,90.48495896836009,103.12882215762893,108.42495001380806
20140414,91.14196492976107,108.08425014491479,92.38902166092612,105.61099459593152,112.87448570035662
20140415,91.55050192361715,109.59727273892547,94.15337350317154,109.56258970951806,118.06233286659975
20140416,91.56440835315085,109.62049228870188,93.68607754437234,114.66180559034926,122.32186040377883
20140417,92.47456925249405,109.62378742031441,93.75564708567501,118.96713302995292,127.56353554496555
20140418,94.06728452229922,112.62274626935857,95.51852761778342,127.45803153396551,131.87205621716896
20140421,94.76705741220617,114.0420792898579,96.40840908684636,133.42346810538731,136.07566008198333
20140422,95.62294352368117,115.0047940363445,96.68437992531035,138.02565011298566,139.40695694714123
20140423,96.64629924234723,115.30931882289003,96.83768037774892,141.1072214799571,138.82450992370792
20140424,97.59708500632368,115.93011900855497,97.57551998205928,144.05711531406124,138.45561872723007
20140425,98.41463734480021,116.43890411692055,98.24465553243162,146.22865969477093,138.19431026286003
20140428,96.85903088745476,116.59392720903496,98.8451900159094,145.19686927469274,131.78358338890834
20140429,95.319644852046,116.58010562244422,99.29093971423761,143.20250067961166,127.00752690876949
20140430,98.26844132072705,116.54759831119169,99.54486797146781,141.54629008726735,125.5494595510516
20140505,99.11041129913606,116.59258040353086,99.52251589067103,142.68562654910886,123.12604737093972
20140506,100.27753876392595,117.31825640329706,100.81318727701613,145.0611801367532,121.09262260989873
20140507,101.38435338343919,119.75358366225453,103.08119693730094,147.91991856925932,119.59907019223738
20140508,102.76757199369598,121.52617052678181,104.89881296242478,150.49975131008415,118.14904790585439
20140509,103.88158745273917,122.23280363813649,106.52876873681797,152.63507659383558,116.38922435329843
20140512,104.31747534540602,122.83357374240443,107.90130747335358,151.8031129253543,114.94313608123277
20140513,104.78870831066932,122.4436102194923,108.59912415250236,151.90209747874158,113.91022846644599
20140514,104.5429061533804,122.1043569420746,109.39435480364824,151.88872596232324,112.1414753324812
20140515,104.33544694383599,122.4315297277063,109.93912587027151,152.1520218840228,110.6927821301954
20140516,104.65143931859123,124.76129698386127,113.97947512664243,154.22628081028517,109.50281833919725
20140519,105.55509586102865,126.92435585227037,117.26618567397396,96.30774236728529,108.34791663383838
20140520,105.55837070433726,128.8142707872147,119.8216017630281,49.18258326025209,106.87083925902351
20140521,106.24714366165706,131.3698898913632,122.63604155017345,12.342637377335949,105.76674238095269
20140522,104.57638570598496,132.37184210920287,125.75540945029185,36.838069610462796,103.37758285116043
20140523,103.8350002586082,133.27324362353622,127.99432089735889,3.804121551720137,102.73567123602041
20140526,103.25624593657199,133.85885643259914,129.1861845259158,-22.742593452709173,102.23812722904444
20140527,100.69416813715934,134.6731880376582,130.4540760438449,7.4722400137348215,68.41621443501579
20140528,101.03179543494538,135.8748688216333,129.98920503544625,-23.841210615575406,37.78211918494178
20140529,100.99122230836429,136.8872978810954,129.2727714440002,-53.385007274704286,13.060499687313357
20140530,101.03565933431085,137.5276229132344,128.78742101236818,-9.782268750498647,-7.262727300114249
20140603,102.57954668827537,142.86344309157948,131.47184999475175,24.697435967816727,-24.62165866345745
20140604,103.59457620350827,147.29668515634296,133.6968800518249,-9.86516108094511,-38.546833797664235
20140605,103.16526921673854,149.95955148547145,135.1157515947268,-38.657379881574,-47.25409194857894
20140606,102.42373126322676,152.89117856722171,136.55058253979075,-62.09769987197949,-54.163365162067805
20140609,101.68720363815741,156.319695042222,137.67030649544446,-81.23291480892935,-58.478754719514754
20140610,101.33494920777187,158.20193970319463,138.60795417797922,-34.20006968554241,-61.94079552972953
20140611,101.09979818209652,162.76374892689088,141.05285289774798,4.884490363461425,-64.80550150248986
20140612,101.20915295129873,166.50433526445408,143.0190791719333,36.66951982998291,-67.17304160470242
20140613,101.10242151530669,167.83310492697478,143.1196796957227,62.54878542707241,-69.0558345617859
20140616,64.83506420782766,169.6121766362377,143.81401186132777,83.5768576469923,-70.51682496815485
20140617,35.76313427200034,172.57247370921874,145.12838541495316,36.28733340450168,-70.95599133540445
20140618,11.266896933547761,107.1772034725467,146.90374282364743,-1.7955536002297106,-71.68030859047514
20140619,-8.735026430952056,53.328897572595565,148.52726791236722,-35.18971053170544,-72.27872396153417
20140620,-28.300847477416657,80.90849931381375,150.14305193763462,-64.66941051956618,-74.06166686721095
20140623,-43.58484679138538,95.09748722386838,147.80113178990445,-83.00816814826017,-74.87945764863937
20140624,-55.88717455055315,107.29863284410011,147.00460205480258,-98.18351703217559,-75.08371610765134
20140625,-68.86683436539184,117.2580333506535,146.17164400309133,-110.75404915347193,-76.44156045394752
20140626,-79.48477463971878,125.69240210159364,147.52175826717135,-120.95764009486986,-77.54200588865496
20140627,-90.07697505807683,131.82107423301915,147.84371980092155,-128.68416439824819,-78.65773724642146
20140630,-97.68113685440926,135.9371770463773,146.8225430444706,-134.48144234160105,-79.26201932048774
20140701,-64.37463486692242,89.73259131429054,141.30137776803508,-133.41148778954135,-77.8151330153037
20140702,-68.22911801857609,51.91864258073756,136.45698094565574,-133.56874215062297,-76.44630738667554
20140703,-71.74552979296007,20.620442606252787,132.60328032654348,-133.72270493555686,-76.37510833828046
20140704,-74.70493465027506,-4.780907427490258,129.42751631872466,-133.92404962452514,-75.66519315960201
20140707,-76.61821769624714,-25.397557091351473,126.92919722722287,-133.44548926277184,-76.38666318618066
20140708,-77.92687989027112,-42.51509844260009,124.93470440603552,-133.10539938924924,-76.93119488773654
20140709,-78.57152450077946,-55.5442751565071,123.79012105247666,-131.7775315622413,-75.8337179948476
20140710,-79.68461113628165,-66.16862447048743,121.76632401544418,-130.74471612019326,-75.52461250563456
20140711,-80.61186001174339,-75.32728379605886,120.34076999545778,-129.56482204221072,-75.18184172310028
20140714,-82.1545845736383,-82.51369002205982,117.73376234134463,-128.41203015672144,-75.09287757152585
20140715,-83.43645571702113,-88.31169927039551,115.53774075321095,-127.4201508024805,-75.38810226429067
20140716,-83.7168651633156,-92.52569053415095,113.66716760565897,-126.58278166909824,-75.49249102187616
20140717,-84.12043292911194,-96.24298227280642,112.08950795959332,-125.92206975996037,-75.22874565071247
20140718,-84.70655331128347,-100.14075477208826,111.13938469946491,-126.33879776151475,-74.96991886758045
20140721,-85.60817449113787,-108.43252677793815,112.78178793682561,-131.4692937107977,-75.56209387135613
20140722,-86.0911488705905,-115.7922404917863,114.14784784277154,-136.4917625998857,-75.90989047601701
20140723,-86.25430790919589,-121.91328659189449,115.60703187799332,-140.9991299429554,-75.67259357976066
20140724,-84.86164742031697,-126.32642148216934,115.57748918644045,-144.09981910816677,-75.07096875934054
20140725,-83.84208477798327,-129.8661198243265,115.84653293781368,-146.55451514571146,-74.85352862644173
20140728,-82.38682934074474,-131.9238606266417,116.55563390773442,-147.87332616507936,-74.59784595519896
20140729,-84.80383111895794,-140.91686232935618,122.39000856977877,-155.84366649815433,-74.54076190208762
20140730,-86.81444777738872,-148.70338729446289,127.9617134078945,-163.1432186092547,-74.78916373621449
20140731,-88.37286051711511,-154.7645834745226,132.78359603566017,-168.18556158313888,-74.92169180713131
20140801,-89.46541838732148,-159.57855029040437,136.76531070452728,-172.05145723669696,-75.40859250045294
20140804,-91.6586748433625,-164.31817091885526,140.1095256087601,-176.74076694961042,-76.0947296549662
20140805,-93.60912148253439,-168.02936961782805,142.9289268468327,-180.45196385419658,-76.56511961852195
20140806,-96.68075386477877,-175.51550980834622,145.22570083655805,-187.99925473682822,-79.42055363154424
20140807,-98.81402932260217,-180.58520071842352,150.87260390884794,-192.53561914890955,-81.46243665679104
20140808,-100.6517114350267,-185.20876887616814,156.80579579109718,-199.53587765020882,-83.04059393193909
20140811,-102.16966019608888,-193.3187167373555,171.17287827390808,-208.99382730705307,-84.3994064990143
20140812,-102.59001761860239,-195.67519794857196,181.32028085980258,-211.51227937206338,-85.38179975866011
20140813,-103.64538630170746,-200.10984416148855,191.5838672570416,-215.08208884847187,-86.0277855794587
20140814,-103.66840237475074,-186.04103092042942,127.59636162279197,-197.71457136828738,-86.97695947621041
20140815,-103.33913178159462,-173.72109900519902,76.37144432303151,-183.36539061930972,-87.74097352645306
20140818,-104.34768181215522,-163.5923654022984,36.84518518723497,-171.58157240476382,-88.36071775087808
20140819,-105.22382580810175,-155.22265784301112,4.7749063806663825,-161.7805638788062,-89.31278081652204
20140820,-107.1214691536609,-148.4578367946759,-21.24696772519589,-153.7379541277775,-91.62505465319644
20140821,-111.79849463841994,-142.51561186031552,-44.3929667785999,-146.3181247639574,-94.26502128954294
20140822,-115.67009525872247,-137.55249015814357,-63.55311271152536,-140.14585803266226,-96.01018852985015
20140825,-121.16748795482988,-133.94342027465933,-77.37209848425051,-135.27621006376668,-98.20992490578206
20140826,-126.84417381024578,-132.15477864330148,-89.58254200422675,-132.26416678004114,-105.7098847542316
20140827,-131.25187112383952,-127.30404556798516,-97.02855648391167,-127.39016245977965,-110.42853772872338
20140828,-135.08103363341314,-123.41884275783609,-103.3279012483631,-123.57975250004507,-114.52025536419202
20140829,-138.63946733811906,-120.32671399864834,-108.51562983201049,-120.49815440640248,-119.39779657781598
20140901,-141.85150066614816,-117.65753313587075,-112.63627905666515,-117.84138028976395,-123.47622376672894
20140902,-144.4595543655842,-114.69695754546385,-115.22578975678613,-114.88564074240982,-127.29434301237953
20140903,-146.36425866555396,-112.20104249635368,-117.0924017049824,-112.46630157379023,-128.38023502725676
20140904,-147.2997884173911,-110.43274592589552,-118.91049414202644,-110.72681467821513,-127.49100669487748
20140905,-146.55333639683357,-108.82522835977333,-119.4700246561677,-109.22212964803191,-126.76654878000846
20140909,-145.94233242892702,-107.09290431020962,-119.78382654009306,-107.5290298159557,-126.39186709503792
20140910,-145.7450062099162,-105.66131045069494,-119.71118286272473,-105.96517620295488,-124.81781148612997
20140911,-145.59929089167227,-104.45015376587193,-118.9759994577386,-104.5080099861448,-123.75293402229308
20140912,-144.478730535483,-107.35393227768284,-120.66665185301532,-108.00494194598566,-119.43348283485234
20140915,-144.93947618740103,-109.41341065477062,-121.86871932115324,-109.54302951983101,-116.01063912630899
20140916,-144.9535952344815,-111.40878867848284,-125.26498293587623,-111.15501117827132,-113.23221425206609
20140917,-144.60619766873114,-113.03044838971556,-127.99078521178858,-112.40138499896794,-109.9808545428514
20140918,-144.67389913863266,-114.46632297367357,-130.7522297257825,-113.7093329939343,-107.37260366463781
20140919,-140.6032332623753,-113.3101634574706,-130.2606811149428,-113.97604735073634,-104.3365456941095
20140922,-133.6370154909519,-109.74971402078243,-126.14341765565115,-111.2860056066557,-100.23167506939072
20140923,-127.47482080263607,-106.6438254502755,-123.5239967758466,-109.07284317349261,-96.3443664126981
20140924,-122.60020415351224,-103.90562811168145,-121.2210539510309,-107.08009780101027,-93.1820602963126
20140925,-118.86636878735231,-101.80620483464298,-117.4326693760193,-105.52911836578268,-90.83878787581239
20140926,-115.47997938874049,-99.71580572929777,-114.2520180532613,-103.00635244793197,-88.92580585136855
20140929,-112.91343761608134,-97.69724421072965,-111.1937983784189,-100.2738740199912,-87.38207306551591
20140930,-109.32823293307389,-95.72332923693511,-108.13397803018736,-97.86135894174734,-86.00461768483008
20141008,-104.85534716902252,-94.39123466132638,-105.70089515204045,-96.22731173112662,-84.50297861186847
20141009,-100.9033318477349,-93.05297731854995,-103.54083658815055,-94.53179781659432,-83.62334737918337
20141010,-97.48270158974296,-91.59721873014585,-101.43798483439035,-92.90783781726763,-83.01204628203496
20141013,-94.53427514446277,-90.45710102859486,-99.86694450917555,-91.58973909723663,-81.15162521542271
20141014,-90.73699593680232,-89.22893907299927,-98.57755899699737,-90.46187252951958,-78.69140805503311
20141015,-87.74567810433841,-88.20626757728064,-98.02076721814947,-89.7098422040704,-77.21432004770362
20141016,-85.28521922270127,-86.73735001801572,-97.14621360998025,-88.74563096061617,-76.02465847048576
20141017,-83.47236072874682,-85.98923273596745,-96.63574053234858,-88.55933948869945,-75.73813507197065
20141020,-82.00340784302028,-85.47792171676053,-96.14675499737992,-88.51627882606422,-75.4322175131244
20141021,-80.79698093532558,-85.10410859118096,-95.7242172969712,-88.69826986999138,-74.86936768010384
20141022,-79.69193593519195,-84.59061839610746,-95.31184793016719,-88.78518100654838,-74.69806223921714
20141023,-78.82521890874168,-83.58056579052862,-95.08334109759902,-88.49600624524051,-74.50877131023776
20141024,-78.28615519567408,-83.57945741591155,-95.84630927024263,-88.63931866939208,-74.27730300392203
20141027,-80.12085648695148,-85.03687167248661,-99.30681376994112,-90.18752075817994,-76.76871318711605
20141028,-81.2942282547342,-86.37584185493856,-102.52748910044797,-91.4643183936125,-78.87836951013304
20141029,-82.43018655352964,-85.96046107899257,-66.60497156485509,-91.19412951184523,-80.16581214745692
20141030,-83.42242919787712,-85.62292569513666,-35.98239899167872,-90.56499565810073,-81.21272034564439
20141031,-85.39429666218818,-54.47615183519211,-10.763415716560027,-57.213558551015915,-82.2121149919395
20141103,-86.06249868259138,-28.72072149949768,10.623200453604893,-28.78687686057126,-52.19044581660256
20141104,-85.53087318674955,-8.132867685687152,28.233641185652388,-6.487378576296924,-30.151023539627296
20141105,-85.01678715669325,7.221052870218576,38.77467638970753,10.005314543799399,-12.648994384487247
20141106,-83.95297570149285,19.881711332603327,47.22982899020765,23.129850133046695,1.274871319300713
20141107,-83.99317667867034,30.239181754787996,54.208894990470625,34.00276927682324,13.45013603507765
20141110,-84.14030285545041,38.62783988370913,59.87115404556205,42.59654998249124,23.91061540677591
20141111,-84.37631040455537,46.00164250895841,64.63634927385252,49.95539776403546,31.786536468289817
20141112,-83.28714270989515,51.92657940274754,68.02692809630457,55.45997495573501,37.226787538870255
20141113,-82.28824979693314,57.098106445232446,70.93291095296361,60.02630170807009,41.66132982865025
20141114,-80.40638606643101,61.22854470842401,73.09531293396822,63.72237386059988,44.46292371107827
20141117,-78.8451103858954,65.3304200957109,75.21143639575277,67.6039645489977,46.752513412055556
20141118,-77.58918027061188,68.68723697023802,77.0070188454185,70.42040685347884,48.73398725174154
20141119,-76.03339562339632,71.54462287492565,78.49944218883049,72.74727174525772,49.91451825534314
20141120,-74.76192780471493,74.0751251314772,79.38676157668831,74.61292051803461,50.90537486383348
20141121,-74.44402932424681,76.02825443322374,80.08743690488875,76.10426782873064,52.021006736212485
20141124,-74.13130948267758,77.99330131308554,80.84754407677822,77.77415507760192,52.89243899583189
20141125,-74.15170912059754,79.56115386396478,81.46754426122571,79.02776164587604,53.52108229268982
20141126,-74.62430139776674,82.62562639453263,84.7521426040531,80.9273249467484,54.367499651993846
20141127,-74.9279554062504,86.55282759302705,88.17489555671516,83.74191029401945,54.93979527103644
20141128,-75.15398997747172,88.8507774491023,88.81350337473752,85.88648250431247,55.484311824451524
20141201,-75.08578589535047,86.62933421747474,87.14988308846507,83.42236282271485,55.3829854891435
20141202,-75.30485684592158,84.47988924318715,85.76530176768672,80.94991415799453,55.868485143804406
20141203,-75.73116896412125,83.98732099196494,86.87466166202759,79.82043759904245,56.54126701630711
20141204,-76.87794943820133,83.69043485613427,88.38551539682545,79.38883574104078,57.578376420909
20141205,-77.80889105648815,83.6291852698197,89.99974210401187,79.00286900725794,58.39749236074407
20141208,-78.18329342872806,83.6131862795481,91.63742609453847,78.98916580883954,58.95766846878428
20141209,-79.03556499803113,83.64583705291571,92.95834851775133,78.94261158757607,60.1466333609358
20141210,-49.79897097123505,84.21103094368253,95.15020233581483,79.82051430552102,60.76410519526242
20141211,-25.9164262410665,84.64924160183998,96.90688407814729,80.18013428842409,61.273782626252256
20141212,-5.09962347125112,85.11288860310815,98.27546174906242,80.47516133659957,62.6455110988954
20141215,12.046109560601861,85.36290982927765,99.26966283344096,80.51000703324911,63.817708844210806
20141216,25.217484537636235,85.27981480777343,99.40283906381595,80.51298898281313,64.47075239761477
20141217,36.538689137293495,85.24567225400025,99.65722958573527,80.49982754542707,65.07194513189577
20141218,45.803262995984696,85.43814602630958,100.11962970830045,80.56410083525428,65.5030343066442
20141219,53.338281904047626,85.78357599611266,100.78259102615435,80.5963309018599,65.9397274448086
20141222,59.47026004714162,85.83948325349417,100.73515479818606,80.29491601860312,66.30103935384622
20141223,64.4796632878813,86.00426738417445,100.85252211972546,80.22152729934096,66.67529818612364
20141224,68.53262076966556,86.13299647044012,100.8390438071769,80.1605551742762,66.96078912422348
20141225,71.98457259100962,86.38859108567365,101.13181655602419,80.15879162256917,67.37528775460254
20141226,74.74803081999642,87.49181976077489,104.40430381180093,80.427725831877,67.64328776287444
20141229,78.3519647952248,96.11594994365561,107.87969456393573,84.26572814541575,69.04530293463593
20141230,81.50156583454364,105.3361474878105,110.72425048033772,89.10661553467068,70.4390941828334
20141231,83.74248766800194,112.85524964464909,113.17592838401177,93.04919464823641,71.19839513245763
20150105,84.11880888320212,115.82780871969369,113.53978898769826,95.31128912520944,71.11062816858592
20150106,84.06691161031058,117.76014470222991,113.54380461874806,97.10983198511579,70.9886835683654
20150107,84.49708431122964,119.61917979916403,113.51819098566935,98.54429274989432,71.1683027358229
20150108,84.87538924738622,120.79127543584174,113.39731291490376,99.31034348421234,71.30405231570953
20150109,87.83193296598184,121.83439093854587,113.55263596612005,100.05759788660292,74.52633770307818
20150112,90.23214719236164,124.00260827988677,114.34440600473593,102.49938069962386,77.2105862679258
20150113,56.601964363287976,123.05597367387182,113.33147516396949,102.73550128452993,78.9635820085762
20150114,30.422244055896982,122.28347767631337,112.19357769808352,103.01621422561242,78.62289914000468
20150115,9.04244615513882,122.60501325309647,112.55884040420379,103.46290227834433,78.02298629823134
20150116,-8.471185405990866,122.70260595537972,112.84230770783107,103.80270844365613,49.49265854284836
20150119,-22.64280755559373,122.62254609035254,112.54587037891454,104.09097592994551,26.297832532343943
20150120,-34.64079589868836,122.5334645481616,112.33522525740844,104.78745014638825,6.846304224397254
20150121,-44.027274958006636,122.8171130546664,112.59383739826141,105.9297657795726,-8.326930234737103
20150122,-51.684904159566806,122.72101634378966,112.89410833146687,106.86555068988655,-20.731010457702258
20150123,-57.92516524575266,122.4286641102985,113.15758458319559,107.70153382406313,-30.785804299014888
20150126,-63.1159637095951,121.73269738543732,113.15289419575136,108.24335935778315,-39.01713196890006
20150127,-67.37975156573292,121.05636974454922,113.13624717836554,108.68870233563078,-46.00283978841815
20150128,-71.70152624671395,124.99848773182335,122.59984479569412,117.15345426837496,-52.56680945033471
20150129,-75.36364999935196,127.85599174596433,129.87858329641654,122.2826491007534,-57.997530079036885
20150130,-78.50264916614326,128.96511988796368,130.8997601948497,123.56487054982192,-62.59273417314637
20150202,-82.42418860571696,130.5472495350218,131.1030890682884,125.47148601402401,-66.82557122507836
20150203,-86.57585749057603,131.82172129188436,130.68441998098453,128.8522114611157,-70.08016410912325
20150204,-89.20660296680569,132.85051368996653,129.99908937409722,131.31592612351852,-72.36165448256828
20150205,-54.5149088480464,134.81954042607688,128.61467759856265,137.04235063850075,-74.37125588635756
20150206,-25.84560262493714,134.10921217645657,124.24762515415397,140.4054362747808,-76.2283361215408
20150209,-2.5093167895328685,133.59031707266635,120.5580080974483,143.36136871707802,-77.58862891256389
20150210,-22.38821073482245,135.77943709456997,118.57295098874066,149.41438205245822,-79.40325405493367
20150211,-43.61188415548927,137.8143483636292,117.43527970590914,154.46465495039536,-85.19742717021657
20150212,-9.09053761059843,139.73591950327946,115.98083478828204,159.6443039537646,-90.70078104679347
20150213,17.282686354390137,137.16584505167177,112.6080824860416,160.08607615848015,-56.44894033164277
20150216,41.01093850541754,135.2739042625929,110.29906393483432,160.56867686242092,-27.45998142467245
20150217,61.157551661234876,133.86772813288724,108.4284946869784,161.56960734631096,-3.760649176988574
20150225,77.33224185137587,132.4209942891354,106.28208296183546,162.0755987100803,16.290569865869127
20150226,90.52174549995786,131.06157736600287,104.56255838312597,161.378672704877,32.418090982453606
20150227,98.97351225591613,127.46734560061003,100.79573013201916,154.2367117513378,44.846028101603075
20150302,106.16515001132677,124.29473767464425,97.69937169456003,146.94271580507865,55.142264767308184
20150303,108.89122416764297,120.55899417232818,94.69774150348036,139.87200872137683,60.69797112320671
20150304,111.15282562478643,117.52451448479016,92.31068234566062,134.11229623846054,65.72865470911358
20150305,111.32512904738857,113.32175037495577,89.95486181868466,128.3201265146283,69.0335712080393
20150306,110.92991516921356,109.7047495541189,88.20905093700262,125.38342880922214,71.31730603282799
20150309,111.50218645255048,106.90542523818384,86.83449272386136,122.967387951294,73.88300058199403
20150310,112.25083715444985,104.47448212772696,85.12674982730728,120.29396542273957,76.41872852801542
20150311,112.57552351724229,102.48873190244488,83.72935256741731,117.57091438599225,77.30967567390063
20150312,112.90002598488219,100.87219574133113,82.8031974600388,115.31435131486543,78.06813469318006
20150313,112.07186240248959,100.07353312320251,82.91456351749319,113.5756971998211,76.86029109071586
20150316,110.73997178394714,98.85352268921169,82.48563632952026,111.77455222839977,75.53829615202912
20150317,109.63928608320697,97.76075798816376,82.19348539260025,110.33058036565673,74.45396531671925
20150318,108.05249407953868,96.70605097597901,81.7872463919551,109.15034606067046,73.1075699276325
20150319,106.49876397035152,94.97485704358611,80.05911226867501,108.0505966284732,71.98809252156249
20150320,106.9644548909079,94.74838826160635,79.34269932390885,107.86292428059163,72.13700214810528
20150323,106.65706908923062,94.26353341754717,78.57063785582437,107.37976822485109,71.87882700798137
20150324,106.36813564513372,93.7979402587022,77.93619403545921,106.87583336609418,71.68889350035553
20150325,106.37384536844924,93.56189071309045,77.60695258583794,106.48924444110273,71.39569468509937
20150326,106.25786315928126,93.46125894924744,77.23887621348416,106.29831864700935,71.06261828840906
20150327,109.07952174753686,95.26967320094069,78.75545567279649,109.6114754409304,71.69832257366834
20150330,111.15775866199498,97.75885796425713,80.78092520049516,115.22706304914617,72.47305893498552
20150331,114.3491781339331,100.48603758128537,82.65108907986983,121.38516840494,74.13199062695148
20150401,114.7983541936317,102.75834216118695,84.5057464293063,126.50021420435519,74.54742884933839
20150402,116.50917065105466,106.79687778292036,86.47863040152448,136.31712743418979,75.16448378435761
20150403,117.6004634082101,112.30166023412191,89.6123369295732,145.4765418325551,75.65660940342966
20150407,119.22819902557671,115.93989684229828,91.00049772605246,152.85144140659477,76.70093690958508
20150408,120.53940226106953,119.60835830550555,92.93915858585699,160.5629968508644,77.55063935354691
20150409,120.2847167268421,121.85945432771413,93.86988348240003,171.5824310236425,77.94834801204837
20150410,120.23695740999348,123.72788120471374,94.52586241624904,181.17423224339856,78.3236563919408
20150413,120.38110396419715,122.97582094631791,94.56015371088202,186.5622326968389,79.45604108926442
20150414,120.83321412783276,123.77303947514073,95.40910363766021,194.46834590422495,80.38224041357091
20150415,120.90095619314243,120.22532420228663,94.97302944596287,193.64518268286884,81.13877670900114
20150416,121.60301856770013,117.87979832021203,94.85626817704798,192.87161732146944,82.25684831155269
20150417,122.81479191826999,116.93689158880522,98.03089381836381,192.87860860158725,83.38960385951933
20150420,123.50411441457987,115.5195709995119,98.79532478564771,190.0225207832701,84.18555767704268
20150421,125.65131436345409,114.27891739707698,98.84234358919575,188.8120418968144,86.01038790384283
20150422,127.63606721802721,112.90322254273626,98.71166143091467,187.39802946894605,87.68566439381608
20150423,129.17249554537545,112.01580170017239,98.59115618436759,186.75361927375525,89.09152688580045
20150424,130.39860570608772,111.317711118394,98.59167644443838,185.6089994957693,89.57089456424926
20150427,131.26529938688915,111.1815721927426,99.54227326733835,186.01172905064976,89.77552047262095
20150428,131.58250861164106,112.26351656355344,100.03772451386972,185.63741783853652,89.96848553318316
20150429,131.52033827132516,112.97633204136648,100.50490167453631,185.4339197551069,89.96465827260732
20150430,133.07498724859644,113.34307495459272,100.84584120130302,184.2615541821758,90.95997630841184
20150504,132.05050537111657,112.06377359181417,99.65609336302724,182.23067136480785,91.45231006457958
20150505,131.85592237643542,110.68393393963676,98.2715778145538,180.21417014366486,92.11853106099
20150506,131.18326584606208,109.40463869942761,96.37964676266452,177.37430128007273,92.49131206899044
20150507,130.59905507593396,107.95874644589696,94.53186714207992,172.73617644899173,92.64108648694764
20150508,133.91516161530026,106.19694847145827,92.20344164391636,168.05085065046404,96.5264654360957
20150511,138.4172320428373,104.02595807144193,90.17018345175012,163.11532861680004,101.96235000037485
20150512,137.94157783122952,102.39240372958497,88.54011037856424,158.92263516671986,103.59113097690482
20150513,137.4046483777911,101.22261524188234,87.5840232169168,155.54862443123022,105.06990828190195
20150514,137.2339864696949,102.64530276191003,87.15480409972957,154.5981099376569,104.75233281298618
20150515,137.31643704315633,103.7388103787332,86.87239346015222,153.85043776183028,104.45933404259831
20150518,137.69878187330457,104.75413793326982,86.46056641842702,152.99548368680115,104.06987817709576
20150519,138.29374379874181,104.62220630281399,86.3195328848058,150.75848958670488,103.65608559351251
20150520,93.18490364210139,103.31640432196258,85.11933946567736,145.75691954175372,99.78685461494014
20150521,56.18562536213689,102.30536871476396,84.180279935588,141.76250249746772,96.49980797088163
20150522,25.743350907071406,101.5323054864751,83.41491856627589,138.45828533284458,93.66998945746015
20150525,2.1868213983621443,100.73294732561129,82.75859133419628,135.96808254744045,91.23662248871094
20150526,-17.330982098687674,99.17442402152014,80.77264478128653,133.4009949733795,89.4787490496723
20150527,-34.00356718174146,97.95412292073105,79.31281096116017,131.5329292491636,88.00083587068055
20150528,-46.708382534644514,97.09468844020522,78.00346942958346,129.98231667955915,86.38995480371501
20150529,-58.08159705515562,96.58330050416997,76.8014398043377,129.19521666373274,85.71562936841313
20150601,-67.62496417949856,95.9723897880397,76.22974249093693,124.74241670681621,85.26629695914527
20150602,-73.62814664367947,95.7100164625932,75.94318884348193,121.18426769623038,83.46188087222684
20150603,-78.60731200949937,95.3559389222458,75.91348685706916,118.1197907529952,81.94743499689565
20150604,-82.82532396368423,95.3685259470799,76.12571199749685,116.31747832566627,80.89241155995262
20150605,-86.46464025579616,96.06212593554534,77.2465294551136,114.79269522824478,80.41494413275451
20150608,-89.57831405222946,98.43721294642461,78.81229176920687,114.58133493391266,80.24125964598089
20150609,-92.9063283642007,100.00412393354962,79.20884256881988,114.41458237903468,80.56157864325756
20150610,-95.64388504657668,101.15746659979966,79.59478032496578,114.27432938424852,80.88237104990084
20150611,-97.82905246631908,101.96365912823548,79.90765266111526,114.0821867131728,81.61276191659078
20150612,-97.1645243091234,101.38508453605178,79.0844730141372,113.21948425659741,52.971765015171194
20150615,-96.22974915841337,100.88118031280023,78.47546763812217,112.4310396324461,29.528679904183903
20150616,-94.91781009953107,100.22113797638822,77.92452384693476,112.60070583364721,10.495325908120057
20150617,-94.36737453875575,101.18019355760438,78.81107034131811,115.34325090835807,-6.075219396459212
20150618,-93.8175391864123,101.29714996092916,78.51062127257977,117.54439404318842,-19.623580677480003
20150619,-92.89042644009177,101.3916874322014,78.23462120747618,119.38248344099073,-1.3078181951916275
20150623,-91.26456132594306,101.62438154380807,77.98818756363967,121.18698422783919,-16.033620180077804
20150624,-89.63515370014066,103.24486225851224,79.68615483238172,122.33924697027456,-27.977159500297528
20150625,-88.30290647450124,104.55548127999127,81.16078878711504,123.03406362879913,-7.985178962982269
20150626,-87.06257123271706,105.45105683521646,82.98746139176387,123.28446321367313,8.556193605120908
20150629,-86.04334861533546,105.86893831933227,84.5442530255338,123.34275632143326,22.13655785978821
20150630,-84.91955111990126,109.18926392457442,85.87702392765813,130.11750842985919,32.79686155201371
20150701,-80.84386596438239,107.70201117478841,85.1685531818199,131.81697027953712,38.27209295713967
20150702,-77.46204821404378,106.96842826302975,85.27231350549619,135.0344986693361,42.7903030040382
20150703,-74.61723568495427,106.23014128167422,85.36377698851874,137.7087750831287,45.88663721433257
20150706,-72.02003321888841,104.29637208253419,84.32537559635566,139.46283408265532,48.14408245287587
20150707,-69.96269419810943,102.58175956947316,83.40384114805825,140.2835339886502,49.70308725227589
20150708,-67.00269973926544,98.04162606490117,81.17483989578179,131.94401311507,49.79608536868809
20150709,-64.37047891193362,93.82818777243119,79.2521652731844,124.63922385790758,49.37243623049176
20150710,-61.85160937466471,89.34989079797121,76.49456088030244,87.27471195287234,48.87825486523602
20150713,-60.36758298880579,86.05376751723477,74.7792914119721,56.60136988336247,49.00643056472995
20150714,-59.12499324307196,82.94359565997428,73.07403126136612,31.912357377962437,48.92569298178271
20150715,-57.997085164158946,80.83569304314636,72.04666604410205,11.611187534698631,48.68715335145921
20150716,-57.16269079859522,79.098460318469,71.13059564102068,-4.932514452934473,48.5771278969429
20150717,-56.04705421231912,77.81783584921067,70.83752742442033,-18.29133879863306,48.00072667226061
20150720,-54.99436987983448,76.71459497008274,70.53195965141154,-29.21238532672029,47.42768829834506
20150721,-54.495366260807295,75.70305293043022,69.85724741735332,-38.12820004010839,47.0733913880289
20150722,-54.11843363313423,74.8961989213795,69.50091390025406,-45.695852195966026,46.76540556543046
20150723,-53.78231385266157,74.05184033326218,69.00178471478935,-51.86270398574524,46.49170730826514
20150724,-53.44378928429124,73.37805830153914,68.60671336182311,-56.93821792166994,46.05286683265608
20150727,-52.808996627930036,72.55859532711645,67.8258171815452,-60.53247222758451,45.41872221122934
20150728,-52.493601857566105,72.02011556497212,67.48250568680918,-63.611088155854354,45.037273675460284
20150729,-54.01379715658826,72.95482580027368,68.20547488698655,-37.251923750609215,45.66613556252353
20150730,-33.01740513589396,73.7885817621951,68.79105845573149,-15.688988308146373,46.18462780859064
20150731,-15.658753231440269,74.56072577197942,69.27551448304355,1.9855494713816766,46.931274000435906
20150803,-1.441183066639559,75.42146422262192,69.86677757995926,-12.855913001531334,47.49052564793926
20150804,9.894609225216275,75.94767937155837,70.40049947371774,-24.85558348474559,48.21244686466361
20150805,20.866314017857913,79.99263172915987,73.27985740722056,-38.57836555294543,49.92132759822775
20150806,30.457590657646648,83.60999971582301,74.9700831718385,-49.9524928037474,52.417582719430804
20150807,39.756213900608905,88.8238712834189,78.91538755858943,-63.41015250893224,54.97904200596562
20150810,45.70238014466916,92.77409654833212,82.22480268031967,-74.62537820350092,56.624874585737125
20150811,51.80207244194682,96.01734024163945,84.3518657368548,-84.82821857011652,59.65772787383974
20150812,56.86471328430756,98.33093659277233,85.74948787428734,-92.85811602390469,61.77816065098468
20150813,59.60564398868628,99.80487452227939,86.91215309061185,-99.34778094724861,63.2477830268537
20150814,62.76370370586433,100.25882151373484,87.70882514109985,-104.82693639914477,65.87221014935216
20150817,65.6962410301173,100.15939873148821,88.56655726732576,-107.64349369864752,68.16801629902633
20150818,68.15676201247656,100.12791220016707,90.6848163120864,-109.76189035796637,70.05179342833787
20150819,70.47605905442141,99.98623251473194,92.42513860558884,-111.48579755385497,72.28013782193491
20150820,72.32448636086707,100.33903595938153,93.08650445377621,-113.16742437641174,73.841944065132
20150821,73.9870365615133,100.34102713670595,93.60873789294806,-114.42785661494693,75.62808320301066
20150824,75.80455283866237,96.22543606662886,91.58985728617989,-112.35597720906155,75.4059082292563
20150825,76.5835298204949,91.66093839260195,88.0169913858907,-110.0225296528011,75.00606292572806
20150826,77.16320721629285,87.8491690462971,58.84786800106458,-108.082785937228,74.63656351181638
20150827,77.27195423657628,84.33600666283122,35.571469936257245,-106.07473295448766,72.98113261281013
20150828,77.31860346831736,80.95405420113626,17.79498893370632,-103.13615600977641,71.65276362964111
20150831,77.41896195766302,78.44839579976593,26.27097681474457,-101.3234492855854,70.9302497563906
20150901,78.07419084853247,76.4898089453942,9.984843859528123,-99.9054382815597,70.29802024090306
20150902,78.60851294562916,74.9961043878291,-3.24312719840682,-98.63151366577904,69.66536942726155
20150907,78.30695873743731,73.87599265893479,-14.296552877529297,-97.87298054892607,67.78514588097732
20150908,77.96769269716796,72.83794933690423,-22.91024166157681,-97.24216872477146,66.32420379288409
20150909,79.7458920584491,72.06243541296024,-7.656074010811202,-96.85644037770302,65.80265356943522
20150910,81.76234818612332,71.74173535590425,5.218456691678518,-96.8044428062463,65.64647645761313
20150911,50.36708638878745,71.67113152454726,15.87502781577196,-96.90778114142545,65.9001765717901
20150914,59.29312965883204,71.73418026296403,24.63190267087607,-97.08873726068765,66.25956598086036
20150915,66.59785506812204,72.0448075175971,31.779279656326526,-97.09920266767527,66.40863086210629
20150916,72.56779323767223,72.52196365233249,37.63877501850148,-97.84241655128254,66.44935297764466
20150917,77.22388914608288,72.97575648028402,42.4492835938849,-98.71652615441741,66.4448742082227
20150918,81.22748632394294,73.40667999853082,23.073740682940556,-99.45384743762838,66.5167717576035
20150921,48.38883465544111,73.8077121088306,6.872783620596247,-100.28887439218879,66.82955047318595
20150922,57.731075312994065,74.15500847812466,17.62762735806692,-100.92101640083216,67.07853083077939
20150923,67.2954206496384,78.98664554085815,28.67034111121528,-107.5099971524342,69.97662642150456
20150924,33.25649508214067,87.67209176206697,6.257140995764811,-115.3258038251265,72.52184317765659
20150925,5.247974733463606,93.39113945877317,21.383051034113777,-121.13810036666743,74.44148803629837
20150928,-19.39067046130691,99.18800388276875,33.99415601366296,-126.24501770952958,78.26396748781214
20150929,-38.84224575751573,104.62105171947651,10.988102450123748,-133.12803652169788,80.76112656212621
20150930,-55.02213335821854,108.68416378288545,-7.506213859752922,-139.79797997105067,49.22110017453604
20151008,-67.98092537831951,111.67881944891776,-22.81210965445656,-144.9641093082909,57.64947183632854
20151009,-78.60501785398172,113.0017621127701,-36.300263087821214,-149.08459079184914,65.0038884471959
20151012,-89.29713528792726,112.62467279959712,-46.946921862465075,-149.65435128801573,76.9477621673606
20151013,-99.26819208172418,113.26486781384162,-55.86513916052471,-150.7227662106622,86.87709837533735
20151014,-105.39319651936424,113.62540907217179,-62.79327993714904,-151.86213719330655,47.23615058392113
20151015,-110.5676654873003,114.07460870246456,-68.45980612106956,-152.61778875802378,14.164988684917095
20151016,-114.87608468437949,114.49191939784716,-72.72715027586169,-153.27490209601982,-11.290986814484375
20151019,-120.7540441781399,114.19556546986921,-43.630641584016786,-152.2759742269683,-32.09355400706988
20151020,-125.64203311039464,113.31878351308258,-19.81919498865026,-151.60875385906263,-49.64737887854109
20151021,-128.44241132755465,112.54148264861315,-0.3522023803763057,-96.85913254362585,-64.75174644483053
20151022,-129.88828035453693,110.63435999132038,15.363868478943726,-53.914280359228215,-76.27597234534063
20151023,-128.5749712776722,108.16951270140457,27.35145560114849,-20.41721979764922,-86.49267158418726
20151026,-127.62684412789903,105.60345633510985,35.85508726137199,6.808389269076317,-94.17616143885911
20151027,-126.79170487336609,104.16510048480295,42.852009745544414,29.682719437731862,-100.45668015932188
20151028,-126.1035911806713,102.76976196267708,48.43028838606817,48.34328428834413,-105.68497650935808
20151029,-125.5436232071503,101.7086575119134,25.18810646708374,15.516068346798487,-109.98686741508276
20151030,-124.87347810132042,101.72423293800011,5.213230082501676,-11.836498887657394,-114.07333956135702
20151102,-124.31157691206982,101.74440353607187,-10.986305500125448,-34.07549660633786,-117.76109615801239
20151103,-122.9523913447392,102.77809495557797,-23.92082247884502,-54.00054021461241,-122.80273450027714
20151104,-122.79191238286717,102.90090518989518,-34.78038034580583,-20.945465287549347,-125.02874523951836
20151105,-122.27333829822234,103.08835231070655,-43.61272035645298,6.33022063103609,-127.60589240952385
20151106,-121.81148752963438,103.1054890232568,-50.132433313820044,29.03549980734601,-129.70428085311588
20151109,-123.65296341817898,105.6296656913163,-56.678744324675115,49.69687224691549,-133.76826393157444
20151110,-125.1654568020247,107.69030711719464,-63.1943349842518,66.69950628663756,-133.60311421031906
20151111,-129.5872780451583,107.3055417682501,-67.84563084991316,78.00949586253668,-132.953913214082
20151112,-132.9305223637504,106.81715677931095,-71.61957761417015,87.1565213058189,-132.39900884350251
20151113,-135.02108327183876,106.36963713892754,-74.71724830407224,94.65398709614121,-132.94537879530228
20151116,-136.7714160397664,106.16901072862842,-77.44682720270374,100.21153561319038,-129.48686210517283
20151117,-138.2135023359949,106.17698753738266,-79.40750225019873,105.34796046120361,-126.86006761179489
20151118,-138.77526830982043,106.26647832705127,-81.3176589493199,109.70081064329982,-123.63075153620586
20151119,-140.28614326157637,109.24254520150788,-84.70272544802775,115.10307763492447,-119.69220410019076
20151120,-144.90914687310251,110.34165499588602,-87.71407148898619,118.6063206274712,-116.40937874456812
20151123,-140.52972919472086,111.87085647231004,-91.75727312164908,121.58359259778285,-110.36810439748416
20151124,-131.81883186554757,107.20062776846022,-90.73931485213602,117.29275478002417,-102.26072043547686
20151125,-124.58000599271591,103.70249827212932,-89.96749149135941,113.8014441623581,-95.47188698321617
20151126,-116.85923512360398,100.6307000982883,-88.2739087287968,110.96232304030053,-89.15080280191064
20151127,-110.61248046495417,98.08584500195424,-85.96310782513663,108.42710757871149,-83.92099340746596
20151130,-105.43371483064296,95.59900926297377,-84.05091267585124,106.14116673670307,-79.66280319630799
20151201,-101.21324330771336,93.59665127429918,-83.3061915043722,104.38680782869682,-75.96474346091654
20151202,-97.64049839640788,92.33604409194596,-82.8714797571401,103.89749833909453,-72.97337789893568
20151203,-94.23162226555615,91.28041140587693,-82.51391240783974,103.33215951892652,-70.11503456004478
20151204,-91.49373991862478,91.24074203927935,-83.62957721337858,103.11375507555863,-67.62553446837785
20151207,-88.80475587762673,90.73044062355507,-82.64302859043363,102.19663315569218,-65.6440154271612
20151208,-85.458706970774,88.90045065839986,-80.81962896888314,99.65183020470668,-63.61198198634665
20151209,-82.75490722975347,87.90972438507632,-79.86127903496664,96.73584589079802,-61.81573491120979
20151210,-80.56702102759726,87.05230060480281,-79.08518098529233,94.34736099326929,-60.32873578825242
20151211,-78.15967107863258,86.33959359807832,-78.2073876735035,62.07817875090757,-58.63178986833303
20151214,-76.28593586562417,85.8526851649341,-77.60186599059381,66.36141113290513,-57.581378633342126
20151215,-74.81123173575253,85.43002815202536,-76.92282912939895,69.88626626108449,-56.71444558746146
20151216,-73.63145223588708,85.14863193177432,-76.3929527132134,72.79582665304768,-56.17455946121387
20151217,-72.45007372143778,84.86119826783657,-75.39896592154113,75.12270085897333,-55.93839701456971
20151218,-70.9386539472344,85.1235168140493,-74.58875880522488,45.41771211822248,-55.42527170970945
20151221,-70.61117037733786,84.82160421978274,-73.01906986570638,21.290122363899666,-56.36365887718662
20151222,-71.14694567037017,89.32282143554691,-72.71295991506103,-3.0080912808919495,-58.316525869167414
20151223,-71.52496211329222,92.99296565793652,-72.53522995085076,-22.88833181879713,-59.89948468663653
20151224,-72.46533793206227,96.60986071214546,-72.62949768735459,-39.203119464375156,-61.75389696828384
20151225,-73.10693399491647,99.75145976408047,-73.26629939621903,-53.327911085348134,-63.46387554750192
20151228,-73.66262361050225,102.37106831740957,-73.32587147628708,-64.63351606558673,-64.44599583059014
20151229,-74.09931786813247,104.09995255957514,-71.67087131644972,-73.10654263123413,-65.11096182830637
20151230,-74.49673353356741,105.18332971072361,-70.24595320977053,-39.67101232528716,-65.71207675788965
20151231,-75.47723540838983,106.10508941233628,-69.16724366948907,-12.248331662767981,-67.41690356280581
20160104,-75.13801711471132,106.04139061272348,-67.98918797291678,9.868773735408743,-67.73918560067357
20160105,-75.08529694666896,107.20531841835208,-67.96698771365364,29.19901269775062,-67.98159964539934
20160106,-76.68507423543329,109.28803697017436,-67.77272195334687,47.09693262848371,-69.94629308767428
20160107,-77.73111308595314,112.81224411205932,-67.80432622922646,68.52457121466749,-71.49643051354087
20160108,-78.39535175419279,115.78237559136326,-67.8380006132434,86.18706553656598,-72.65891419811196
20160111,-79.5647373001127,117.63978807348668,-68.13652079902558,40.337325756916684,-74.75553400898966
20160112,-80.50048332642073,118.59029029754379,-68.08697154849769,4.049882858107586,-76.47701178401624
20160113,-81.26842421981671,119.35853895670152,-68.10747001685897,-25.60598311181794,-77.82825138766223
20160114,-81.70071148835247,119.9705189616626,-68.1356548017261,-49.86349310718747,-78.55299508080265
20160115,-83.15426388196245,120.8886800283592,-68.88905774689066,-70.09664339911882,-80.15624157056449
20160118,-84.28466696317125,121.23164855559621,-43.327597165158785,-86.29810839201104,-79.83293607899458
20160119,-86.95206115024253,123.4863332953163,-20.94621446352164,-101.22415017556641,-79.93869472203787
20160120,-89.19897049519669,124.74954276783643,-3.2011019492640487,-112.81945732309067,-80.02578771099884
20160121,-90.46179323659412,125.30070568584105,10.941262540707799,-122.2347191270485,-80.03486477132545
20160122,-91.29567523285783,124.40868201426358,22.06059071679139,-128.64763328554417,-79.89026726640931
20160125,-91.99384011702345,123.78119363905262,31.254058047444207,-134.10659754105106,-79.83726091810394
20160126,-92.96280056830047,123.94996794586586,39.27361653151339,-139.9545793649109,-80.61984290106626
20160127,-94.10534978506166,125.48769287316426,48.8314872932156,-148.39948876400695,-81.71163625324526
20160128,-95.13983251971176,128.18674662952174,57.14363047875473,-157.39856423671534,-82.71529193368278
20160129,-95.64873971491629,129.59508837228194,63.800981343691774,-164.51397737532963,-52.61424165062664
20160201,-98.98999103918013,131.65087625093923,69.78303437708493,-172.14081548175648,-25.981008276668977
20160202,-60.13434841469239,133.0718002899288,74.2024589475189,-179.22261340564216,-4.133712769006269
20160203,-28.43072298772175,137.22511528119847,80.43113645878667,-190.045230852078,13.931281016823673
20160204,-1.8647050526878246,139.84546865694406,85.41509049354494,-198.01646868578146,28.77634581381017
20160205,20.655764090246727,140.8150603126827,89.1504666825077,-204.39898967789645,40.45041573474578
20160215,39.40599662492657,140.77958246621347,88.44730464341005,-204.94534027782535,49.41341183536568
20160216,9.91444786768035,141.5189261667149,88.8813310820288,-209.38139188993117,56.39535743689372
20160217,-13.126842956477415,141.2444683894128,89.06715892057336,-212.42681823414495,62.08643274361316
20160218,-32.83197202185136,141.34305626846836,89.20860781412935,-214.88086403962905,67.21709378183036
20160219,-4.941729608648395,141.43713372615554,89.29782361027442,-214.69014830452758,71.3736835789136
20160222,-32.20709176764187,142.00314576715917,89.41516056367956,-215.79076313085392,78.99667944247173
20160223,1.396138812122559,141.65971261838857,88.71035405332336,-215.38224754469888,85.2588008362065
20160224,-24.863717333922036,140.19821142488047,87.51201407855812,-215.0347291511312,88.75964051762723
20160225,-47.60494630156089,139.7681546292702,87.57925949530893,-136.96734262053576,91.75569749950525
20160226,-69.23380345959488,140.96932993063643,88.12846726024311,-153.53282452223405,95.12790735711332
20160229,-85.4181015970295,141.9851356901775,88.59907677401111,-167.1448884557572,96.55537318420265
20160301,-98.37662585280454,143.0027802748601,89.03697304309945,-178.45783753715935,97.4186573291975
20160302,-109.38018328101477,91.98333441603049,89.460990444776,-187.08714599408216,97.89159131688938
20160303,-116.61129006030166,50.39318006041203,89.68743940182398,-193.89217472174616,96.99876792533236
20160304,-120.77456995950028,15.802404809233126,89.45795942943043,-198.47772325719603,96.4475522221493
20160307,-73.70334697110546,-11.789258907432306,89.08220370190908,-196.64183902666574,93.60866481867812
20160308,-36.52260199930306,-35.14616491662871,88.90957968543168,-195.06042464339436,90.50054903176375
20160309,-6.090137043619009,-54.24291115091355,88.81549254239523,-194.0639989651094,87.95003206841636
20160310,18.676718774710153,-70.27938186309852,87.83335982558974,-193.30757064839034,85.39685182223099
20160311,38.73712634029199,-36.24167130435381,87.00562564494324,-132.79359838108405,83.37664302137753
20160314,55.29993946008618,-7.408930602755516,90.17760094391086,-81.38948788044729,82.17409794725903
20160315,68.92937211683599,16.37690888419371,92.5603730479256,-39.39624319918719,81.2515200681815
20160316,81.01040212812214,36.189193931875856,94.60730385422208,-4.9313756296833455,80.49516341226466
20160317,90.15391859555125,49.90233460446857,93.530035021807,19.230147138150546,79.45288867656585
20160318,96.95620440095372,60.89759034052506,60.363942167063534,39.23804345228963,78.28839960964194
20160321,102.74216502823916,69.8771386438436,33.22587267653665,55.33058083993668,77.75371677905208
20160322,106.45873326099053,77.82789488161539,43.740762288680344,68.91441617326005,76.28159773539095
20160323,111.11949254796384,85.22980453425903,54.415918739079686,79.50711273361229,75.75428141871483
20160324,115.23710784623213,89.43985861336671,62.17849028697112,86.45329580781139,75.04603572383577
20160325,117.07119348051174,92.24717048192484,67.00800826945823,91.793969487579,74.60033341827588
20160328,118.44173149158289,94.4390591645148,70.91869500027497,95.9936580141041,74.7540224541056
20160329,119.07601458669792,96.2373259967044,74.10147837485722,99.43558757906752,74.75501946753653
20160330,119.60007249553912,99.04485586903202,76.76171847631392,101.91976565454233,74.76171554292087
20160331,118.64221763460624,101.2748836836721,78.98795217497943,103.95374891196651,74.0793750720705
20160401,118.73943398707634,101.31536083735882,81.38918955794173,104.24255989986666,73.71057195313402
20160405,119.56543956431466,101.47609300643865,83.55051578621271,104.85339493837871,74.81734489468474
20160406,122.17145504773275,99.80028337101294,84.20645474245526,104.65982956167204,76.56472004732284
20160407,124.40401866213658,98.44862051354643,84.810064872146,104.43732721050185,77.98100248259112
20160408,126.10349196762635,97.11302393250293,85.41098031584895,104.0385496047023,80.07950053496887
20160411,125.3783673170176,98.16622850534876,85.84224425034057,104.90370467524251,81.28447918093357
20160412,122.81835574926156,99.39089122747971,86.21759842120726,105.5915338099175,81.34496832966639
20160413,119.53819715042701,100.1763636606523,86.47919385146054,106.20448071527846,81.58166747419776
20160414,117.08562684868896,100.80376361214847,86.74193589872515,106.53522463241886,82.04152359640995
20160415,115.14653620363116,102.46337771411335,89.22826296732936,107.53615235028316,82.57393240839795
20160418,112.51115817648589,103.97835440744697,90.9467028434558,108.56337123836273,82.88997645195742
20160419,110.39674027038276,104.94215384523606,91.36027066521754,108.84515331257015,83.50384868850286
20160420,106.7527500764763,104.65395432225685,91.70270019270635,107.9274418839115,82.62370558695547
20160421,101.24974634883141,103.91281663045152,92.16479146158674,105.67790463957526,80.7388562134334
20160422,94.27772907553994,103.18622401346163,90.49260204874126,103.89426378156236,75.81372021307854
20160425,88.58430081258138,102.98788876448864,90.50957033086017,102.47374951814753,71.782390997023
20160426,84.09041711300411,102.91506127292428,90.41632633586455,101.38011161826493,68.46805985975028
20160427,80.58722605780251,102.8383202294255,90.29958628010613,100.48739910570971,65.82365417588906
20160428,77.69340670032119,101.11951799246557,59.647952578436275,98.43864620584837,63.39603291912235
20160429,75.68395396871482,99.50236762605603,34.530024016772536,96.28461818085044,61.82969056733223
20160503,72.72942724632182,100.0375767496872,13.689037809244875,95.3690688144915,59.8983109790389
20160504,69.79003989079578,100.47547554036603,-3.40288359837953,94.51516785577832,58.0125275692935
20160505,67.44963173689762,102.77244964505113,-17.871417671020584,94.42789277076487,56.57038932641516
20160506,64.89466076678,103.13653856291592,-28.897965964403582,93.40088368060842,55.05554422057645
20160509,62.79693566736487,101.69820024080539,-10.764317892455667,91.39428084743173,53.84851772815968
20160510,61.081785224207316,100.47908905488029,4.102352687263143,90.22439737122588,52.728672497599085
20160511,58.91867204128577,97.62075071368231,16.12404619842938,87.66100238180925,51.190415144452956
20160512,57.09334091362071,93.99904632454945,24.884394486877508,85.41198092397153,49.931955013884284
20160513,55.3967958398828,89.22189042202106,31.20378273256964,81.0792726916923,48.53399261779079
20160516,54.01085363832641,85.2102003514911,36.358608541370856,77.64743988052221,47.3746263812127
20160517,52.95680849815591,81.59222575445678,40.34314162932198,74.36782873841872,46.32836701124446
20160518,52.1144313142662,78.60660844065971,22.12107052842387,71.80422953585239,45.44536825241993
20160519,51.649646527269475,76.38456057087072,29.337876093297876,69.93480971778418,45.05251704941877
20160520,51.92688398971052,75.16393185266686,35.518835806444585,69.12661721174402,44.98945096400162
20160523,53.14926908951658,73.51994618900612,17.812372170466233,67.6540834974928,46.027425032639485
20160524,52.82645742054157,71.83946361956384,3.7306519736928316,66.42205775220665,45.96747238111819
20160525,52.43425775965817,70.42024171459036,-7.717920874879243,65.41543538032064,46.0451731128975
20160526,51.489524534629886,68.82754033329084,3.624753271082485,64.06193054143526,45.48001040006481
20160527,50.63893551093622,67.76942565283248,13.389616504336002,63.240305527975266,45.13675366934481
20160530,49.57122678067086,66.58433971381224,0.667625422609038,62.07345749743426,44.437261490651856
20160531,49.06997840749702,65.44990244820181,-9.588860632152059,61.110714090168514,44.18131569597701
20160601,48.75947680773704,64.48518638609738,2.2141489028766133,60.344414317282855,44.05760511893302
20160602,48.2765149428211,63.37797247706653,-8.104777867218296,59.69376900734319,43.50792755606092
20160603,48.132804074556134,62.38497159716853,-16.744950978734618,58.94546342851316,43.210467586584585
20160606,48.06779760533377,61.94997240278268,-24.56059714240856,58.665468937650886,42.97264696746107
20160607,48.06785783430134,61.50457026248335,-30.641532756009468,58.37431664788412,42.95127457368111
20160608,48.78697971963761,61.78765535709043,-35.45963191820642,58.650829701114276,43.506495675005006
20160613,31.54770104592045,62.543040339569764,-39.562880248145746,58.87765355941241,27.67918907783036
20160614,17.975080589954626,64.68984575630036,-43.616266708505506,61.263681660939355,14.451814593342474
20160615,6.881928332331698,66.40146372804787,-46.71121173586996,63.10067434384446,3.6850528132331135
20160616,-1.831813398221347,67.9206674123814,-49.62658839417241,65.07875729832817,-4.574010731065239
20160617,-8.960313135398414,69.29679079001997,-52.232695125736264,66.70062878144608,-11.334145171123154
20160620,-14.8141816524341,70.88720431258942,-30.949327155368213,68.1368894154506,-16.86147797518565
20160621,-19.577618351165846,72.19061328503923,-36.969878333656425,69.35414920700612,-21.32254406562993
20160622,-23.591502736211464,75.518932004473,-43.03286350807174,72.72579710562661,-25.340318080078113
20160623,-27.481555491971456,78.46362636841184,-48.180269242841455,43.64127421834582,-29.297437628821832
20160624,-30.630394420297787,80.19655066770828,-52.21956998032471,20.350134624991913,-32.55010810180602
20160627,-33.169082397388614,50.14777649390049,-55.945405874828424,0.9806855742728964,-35.24469693246417
20160628,-35.13208914563419,25.69133579587991,-58.40293278965094,-14.859634809670508,-37.32733457110273
20160629,-36.883262220233576,5.136866970307658,-60.45677641879586,-29.78927293593902,-39.55366995348583
20160630,-38.517997226424164,20.490451891803414,-36.64887068659851,-41.792278903358934,-41.297311187217005
20160701,-39.99836432628361,32.849915076683615,-42.90587281115434,-51.558230654177464,-42.96862389078177
20160704,-41.371756108157605,41.93003761919439,-22.669820469868583,-55.81932444420309,-45.05124836887134
20160705,-42.090914587437716,49.337719071205726,-6.172312186513545,-60.425638908179444,-45.55188911120383
20160706,-42.21281887508736,52.82988613500474,5.970656159189466,-61.53811277704154,-45.35092465833013
20160707,-41.89918973581779,55.27062992975631,15.437479497718282,-62.354978594945756,-44.67696043636327
20160708,-41.56388554224967,57.363539426420665,23.324835508042202,-63.13889171469284,-43.653474395451454
20160711,-42.205004278618176,58.783017860401266,29.884923496706442,-63.68398775141604,-43.36204056026404
20160712,-43.09683646157396,60.03292691458203,35.371138354002326,-64.18043724904102,-43.07395014491173
20160713,-43.37261808707254,60.88228769152401,39.88544914328199,-64.00577975184511,-42.40617433592614
20160714,-43.87201325888827,61.88594680161172,43.47330321936336,-40.60699082868362,-42.23556008921888
20160715,-43.595774017126736,62.6764771600215,46.34357966870221,-44.95075177289009,-41.50886188787745
20160718,-43.22431152483666,63.29675885903851,48.670693238298625,-48.48550296087878,-40.9025936271983
20160719,-42.79575179751598,63.65673354666547,50.70938527669845,-51.30404089719877,-40.294699358874816
20160720,-42.25926566222936,63.743886718142015,52.28137424977888,-53.60795910716601,-39.64472666854885
20160721,-41.87030407306607,63.78902059142358,53.512459413203615,-55.529036876808426,-39.087536533714896
20160722,-41.42913294790539,63.674482052474,53.99739785372493,-57.01072999853023,-38.30931227555092
20160725,-41.668379848250304,64.0223686379731,54.79436376549084,-58.38571639010187,-38.098478640119765
20160726,-42.41039062615861,64.45530455632124,55.8817426262084,-36.04987002946192,-38.140012780506346
20160727,-42.983873010837875,64.8250201858668,56.69533612965555,-17.76585713370584,-38.16802188684255
20160728,-43.53885112367237,65.51979725596301,57.53346145957897,-2.6852470624563143,-38.46382058702367
20160729,-44.183887938690155,66.3412886145974,57.9663079191428,9.677197071208681,-38.7655146714084
20160801,-44.64608668810552,67.63418429747513,58.19159450076312,22.038437231495806,-38.93846192026096
20160802,-45.23016684514972,68.8625296916743,58.49461970582527,32.12071363801959,-39.38806578353098
20160803,-46.07379994238985,72.87691884114206,60.21373031157514,44.24726914931819,-39.99007804905722
20160804,-47.251168029623095,78.04257358189531,64.28692552118972,55.11018688218965,-40.85325227538993
20160805,-48.3076222444907,82.02368476247811,67.39650612811612,63.77954707907945,-41.84962556384342
20160808,-49.624035012662446,85.78427978922387,70.4126659706864,71.11915776731296,-42.66395541640643
20160809,-50.835324539967374,88.52161918755694,72.71294212671373,77.30776544941293,-43.38279031190553
20160810,-52.85971795502139,92.30681860464003,74.62248293596751,86.49961376950311,-44.64250984493451
20160811,-54.70713341478033,95.02481977756838,75.74246201701617,93.50014286997254,-45.621106319236084
20160812,-58.31140604492763,96.71426959026425,76.07728671386779,98.68868391376981,-47.854246453644095
20160815,-62.043189452940105,95.88994434867413,75.13509861027184,98.80021091406424,-49.641271675154144
20160816,-65.96308982404905,95.53411514627629,74.54469771636184,99.01108414305227,-51.452602472953295
20160817,-71.50271220618568,96.23792367814322,74.19556576472432,99.53330516677751,-53.826072480646864
20160818,-75.88784278512783,96.90107645555328,74.2769348176935,99.95960360791535,-55.43547136679451
20160819,-82.15246656546654,99.27692677669225,76.74937884766955,100.89938270161939,-58.48805732238844
20160822,-87.07672901767978,101.09124759083791,78.24090467680048,100.9038475527107,-60.92141182425531
20160823,-91.18671968208993,103.05174974266801,79.56914587445527,101.4364275394654,-63.08157701870513
20160824,-94.21364046023376,104.57563788761497,80.22770456299475,101.2281320440827,-64.53869974101029
20160825,-96.68185986994027,104.35368453803974,80.022354534222,99.56532865400303,-65.15517973301733
20160826,-99.05214577104861,103.95061927585701,79.46026767559623,98.36644112958142,-65.57090546306853
20160829,-101.40750772857723,105.50602952598241,79.86677968903669,98.45304488072851,-66.23358420362595
20160830,-105.00484245672583,107.02701761831607,80.09430340648288,98.50987745055332,-67.16191346392021
20160831,-105.46689425626262,106.52602561942462,79.3351114304193,96.72881821668261,-67.66547234754128
20160901,-105.93357276277008,106.17200901727931,78.91014841885061,95.31498788165628,-68.00987208610158
20160902,-107.63214154275272,106.13373201103094,78.30169750173452,94.29268931412463,-69.79838624846906
20160905,-109.1185197742734,105.9700577188116,76.94710948579512,93.51920973036277,-43.129953127492875
20160906,-110.25104125637053,105.84603622551887,76.2827743639418,92.93154546145179,-21.75239972110702
20160907,-110.49731745779206,105.64616210793122,75.59836182888137,92.51229874030422,-3.7329117647657983
20160908,-110.30637272265359,106.54638149331394,75.43014594358861,92.71463232038101,11.178169523647039
20160909,-110.03013892747397,107.44883972922098,75.709564359003,92.8258709786953,23.419698846242976
20160912,-110.49952282583888,109.17743386573667,76.41111009550208,93.74044874690821,34.36048834977987
20160913,-110.89249846728805,110.54999299298936,76.61141514308649,94.47771094990749,43.30861927953107
20160914,-110.3681864384895,108.5317389302816,74.82799639334155,60.71889746345672,50.201470278241366
20160919,-106.13263755610295,105.70273922358741,72.48024654777358,33.89098556025597,54.19015500806098
20160920,-102.8731240015826,100.8676945125519,69.50263538834476,40.98041038839474,58.16830306767548
20160921,-100.27890579175687,97.09533269495867,67.23836395140148,47.203096367372865,61.52529295515858
20160922,-97.29848023984954,94.00885484420056,65.3711412172066,52.28483892742401,63.95411715480918
20160923,-94.79039144672065,91.58386496112402,64.10150589022788,56.70634301839994,65.90282067722647
20160926,-92.28576567733639,89.93594688497204,63.18781035602809,61.12405107164075,68.21008421000748
20160927,-90.72765664142115,88.35962262685798,62.444017918393186,64.64433126229547,41.50140402717026
20160928,-89.41319065878065,86.77322517170488,61.50064981742528,67.13800139385724,19.629919314100146
20160929,-87.92520759632826,85.40134955207964,60.523738511824035,69.1934540493365,1.794652624395911
20160930,-87.72339848779599,84.98441072223316,59.951242683592874,72.08764492847043,-12.431653712159969
20161010,-87.56164773733713,84.63709885310473,59.385345004422334,74.23677430193767,-24.043015118016136
20161011,-87.4329356223832,83.78981066044035,59.02499072232852,75.07369239835653,-6.067299911729145
20161012,-86.89996197503325,83.14244299306088,59.26990873158003,75.75464277749943,8.670970334788793
20161013,-85.98899616161806,82.3834102747942,59.437700712583734,76.20958483995544,21.48498757577202
20161014,-85.61104208872632,81.61084332785212,59.50282385316023,75.89095937494066,32.07645274800804
20161017,-85.47432389498047,78.75244769445675,58.35113381707016,74.76401704899988,39.71386074461171
20161018,-85.00127278781757,76.44140839701745,57.13631540627168,73.29483265665213,45.9453350882918
20161019,-84.49528549728885,75.18381972245739,56.51296458029006,72.82742895171268,50.73425955417401
20161020,-83.38147534304201,73.94935771717348,56.02394301776496,72.22392632680415,53.51640025455681
20161021,-82.872301407288,74.04373524096198,56.717737423671394,72.54228648553145,56.16727255945306
20161024,-84.72021898658882,73.81942835024358,56.66057943128532,72.56397860825611,59.890018245973764
20161025,-86.08621509842207,74.89602185630837,57.409059728783866,74.13057069528479,62.767767673076285
20161026,-86.40203856011385,75.59675233169419,57.42450501742867,75.66599935051144,64.69730835145582
20161027,-86.8386200827075,75.5253090938356,57.092423212890374,76.11688395543548,65.52103056126856
20161028,-87.4947509537948,75.42875953091546,56.744862213382206,76.52563145424408,66.62416771552071
20161031,-87.82727809394387,75.22559716994034,56.41825665073005,76.63988930795048,67.20867291373601
20161101,-88.37969180221565,75.3173633286427,56.07287037230224,77.01088744633736,67.90152281909579
20161102,-86.47671275782936,75.53913926789502,56.009042645435265,77.39789088318699,45.18409455959698
20161103,-85.25452276532424,75.84608697476381,56.18613583793303,77.75635913660953,26.575633836029645
20161104,-84.24775800311389,75.90747343358025,56.503701531155144,77.58737677730927,11.134838977131224
20161107,-82.79529958632138,75.69483277002608,56.7544435433924,77.71777713578078,-1.2676284740253276
20161108,-81.39495906556687,75.68124954581563,56.68346127102669,78.33887830866098,-11.412531167476994
20161109,-80.69430324889635,75.36706358648122,56.45526449703753,78.39964138900734,-19.613793303877983
20161110,-53.096802837865596,75.44792458386243,56.290237782553284,78.36816926532858,-7.648687642470316
20161111,-30.2862960367141,75.45444995256511,55.9056809874137,78.19438154154285,1.8323522022965992
20161114,-14.363164223423656,74.62978475957702,54.22321171887588,75.71780221553706,8.402214040670344
20161115,-1.267737122506867,73.87065274247657,53.089666264084734,74.39846954261827,13.7627915938507
20161116,9.319722563023342,73.09738667391981,51.701184867602215,73.58693039363995,18.01565291759722
20161117,18.154911697819518,72.55108185933325,50.593500905339646,72.96043640705837,21.641421242724604
20161118,25.372508432681787,72.24015215522596,49.78079969429043,72.57804608991054,24.579899531801654
20161121,31.062934317073715,72.4532175239707,49.4728942201136,72.7449062604821,26.672762410765923
20161122,35.383726965545286,72.62704496908871,49.190342438763395,72.85310458331624,28.412821600516647
20161123,39.015743327613436,73.17281321905291,49.30904016398508,73.00167334227193,29.85955953917468
20161124,42.109167311321904,72.28852190641994,49.45347920519609,71.37248253223207,31.11795804521534
20161125,44.646295125962254,71.27619795644158,49.524341280061904,69.26107735673243,32.14842930491885
20161128,46.499642022598195,70.62577540665158,49.7377647002934,67.6348787457196,32.77400208888086
20161129,47.858513881619736,69.906869964627,49.77289351005176,66.11082111511058,33.25301295925831
20161130,49.60395979169054,69.46896998087261,49.86169595139616,64.80926377193042,34.01905695592085
20161201,51.01980251877807,69.1270222519933,49.9339342073124,63.71140115739352,34.65581654216835
20161202,51.932638087891384,69.03184005756353,49.91442157336403,63.08882171706069,35.1589707321567
20161205,52.83334376306386,69.07394980779058,49.99627854966767,62.58632816805968,35.624420846866826
20161206,53.62378212516486,69.21563195955835,50.28241320131506,62.09993499535967,36.00973017808667
20161207,54.26743776762202,69.76072962715628,50.66250316404946,61.93631126392372,36.42722241280476
20161208,55.63899648174621,70.12076812840806,50.81067052015034,61.594330731753836,37.59506218714467
20161209,56.57036784322862,70.51579923507964,51.30303408800975,61.48315378183721,38.9042268798845
20161212,59.98920645648062,76.08386662779625,55.337549102643706,64.32091067671746,41.77255983648033
20161213,62.777552559456176,80.0546789845435,58.572269720989595,66.64271177252857,44.16154290366785
20161214,64.63393185785525,83.47322843259973,63.351963925506816,68.58976003212857,46.27997174117174
20161215,66.16592845377878,86.44467999683332,66.5396458473995,70.29947259250014,48.01023299283215
20161216,67.46608401802521,88.89881804026629,69.23746688685267,71.69603565400364,49.54111435294998
20161219,69.2517476058164,91.39002053782926,72.72489328554896,72.92593751305515,52.24250528823819
20161220,70.43245893522689,91.49513480173462,73.98040510493186,72.32243919958282,53.37443485775643
20161221,71.59371245681525,91.58197927742005,75.04551251669457,71.8299677347425,54.28503801960786
20161222,72.48555862286102,94.80594183526634,76.34142278320958,73.75558936067,55.12839515217267
20161223,73.21332359642058,98.82560520490186,77.81755925434706,76.75855113722756,55.84348395284746
20161226,76.2872610820393,102.54197091726371,78.93643780348513,79.41962348740446,58.53855955685959
20161227,77.9197840245176,103.52646576809877,79.43475662220727,80.03711600871334,60.07182346273063
20161228,79.14772263518073,104.52361205678385,79.84382410734962,82.29772221642176,61.70457624196893
20161229,80.15659484983247,105.36255350321952,80.25446017314815,84.10820799797519,63.075664326868406
20161230,81.23981871361198,106.23229536895799,81.34578304402483,85.6784279505883,64.26024566021158
20170103,82.17543751512741,106.89641691087448,82.13587014266622,86.98285656883507,65.34796450203906
20170104,82.80987600330947,107.03187809190284,82.51530527065114,88.04347216848086,65.78676675676188
20170105,83.55942044017566,107.49667433040783,83.28758165682143,89.38623746094231,66.36745823944867
20170106,84.36430138049529,107.58752353286434,84.57368095998005,90.25978703215634,67.10447740279356
20170109,85.39257153217628,107.51040514423141,85.1193943013169,90.9404027108271,68.07493854432067
20170110,88.11299876297416,108.18055221588999,85.4700456365682,91.79432192698387,70.2296488225472
20170111,89.07459699854095,107.99199581207617,85.55158357439726,92.15200040295805,71.48153524333578
20170112,91.02354362324586,107.91046648330675,85.60162728813216,92.44405873046058,73.34061286808301
20170113,90.5739713245538,108.22621500944696,87.12444831274854,92.80171224655842,73.19875646084397
20170116,89.63667966978637,107.8250748239743,88.05070177276875,91.8989884419579,72.58619342347033
20170117,88.81877065544116,107.87868232401746,88.8139921529077,90.88681751606438,72.06532804480149
20170118,91.22784758665614,110.14718817585748,92.14654206757679,91.9645098455551,74.57119536833522
20170119,92.97162641410743,112.05976560750327,94.88667722431919,92.79041417665076,76.82348902514745
20170120,93.77370480789179,116.41020652574186,98.69118937046969,93.79944704803734,78.33223661413065
20170123,94.46079196036325,121.99815495731652,103.38820972602741,97.35461045223678,79.5667648081843
20170124,96.07795215468606,124.6637765398491,105.09222337417349,100.15264498823306,81.74978566035406
20170125,96.01042791364408,128.80707374020108,108.2116985141637,104.05238056451094,82.36662758165134
20170126,95.92124176440626,131.60259137721152,109.33983976545359,107.32352336960732,82.8648847174889
20170203,95.55239730493112,132.28436927746532,109.10791463899443,109.55688583780292,83.24033758956172
20170206,95.45085704833596,132.79864074735397,108.9604979511421,110.6871729370767,83.28319380801895
20170207,96.03503141025114,133.3123618398924,109.10417302394978,111.9425863223227,84.06976426437225
20170208,95.74139208471652,133.8441267738962,107.97044164309573,112.29303252958935,84.44940257727787
20170209,95.56500978544423,134.15777300058625,106.92914884685324,112.4980084993839,84.69262600918536
20170210,95.19133601334751,134.8200347728047,105.84167868460844,113.5220613773439,84.6520008012109
20170213,95.00220767393245,133.45120194133852,103.14630405016366,113.55743533970681,84.5164169258422
20170214,94.2155952621965,132.61772366841984,100.9836696456265,113.03614421452986,83.86793266306569
20170215,93.99305810548617,133.2888188449336,99.60305576583205,112.76628320011463,83.61338406281534
20170216,94.00315799668167,133.72504274050655,98.17758062898439,112.49323368477619,83.49203461629914
20170217,94.42814406137082,131.8457732517377,95.87921153728789,110.80375742946914,83.79097012193293
20170220,95.48049523879858,131.42354364069104,94.31291734733426,110.91461268545717,84.84098507912613
20170221,95.65105271560182,131.3991643355053,93.04394942004147,112.11565324293854,85.30460701564148
20170222,95.08501410175204,131.4235644273268,92.02537777164738,113.44210272377752,85.00932017187922
20170223,94.67633997929879,130.8524368859054,90.83508700042897,114.10448441071259,84.13388991947373
20170224,94.88888508905401,130.2773957614126,89.56160456397429,72.01564878021642,83.70135216922452
20170227,94.99381929348529,129.79809777476245,88.52010339956568,80.27423159616423,83.19791353452432
20170228,95.0780465883703,132.7324893380639,89.37439292667622,88.16366100088368,82.77404684046833
20170301,96.3884573297566,133.1389572811081,89.3717647797616,94.70364543308047,83.22899460080193
20170302,97.28066041120434,133.05770382492176,89.58707160549504,99.88521748783323,83.35389391047788
20170303,98.30124419329594,134.25428706446075,90.13996574993672,104.59377807617437,83.45789296135666
20170306,99.25780445946292,135.1821083690365,90.42355455815468,109.42585115365404,83.93714184049252
20170307,99.96842434342607,133.92045090322466,90.42951037921532,67.94631337690575,84.28912857181913
20170308,100.70977663429584,85.12683994706231,92.05575945751453,33.177820409464765,84.02425831322424
20170309,101.31659033028035,45.26418607730915,93.2440093891542,5.441179960169701,83.85012466075025
20170310,101.99819654680549,13.177192683439726,94.35042183112293,-16.964113471076512,84.04048576363562
20170313,102.31205303843184,-13.428463410711126,96.73939634026436,3.53316573776256,84.0685433605171
20170314,102.50575933359494,-34.32524002680018,98.21937558634608,20.49852463597745,83.7935596155153
20170315,102.17566934388513,-51.50484242279642,99.09522615787385,34.379166278673075,83.05842985796396
20170316,102.12990024474516,-65.51494453088047,98.63454976774274,45.62704050512749,82.57332091734315
20170317,103.36599805220929,-78.14505154441298,99.96487758911402,55.41224923614413,83.00822595546929
20170320,103.67347633819107,-88.23520282609253,100.8802751047296,63.62326855350629,82.53770704647378
20170321,104.60573080438655,-96.39143930927202,101.72366651223652,70.27878150291622,82.41409018832968
20170322,106.43917307773904,-54.66949388242193,102.36271816775651,75.67726209184845,82.86982672559874
20170323,107.04295556251579,-21.029904935615743,102.22653308075542,79.49671869322418,82.86191053400896
20170324,107.45117951038381,6.464995769641975,102.3084061660428,82.72391589133962,82.85660867513441
20170327,107.98522686726734,-14.910341943029433,100.9005658057716,84.71030646242457,83.04359084578908
20170328,108.434857101274,-32.423768271893955,99.71614684053806,86.33316092608715,83.25236727305649
20170329,109.34381976627391,-48.5638564995744,99.3865680813842,88.49402668354293,83.65361451853842
20170330,111.17355491346876,-62.073024698328034,98.39774377685833,54.42493271204727,84.65634336108728
20170331,112.67102015571544,-72.5874825792663,97.76392067862781,27.11073424973142,85.47693139247552
20170405,115.16395044263164,-81.33051101986013,96.61571460974545,5.301963379088777,87.44209718509785
20170406,117.09507728853498,-89.02267975376455,95.70111719642836,-13.12071498210891,88.93805726466175
20170407,120.05038260641273,-94.64308563884956,94.77577749923918,-28.271520843316168,91.52122887866396
20170410,120.26364695658778,-98.76965391801991,92.9134393104722,-39.9961809596117,91.99933958178946
20170411,121.46473368588065,-102.68359720437104,59.634965179812625,-51.142160439076974,93.05029073259699
20170412,122.02941951357298,-105.138377355918,32.57252860599176,-61.66713255381291,93.06363494877047
20170413,120.03159053269933,-106.08733689756349,10.934719419981983,-68.8828050986649,92.67743785981942
20170414,119.08591103849446,-106.90263543499525,-7.0300603675722595,-74.43867176040779,92.94277541984799
20170417,118.36203893759041,-107.42629385517719,-22.768940023260082,-78.77187668450868,93.14893277392397
20170418,117.78278638183188,-108.40217318564217,-35.67600621093232,-82.47483325770077,93.26632750075164
20170419,116.4211733366106,-108.62809077866139,-46.5027264201359,-85.095371479159,93.20511394644396
20170420,115.84387963318491,-108.26440592302073,-55.084052322609416,-86.80112148183169,93.45817841235407
20170421,115.20250487519945,-107.82597591061749,-62.108697070231,-88.13749178473269,93.66577223179489
20170424,115.91790101959666,-106.7595052162051,-68.46232063585494,-89.17357278340683,96.0260776847066
20170425,116.69775075943845,-105.73263596817691,-72.20965353045271,-89.98309152549724,98.37045527440236
20170426,115.48547724674945,-106.99426534543848,-75.73777838104662,-91.52204358311948,63.71488062640402
20170427,114.36710452988434,-107.81681307383394,-77.93909945499462,-92.24602006457398,35.46357587742673
20170428,113.60060993016543,-108.58333020621951,-79.86711647706382,-92.80674227747645,12.098105453699873
20170502,109.82670838247265,-108.506566317019,-81.48767525842197,-92.24952388293038,24.33346988842924
20170503,106.55008345571984,-109.52561069883565,-82.84206956553169,-93.11162629896195,34.2900863389145
20170504,104.31278228498485,-110.2188286997666,-84.59508951057691,-93.92430747835482,42.72051241039455
20170505,101.98477328026036,-110.6319739998242,-86.14582347671258,-94.0683681990424,49.23146946869144
20170508,100.1541486307412,-110.42933878747512,-84.95850923973303,-93.86103718367099,54.63651038161783
20170509,99.09065251849114,-110.22446974572071,-85.5916706770533,-93.97163156776497,59.46600577386057
20170510,98.07277673048574,-110.30296451259238,-86.04937875444432,-93.83705392960059,63.364343935167774
20170511,97.38243588351587,-110.72083546779807,-84.84136982074226,-96.09753661923347,66.95191664981476
20170512,97.33817207829043,-111.47475231355715,-84.0621475511334,-98.2617841531709,69.14639813693277
20170515,97.26605529457025,-112.12208167109786,-83.49891764277837,-100.06679084962252,42.260211162571494
20170516,97.1860525128363,-112.38394492208246,-83.0324444683987,-101.20384247728748,48.91365347461203
20170517,96.41391729371456,-113.16879650273466,-83.03544870457127,-102.30452350033087,54.052265252347965
20170518,96.08775334180787,-116.35873449005264,-83.28305490077953,-104.22137473131168,30.026023202606968
20170519,95.48952024067374,-117.87759489005828,-83.2829880885751,-105.41724463797763,10.367783519598381
20170522,94.90850783524792,-118.38767695991088,-82.97079906947313,-105.76062371541133,-5.420220027761065
20170523,94.98877957066726,-118.66526590616937,-82.15812218398938,-105.83983661254086,9.769036846440985
20170524,95.04797329946845,-119.39976379152044,-83.10135195925241,-105.45288893766863,22.112494403674532
20170525,95.97704337219356,-120.03384089694856,-83.84763634587235,-105.17753555057492,33.31952170736642
20170526,60.746149452829286,-118.57623219189011,-84.16317195290335,-104.20413681965881,41.97757061969899
20170531,64.55833806243976,-114.12763789094207,-82.64749337516731,-100.50979003510666,45.896316317226734
20170601,34.5904497052297,-111.37042776758148,-81.73292514460834,-98.98340801074447,24.097984682400316
20170602,10.115610910644167,-109.09160024935684,-80.98801354893227,-97.6688494251437,6.339426165605528
20170605,-9.37271903402021,-106.82457412468727,-80.37869034853225,-96.32307854964188,-8.084786161903509
20170606,-25.42219357814836,-104.9486661469419,-79.8280257108281,-94.97003365860029,-19.88626747577003
20170607,-38.35636114389802,-104.64017256492974,-81.45711264191432,-94.99572531190893,-29.557548041468596
20170608,-14.257657287331293,-104.56344598126024,-82.86011655275941,-95.01607607042193,-37.35569334818568
20170609,5.835814809185578,-103.98228318437248,-83.95595757127263,-94.21142543146235,-43.87158908302433
20170612,22.286708256070494,-103.96183879404862,-85.37474414875994,-93.49416334728056,-49.22158009612629
20170613,36.43377000079945,-103.84162439407926,-86.0184864681878,-92.83152178236296,-54.46434303172366
20170614,47.69227660297873,-103.6939880465065,-54.22734541495064,-92.2644185133144,-58.41997978698235
20170615,21.205855668208795,-103.8809527915106,-28.09199424080692,-92.14435521034186,-61.672399343868285
20170616,-1.0455855803530516,-103.75994271952588,-7.416780497404674,-59.07133400708268,-64.57456954470896
20170619,17.913381139330365,-103.80077278448611,9.081683441033702,-32.17440103212406,-67.42835870746565
20170620,34.01730048200037,-103.45408851747378,21.701434960369028,-10.356373360883097,-69.75058777672218
20170621,47.22899182386023,-103.84356950878593,32.49771426309727,7.829771457507617,-71.94119629884294
20170622,20.12661197698663,-104.27757074636622,41.52234715620845,23.0189971720569,-73.23275406442527
20170623,-2.0069379961650458,-65.82250081032345,48.793303858977374,35.842337294903174,-74.33080193222672
20170626,-19.9438585247492,-34.35982634214515,54.72601064899538,46.353275775566004,-75.14702836650449
20170627,-35.15086753203687,-7.630640159065902,59.71571993893527,55.52315980034377,-76.28973681481389
20170628,-58.10863936572735,21.467824085484306,65.7044286204898,70.32133009412895,-91.25127753935405
20170629,-77.41035654533314,44.771402967826255,70.3727396849898,82.41758160832242,-104.3250199850499
20170630,-92.84382921535995,63.812270531768306,74.05762932646614,91.8416153179635,-113.627816622429
20170703,-60.83880015715493,78.65811828419632,77.0283871624061,98.87514210943445,-107.00263756558908
20170704,-64.87979113708451,87.44218961874736,78.92041800268551,101.60661905982441,-101.58369803349622
20170705,-68.14413931811973,94.7615974379794,80.757518748792,103.75336500497515,-97.1457908842408
20170706,-40.704487367777816,100.40376479071543,81.97478314603383,105.53409269766846,-93.49888416790814
20170707,-48.320128985624926,105.43690452083563,82.96003392639597,108.03228160843813,-90.51521351891195
20170710,-26.01149529852995,108.31273053705044,85.7509182931325,109.05666129029544,-60.89763338418173
20170711,-7.564376340570003,111.26903220893912,89.3300724345146,110.50940442461858,-36.476956377846825
20170712,7.332783665046941,113.4882736913937,92.16182642882083,111.70008405793826,-16.43709794380031
20170713,18.49368734787435,114.62803593211942,94.2530274502963,111.90516202570731,-0.29897096041374693
20170714,27.14661147771555,114.97605306291533,96.54816813059064,112.02151975133974,11.9335032757757
20170717,34.27787084530944,115.26838450310122,98.97351692535626,112.39606134709287,21.98504148382364
20170718,40.10286125386875,116.89182261197193,103.67142907107207,113.69554702579369,30.20898718797361
20170719,44.951803388894454,118.49120743483498,109.31527135969102,115.33268931876151,36.9268277553469
20170720,49.34416076219141,120.17658238212577,113.4907204650499,116.51268579892749,43.037731156566366
20170721,53.006897147896225,121.57090817739456,116.91306359315082,117.78968268456326,48.1532837261477
20170724,55.05490774283093,121.24253676352573,117.88845945345129,116.5084182538403,27.891613484647102
20170725,56.351565485455204,119.80348150921782,115.3748099765141,114.56264677392593,11.611852767662404
20170726,56.776574791764055,117.10894789747161,112.98406227629124,111.58019266562239,-1.0867218566076382
20170727,57.12262965422799,114.68199345041987,109.99904228979632,108.93427832968364,-11.479481365295012
20170728,57.42454663788791,111.90733676974259,106.77611033054825,72.58192343261635,-20.069580344639228
20170731,60.39434193743782,109.5284269913707,103.77204522879418,43.205518254591425,-30.102555428580835
20170801,62.876276742690784,109.01555922240559,101.96920042599062,17.612606109845625,-10.97355358564018
20170802,64.50524830597028,107.9545926069393,100.49670856318725,-3.20107295587627,-22.372547055021098
20170803,65.72312944866307,105.95920995877381,98.59334002991646,-19.75593703611754,-30.936710952040617
20170804,66.80302143758138,104.30515951866774,96.94720013611196,-33.39287887103607,-37.821587264316086
20170807,69.94523295968057,104.64728504931685,95.98848419867663,-45.964997107804976,-44.66606319001701
20170808,71.73062736926609,103.54577137307952,94.79645870079818,-55.03299091864156,-49.520256440385424
20170809,73.20399225285097,102.51165584709561,93.57175733594728,-62.39361277742569,-27.619825140427753
20170810,75.55391073097402,101.86335547032914,92.60357380930074,-68.71318812933455,-9.659927138865907
20170811,48.61254194878009,101.27643770477064,91.84947685644215,-74.09417894608588,-19.940362385830007
20170814,26.583158094671393,100.82589502333147,90.72949196696456,-78.48347223012082,-28.338322604340302
20170815,8.473014521281806,100.4953251151317,89.37516042507283,-82.04511133357806,-35.22479484008367
20170816,-6.350457217170074,99.55770023198734,87.54934516306075,-83.98324042171976,-40.81868609646152
20170817,-18.539075072475008,98.95388127436958,86.21014654430357,-85.81586056136891,-45.37651051458193
20170818,-28.776080047678935,98.11191408005442,84.73567492843861,-87.1148483793375,-49.195699919772665
20170821,-38.02185759999557,97.85432123877857,83.86816610135207,-89.16850533304346,-53.3738799287886
20170822,-46.952905236791594,97.76453897619544,83.53120678705251,-90.86400705469791,-57.30186432906204
20170823,-55.66228332789786,98.85653017605222,83.34272765177938,-93.29517771096457,-61.63417738106359
20170824,-62.81184018573733,100.33798777608918,84.01143077260414,-95.56829499939222,-65.21948863410242
20170825,-68.93676825796251,101.96421410674989,84.8265231509086,-99.09724023006224,-68.17916938134275
20170828,-73.80261492463555,104.33848250453347,86.04862758092357,-103.44910256038764,-71.44064114583438
20170829,-77.60844944341926,105.85972195554935,86.88030803973493,-106.2584686098483,-74.07712363282323
20170830,-81.3785989537706,107.52276903335704,87.50047646983118,-108.65289133378471,-76.37961228281969
20170831,-85.07381124329618,111.32982689277421,89.04284321834744,-111.8731594437663,-44.996533824710134
20170901,-88.09441521227825,113.93620843645861,90.11413426702175,-114.52053249570434,-19.0268092747729
20170904,-90.251719598677,116.02981310224204,91.24585526823566,-116.63812808677696,2.10722938706503
20170905,-93.5804996390047,120.67395956682832,92.56058135901364,-120.62542182411082,21.128113885617726
20170906,-96.16185362903776,72.78461624794997,93.96793901070733,-123.31134571253548,36.87179845694994
20170907,-98.33950144081696,33.54876219966958,95.15653430456304,-125.79822361417725,49.55145822603558
20170908,-119.97652302653783,1.8652441873257857,96.2577150169502,-125.84493097051482,69.10437208406904
20170911,-137.79514726346503,-22.93185509978753,95.27572433703685,-125.73579639164888,27.849294157725982
20170912,-152.5398459666153,-42.979498203493044,95.6018822041836,-125.56646342546486,-6.097982548069559
20170913,-159.85694701351943,-61.7559080063804,97.63189112451474,-127.4627865380637,-29.070115291799258
20170914,-163.78879607318046,-75.81301235734625,97.95784349733427,-128.4861735871502,-46.938728602383506
20170915,-164.83107925793055,-88.09612277430675,98.44475740163708,-129.87200608771244,-61.22085831688755
20170918,-165.6684114146311,-96.99807057105608,98.41795320809106,-129.63382063523588,-73.02062803234425
20170919,-166.4050743171206,-107.71214288151984,100.31523730670354,-133.481214091833,-83.0246886731552
20170920,-167.07723550920232,-116.67938534478392,101.60893681854755,-138.23562595376956,-91.13142905965326
20170921,-167.60894598138816,-123.20984416117219,102.17665674124704,-142.02936684443918,-96.84035888823222
20170922,-162.9557776817854,-128.72709209923602,102.71361558162383,-145.45670150236543,-96.65223695283348
20170925,-158.82420522025808,-132.25057690559566,102.88109204092605,-144.29754710748563,-96.62858081025792
20170926,-155.57801257912627,-135.68049000148113,103.54297259635807,-143.78798085934346,-96.72361228226087
20170927,-153.53278293461167,-138.7370365593487,104.31813362676688,-143.36377933631962,-97.43429310892198
20170928,-151.12342818748542,-138.69155186595168,101.75634944229344,-141.07195318365157,-97.40154412795596
20170929,-147.27931510852272,-139.91766417488896,99.89796592461808,-138.85596844831707,-95.59230795759692
20171009,-141.50503470600924,-141.41888468538417,98.01463108030488,-137.53937986539742,-93.32567923841148
20171010,-136.67494440059676,-142.53913960915892,63.95726450517078,-136.8572980820169,-91.46940906646805
20171011,-132.65180331217312,-143.40341404666873,36.215682500000625,-136.29915140983368,-89.92966171290752
20171012,-129.36047386774956,-143.2697894258217,13.941067374236676,-133.9706574992301,-88.77101208117197
20171013,-88.96855472942671,-143.94515853712872,-4.422721294853071,-132.7326800044599,-59.61484401315354
20171016,-55.9659009355517,-146.83622857413178,-22.193213733799315,-131.96380265843902,-35.821148587787754
20171017,-29.046649346000887,-149.46471524459022,-36.71126622399254,-131.3140963851136,-16.359369382118125
20171018,-6.287121765119078,-151.3834004961664,-48.194774834955794,-130.88217172590987,0.5045313930330031
20171019,12.462271691148368,-154.7702632343395,-59.99114097995861,-129.92139157443788,14.423506573934931
20171020,27.996106881422172,-153.04568960157434,-66.9048778145664,-128.0284691636139,25.804494786726842
20171023,40.4364375071069,-151.79206121532678,-72.12737586835783,-126.4320582928474,34.80035161676953
20171024,50.58539336027818,-150.6102139631589,-76.26533943964239,-125.10286488259553,42.2692165886507
20171025,58.897866484713134,-147.85354812807003,-79.74904391510701,-82.24051370983435,48.35804272038015
20171026,65.55933926668314,-146.0728457358027,-82.90955834370814,-87.2376226180429,53.04218605157666
20171027,72.0540244058077,-145.08035291213216,-85.69457195157851,-91.3716526046233,58.78836235461791
20171030,77.57648038052024,-145.0826988061931,-52.16035988075041,-97.61800713501343,63.52442494846214
20171031,82.33713052604028,-144.91715327874857,-24.80485653482993,-102.25653029313115,67.19971046992785
20171101,86.23345109986234,-144.62406903908519,-37.48550928096056,-106.02646860057487,70.15817700716917
20171102,89.774274482551,-147.6648490134094,-51.375060294507236,-112.48616505560092,72.79454107493893
20171103,93.69458349886301,-150.0469278393771,-62.260391911894644,-117.38389790951506,76.38641887050055
20171106,98.82186536350822,-152.1763063019585,-71.67120274676253,-121.37264546855162,80.58748003736405
20171107,103.00246457164553,-154.45411866941848,-79.65983654446019,-125.39981897946551,83.55472723954236
20171108,106.4957999517231,-156.4017306020253,-85.85297835045529,-128.39713389748164,85.98336069108836
20171109,109.18638842825656,-158.07786143149298,-89.71967922398537,-131.8809148626411,87.84562915506464
20171110,128.97045772678084,-156.77268932472228,-90.89244778863971,-132.21603430172524,98.77997273415086
20171113,137.2296324282615,-155.89378455040642,-91.77080419264122,-132.35526430637245,106.10899895469441
20171114,143.70805453015828,-154.2807639435677,-91.66995586583332,-132.23953822505425,112.1573702611882
20171115,148.58040208960685,-152.2270642099831,-91.5172909982142,-132.10810542853042,114.91704855505756
20171116,150.8303258152161,-153.8970881080552,-91.86944449413315,-135.4451879609369,115.9901527059749
20171117,152.3686391826303,-158.77867886220196,-94.06062136043705,-139.75385980336515,116.78936428918725
20171120,150.2336958366594,-162.02374949447096,-96.35617350944408,-144.50827251404687,115.13146610139117
20171121,148.3437752139091,-164.8638970936921,-98.40760709787445,-148.35323416792127,113.81416172568635
20171122,146.63472161647022,-170.92042994761542,-100.18454310701135,-156.93571880301042,112.35545930654536
20171123,145.5882826677528,-175.91723621179585,-101.59777447009054,-166.12499842046367,112.42334908731833
20171124,145.4773451675275,-179.25139181742253,-102.91617805198021,-172.98299467315374,112.98863772637345
20171127,144.31724193936444,-181.99189435597418,-103.49540346916508,-177.72331949989993,112.41952129064329
20171128,143.83395249101264,-184.33759131051022,-103.56917056800593,-182.52209932642754,113.16925321108472
20171129,143.01192660903982,-185.32404353449678,-104.15063318769911,-185.28013306286215,113.66893066384583
20171130,142.13235967781927,-186.17697748127023,-105.28623281179512,-185.1895863660668,113.76802347843275
20171201,140.78204777701959,-186.31660201601778,-105.6409148857986,-185.36576375030705,113.19908815261499
20171204,135.96000210264998,-186.02341574740186,-105.48260943160757,-185.5093598324454,110.02983234785154
20171205,131.8112194389126,-184.60586934181717,-104.2116219579389,-181.55460840830358,107.37467571000984
20171206,127.24382357469821,-182.66199331949542,-103.05168273555658,-177.00507492876798,104.34437120346442
20171207,122.4758853482024,-177.09510709644186,-103.45818250343314,-172.45600263354694,101.43486848648334
20171208,119.1764526176806,-173.67159803529228,-104.8912182421648,-170.25954168046366,99.89055695002293
20171211,116.5680592045603,-170.27848542433586,-106.58371498293143,-167.89264258032637,98.34363283825395
20171212,114.60708915645894,-167.1609406656727,-108.88747645847909,-165.7974005243649,97.06963724436031
20171213,112.99620669686753,-165.48649689154223,-111.5518112496481,-164.4404363006248,96.5394985140411
20171214,111.76177427726618,-161.94277352605408,-111.67856306376262,-160.7182570888613,96.11675220820867
20171215,110.72874759935324,-159.03398743522686,-111.30722430844614,-157.36108334902318,95.81498136038844
20171218,111.5227206141578,-156.07602308951158,-110.40169145451127,-153.52685367942334,97.75620059447323
20171219,112.68660040770553,-153.0907450773794,-109.73995037039255,-149.58488222352247,99.59692723829521
20171220,113.49464525100012,-150.8847570498904,-109.14321463624671,-146.93114633796267,101.03320622481817
20171221,114.01131098728304,-147.32211015041136,-107.45807502398104,-143.02042261923208,102.059165385507
20171222,114.95347401073694,-144.18302359313765,-105.9694472641828,-139.40671940827733,103.19262474667224
20171225,115.91012612204479,-140.67604321747194,-105.17823309614995,-135.3668320978501,104.56741600934069
20171226,116.05310276683282,-137.69603955931754,-104.7479375968954,-132.0594866615339,105.00227349585973
20171227,116.24593316719404,-134.48019357754882,-103.64816564183738,-129.3865515306759,105.29737665073526
20171228,116.1338032303475,-132.37198070681572,-102.66758230522949,-128.0782649019,105.56192285449103
20171229,114.60255479342726,-130.852306091381,-102.26765410440399,-127.0014685052431,104.827052465787
20180102,119.66166144874337,-126.15757097285065,-100.38203997056397,-123.07828538468324,109.64225091865562
20180103,123.51817331865959,-122.99582841815088,-100.23761171803244,-121.17488263015068,113.55481151975647
20180104,133.27921836823975,-119.99432775260013,-100.02368756704875,-119.54913567960314,122.2890944086118
20180105,143.0609863694353,-119.85005196989388,-101.58820517736949,-119.23099473545481,129.52707744333895
20180108,151.03273783758593,-118.82064179406837,-102.33422220298469,-118.68730768622164,135.15580950567164
20180109,158.4244028591925,-117.69673645715775,-102.34426894782942,-118.34286502293217,139.31314687681106
20180110,164.41091528447984,-116.92932465910363,-102.1097527716542,-118.12244908827795,142.57311841340393
20180111,168.89848462670844,-116.32364778529819,-101.92024133450612,-117.9258607437972,144.82971684455913
20180112,171.6398095462095,-117.00119393256388,-103.12229085708631,-118.75157778729974,146.56547011483738
20180115,170.67569705491306,-117.54937154722514,-104.25708575987483,-119.50403750948531,145.71263349475709
20180116,170.01849183602502,-118.30713624263183,-105.55632487017385,-120.25945050835668,145.87168711609874
20180117,168.5908045768103,-119.45569112978893,-106.49618213688568,-121.4161837602674,145.4702694527693
20180118,167.791324086278,-120.31344333647598,-107.06194950097381,-122.28150762719198,145.78654961324142
20180119,167.03238667769466,-122.74101235723911,-108.56928251021553,-123.7121373446648,145.42702197464368
20180122,166.3462779906957,-125.09855563175341,-109.98037662140858,-125.78438735687115,144.96309267677904
20180123,165.95810402905,-127.39393307840878,-111.57394834592822,-128.47970432128113,144.62429288544845
20180124,166.13525411427005,-129.19947984109297,-112.68231084856855,-130.30781126256636,144.8601536606083
20180125,164.63713527375745,-131.27240836358874,-114.43580779872052,-131.82256856064913,142.50999171773563
20180126,163.8729844447883,-133.0067562143277,-115.95593924122362,-133.4917542153817,140.20618932331595
20180129,165.1184940085144,-134.81019656860596,-117.11513494596548,-134.91142681969959,137.68078839303442
20180130,166.03183246416307,-138.52673883252518,-120.50264516020204,-138.453716221335,135.65455370418897
20180131,166.65056050194377,-141.0355248198082,-123.24324162053891,-140.87262960929914,134.01609881109803
20180201,166.32697536771803,-142.60563223728988,-125.32819124022798,-143.5077551811631,132.85583168053847
20180202,163.5629661655119,-142.38403215945425,-126.66597032139612,-144.2978895333704,130.62475068762868
20180205,161.4270019548239,-143.6703850286783,-128.28964875215692,-145.18983972640845,129.13459238432443
20180206,159.8147265752956,-145.8263914158412,-131.7594382863601,-146.043071970987,128.09277171725662
20180207,155.58055674160335,-146.76716354685846,-134.4712729684483,-146.70855415872126,125.96208204275432
20180208,152.54583745576943,-147.42049967893888,-136.54436865523797,-147.17985223205017,124.8173604577703
20180209,151.39003825245703,-148.7255859779673,-140.15303275526608,-148.1762082816768,125.123862870336
20180212,149.22952160812977,-149.3559024435754,-139.69553374271476,-148.96982356968417,123.38923244529123
20180213,147.544316694773,-149.8472025361646,-139.549748481375,-150.75318684503128,121.75456431694835
20180214,146.25362043981568,-150.30513824522038,-139.85479867488561,-151.4382773436411,120.44900151024585
20180222,137.15144143028937,-150.44173411424157,-140.7168044882513,-152.2334917001065,114.54696128185375
20180223,129.64658025910924,-147.8518315151141,-138.42298752964965,-149.44909079943736,109.70228522456524
20180226,123.49640031242325,-146.9047818562754,-136.74880450549898,-148.03076112471481,105.73104227006019
20180227,118.4866251876681,-146.06688854821226,-135.3950142453754,-146.91704368404993,102.42650712410862
20180228,114.8541067840803,-145.18234712267244,-134.18182499284165,-146.1522314754369,100.09952375284632
20180301,111.43824015244117,-144.46198019912106,-133.2154760815345,-145.52072506377823,98.53125090602535
20180302,107.5525952198973,-93.52078749043125,-130.5052558995666,-144.37089814873568,95.90674883543892
20180305,104.31612640132509,-51.75900861024433,-128.45094955886617,-142.4799633794393,94.04590462739078
20180306,101.76186876476525,-14.429330036600808,-128.2581331176915,-143.27731396579307,92.42692903720884
20180307,99.4974571491264,-37.889188338141565,-127.36825770274677,-143.42044643357437,90.89812729650662
20180308,97.94342451940321,-3.6546758186639825,-125.72379340701875,-143.73775842972162,89.68719367423778
20180309,97.28063265230267,24.650018971891324,-123.59338732327815,-144.3407779102112,89.24073631945699
20180312,95.49190958412868,48.08452498113649,-121.83900672653674,-144.45374548921677,88.44732353365674
20180313,94.15008042168981,66.84271826618814,-120.03007326085614,-94.8366907633259,87.96710076769092
20180314,93.35466807318868,82.58779473659304,-118.61209512804581,-54.33524818558929,87.8596753097745
20180315,92.28258465467984,95.04132074142616,-117.46945071404203,-21.265715010467865,87.03528427888831
20180316,91.26222020870925,105.50026394585954,-116.53437407013392,6.093041474510992,86.41292934683965
20180319,89.74668720395464,114.30349099191402,-117.33697783711892,27.54621630771165,86.20120898628316
20180320,88.35328308596586,121.12004583650187,-117.86210744306636,44.87193595567611,86.05966184742509
20180321,87.21516960904619,126.30155322501437,-118.24390510149092,59.35524500237794,85.92619561253092
20180322,90.54489462861409,129.6274598457371,-118.32216448846735,70.91252369213633,90.91861622140912
20180323,92.36138798079504,136.87613923746366,-123.33346653469343,83.32601638860979,93.39355152117793
20180326,93.22312609568536,143.24972953596708,-128.33720018699464,93.74058362335974,95.26609306970335
20180327,93.23689921183282,146.67990411181862,-132.40768508368822,101.92809712966528,95.87162271020006
20180328,93.52175056573269,150.4021835558278,-136.91935797939334,109.0252677781894,97.06439525800837
20180329,94.2728988940802,151.4303706385037,-139.03861326994124,113.85428495573802,97.82065839552187
20180330,90.51444804293992,148.84025744311208,-140.1989676017784,117.45047690946755,95.35227082977626
20180402,87.47486531760227,144.1154348637698,-138.37397412067475,118.8609230509486,93.24839807667404
20180403,84.97973142532038,140.29073428777625,-136.85290998670183,120.03858290035173,91.4852667434676
20180404,82.40593694505178,137.00673981410614,-135.63943608386336,121.89477287047166,89.37826483433487
20180409,79.09896946934803,134.5688383047946,-137.01736122245578,123.2660683875843,85.69931092386896
20180410,75.68239754653084,133.61754080618093,-140.86066554499817,126.2408632745599,82.52894675668178
20180411,73.19737547151844,132.02600418776103,-143.51442346603898,128.61647722301643,80.10293424970854
20180412,71.00604853309873,129.8329798294609,-142.7083009068796,131.90422639763355,77.92755355850144
20180413,69.21636253949532,127.97963981053094,-141.7428401425118,134.63095938162525,76.14318347700534
20180416,67.73349635938492,126.33295537790443,-140.51283200191835,135.84829971028495,74.92964110547484
20180417,66.35376086636181,124.93978246077803,-139.01535455876603,136.87269732524382,73.77428525411366
20180418,65.32400857284216,123.7458686881676,-137.7340928906148,139.53389922177072,72.74463884455788
20180419,64.48762950780466,122.82469768189269,-136.76364929279936,140.3441284074631,71.9057109392458
20180420,63.80100979495116,122.30753398774111,-136.39451908558053,141.6979325050957,71.24594685682808
20180423,63.088592740157196,122.52119219682845,-136.52919812523106,143.48778896333909,70.74577651891191
20180424,62.62241328577354,121.92142613890258,-136.2002050725306,143.5474780682319,70.56597209225727
20180425,62.40337633283827,121.66012019257884,-135.81373307238655,143.4002876100443,70.41846345209824
20180426,62.28924928018805,122.07218879547715,-135.73294821034042,143.32922763277125,70.6330717607287
20180427,62.217299516182976,122.4095760801471,-135.61362333205278,143.03020583884248,70.79312235384592
20180502,62.03313716098116,123.93330618043225,-137.7303879890337,144.1111395099619,71.10515868698198
20180503,64.90732945480181,128.9180691043961,-141.47116841439998,145.6390898230125,74.99797928052726
20180504,67.16500470591916,137.81825397823903,-149.11917850703125,151.1531492363607,77.66121261177523
20180507,68.50054164250831,143.62827895436584,-153.89276417759365,154.73691509677568,79.51085149926193
20180508,69.60050324056476,152.34033375403232,-159.23361315374837,158.09710954657652,80.18540360950284
20180509,73.60609685860206,157.9339681719966,-161.25249750196733,157.72075830243136,86.3443337255195
20180510,78.45272668837669,162.31253222162496,-160.8329456173868,157.42390348097953,91.38018373018741
20180511,81.88853003126228,167.67229039362402,-160.74484652064817,157.32641993394023,94.11453003793099
20180514,84.26694061874129,174.43831439147766,-166.72862882382216,160.3046900117661,96.15838440404855
20180515,86.33129632518902,180.18613097429997,-172.2159631355936,162.75434969722735,98.1689089970802
20180516,87.19272528799124,185.55815585838585,-178.504831338181,163.3552152765525,98.37723752227538
20180517,90.24109512445064,190.19674715758637,-186.82774086686075,163.57337999664352,100.23529737750803
20180518,92.99513763233799,189.19119674424692,-188.26541697300354,161.19112793811908,102.0165763262258
20180521,95.2133724439936,188.45272483373984,-189.63549232612638,158.4733508857014,103.39842668152636
20180522,97.44722121379701,187.62128710642213,-190.26475884019544,155.42076090849085,104.75677564402133
20180523,98.64494336819898,186.96674196802905,-189.98870082475412,152.74570839745937,104.07410185252397
20180524,97.04867470406936,189.81461568079956,-191.58609693933934,151.62300282212232,100.85059157848254
20180525,95.77661286787348,190.9789218857656,-187.71279853020826,148.50779240084543,98.40132352930554
20180528,94.70054950182289,190.84364872149337,-179.28718042146662,146.17802657906154,96.2755704802998
20180529,93.09470599765669,188.18254481550449,-171.916002237495,141.5477602816369,93.87623503056199
20180530,92.9775159541465,185.71924969457496,-165.82433366205964,137.3122740575389,92.20972918365065
20180531,92.80196567576795,183.9059231138087,-160.9054905397876,133.65838438820776,90.75265919896889
20180601,92.55140926906115,182.47888701475767,-157.5913416681106,130.89682434418123,89.75114350655534
20180604,92.82537803280476,182.10181296725546,-155.15267483627142,128.35369933257667,89.00721660243794
20180605,94.51522875197544,180.0751170827795,-151.55404623643335,124.14366337084131,89.90032201630831
20180606,96.1206017085842,179.40244018250078,-149.74350451179632,121.33587848964895,90.637390844126
20180607,97.2540540091452,179.06546263008033,-149.76469746340823,118.9882308616731,91.21680634045073
20180608,95.41862209664656,174.28014201921528,-148.76119761251022,116.15194979798196,89.52148048917752
20180611,94.21256273832255,171.49334005668396,-148.1478407835059,113.83159102837433,88.31589235289833
20180612,93.19404948515039,168.57757335313912,-147.0477323017614,111.92573905202416,87.32571923203064
20180613,92.98948740287103,164.38601139846466,-144.25854651204972,110.94034209174698,87.38628830727987
20180614,59.35542347678967,160.61463245604733,-141.8386751635885,110.14701179218658,55.58708154426055
20180615,31.806638830008875,159.96063465686464,-142.54862106173854,109.88436507269168,29.56801513535145
20180619,13.202901708723623,112.90729106595478,-132.2025166299895,102.11580598158483,10.751991657272312
20180620,-1.9797104367867229,74.65218523619903,-123.69496852623875,71.54767740478405,-4.640873687411019
20180621,-14.248394626820712,43.369643728153335,-116.29409862123997,46.57142094837622,-17.597051154796695
20180622,-24.738156043068035,17.58222105309667,-110.34707201877416,25.859306961125156,-28.456285537411425
20180625,-33.09453454363564,-3.402745463913295,-105.52016664529094,8.831627168627065,-36.96563303258318
20180626,-39.44614978089838,-20.6915997984926,-101.79574701504714,-5.081378521932058,-43.544298429512224
20180627,-44.20302003296416,-34.7886590790789,-98.8366801096562,-17.157831609991145,-48.44575570209923
20180628,-48.2520828293006,-46.59322638094881,-96.26111523670198,-27.407985956718147,-52.62267249535623
20180629,-51.66790969001951,-56.175516521665664,-93.87060600141612,-35.75498766353088,-55.71155745139154
20180702,-54.357528473354726,-63.924287916473865,-91.84961928743952,-42.538799833515625,-57.61275060529498
20180703,-56.339662040003,-70.41285105589327,-90.20427771924,-48.08380612268849,-59.061958553366594
20180704,-58.03907140317684,-75.92524576876842,-88.83651103616464,-52.93478731964773,-60.190852209743014
20180705,-59.431450840956096,-80.35601755085264,-87.66875615451892,-56.84682198001331,-61.08891792328545
20180706,-60.49571746012342,-83.87135784281905,-86.70232316329725,-60.048956392928154,-61.94198088148399
20180709,-63.20200655773327,-87.70161052979772,-85.97263166226396,-62.819643668895516,-64.70824696114015
20180710,-64.99980545483461,-89.77700113994146,-84.68856660028453,-65.05153354883045,-66.96656945258897
20180711,-66.47346488625176,-91.55390463796417,-83.6258580962241,-66.81562323362925,-68.7333398064219
20180712,-67.66259753428629,-93.4915842104826,-83.09268915172954,-68.24858283634835,-70.03792841812336
20180713,-68.42378617064483,-95.03435014298503,-82.56657183855765,-69.24192106469981,-70.99744908181383
20180716,-69.09372288510006,-96.34320061756844,-81.77198893418338,-70.38792588329532,-71.77188834818611
20180717,-73.42032144613513,-111.81812818555721,-90.39933441818367,-87.1080425947108,-74.30664678229763
20180718,-76.95389543047271,-125.62052143613757,-97.77240901136842,-107.60864872242131,-75.77902110659936
20180719,-80.17426060216715,-136.3721169493057,-104.2700259998588,-124.37517758213417,-76.98345750927966
20180720,-83.79740358795256,-144.49086542739983,-109.2718757056238,-138.2474019303786,-80.3888452010571
20180723,-87.2846981237939,-151.1331238886675,-113.08767536343414,-147.87985540881533,-83.29388567203173
20180724,-91.88248136172204,-156.58884471206196,-116.48740857812159,-156.6874616055177,-86.24642339473849
20180725,-99.62372874231714,-164.60892109703565,-119.66919594552688,-167.8427164360769,-90.72415489818732
20180726,-57.477068280343694,-167.2170470546104,-122.42271571544234,-172.42102927978695,-93.95323284391756
20180727,-22.81887007366726,-169.03951644650007,-124.27787765205954,-176.3252590682773,-97.92496055606934
20180730,4.541935457912088,-170.21048397471597,-125.99233744314792,-179.74775057888255,-104.41729907384895
20180731,28.153315641254533,-171.15751596983355,-127.38928721625098,-182.3033199611948,-110.23147336322079
20180801,0.23588356745884473,-172.1542936046033,-129.22305241140532,-184.3486034881218,-112.50977402509342
20180802,-22.398449081843843,-173.00440285878244,-129.93110963770144,-186.62317647822093,-114.56872334783003
20180803,-41.11001530971827,-173.57419047844434,-129.9161186268554,-188.07462755121023,-114.5789669228984
20180806,-55.11993308546242,-172.70070286820066,-130.24987549353315,-189.31977145759421,-112.47620656967159
20180807,-67.71338701042133,-180.76126651625577,-136.0195102584925,-185.8078691589128,-110.44371573564148
20180808,-75.47682315297078,-189.22383296599537,-142.95926523868303,-184.11276929804706,-107.65564062398268
20180809,-82.14434328608648,-195.78434246405658,-148.8717752526346,-184.40014648761291,-105.56574324072528
20180810,-88.60327225718979,-205.4068783317478,-158.43908052797417,-195.91764711651683,-104.0338735858942
20180813,-90.32065633368691,-207.18800888829682,-163.3328170746278,-197.1051436326863,-100.7249695452286
20180814,-91.23386594783157,-208.69925305249726,-165.756008884948,-198.11758972922186,-97.41225067329815
20180815,-91.9082823597349,-209.8656452622064,-167.82636106311637,-198.3816946562353,-95.12816971609364
20180816,-91.31912289208924,-207.30182639257725,-168.23162997927778,-196.48729734617766,-92.61463654937306
20180817,-90.80761083487107,-204.98148866917444,-168.4753883075143,-189.94197057178772,-90.47543584593618
20180820,-58.771116034208276,-202.86551414996265,-168.75433174695735,-183.38864289924135,-88.52221840379916
20180821,-32.55762611232777,-201.16119665203638,-169.09090255035025,-178.22727627486842,-86.92287734188525
20180822,-11.086382593552983,-199.4781550286876,-169.65098368954324,-173.70061820441566,-85.54273341652743
20180823,-23.005710788306697,-201.32932552629543,-169.7497330428279,-168.60303368475863,-82.94878265766857
20180824,-32.7595709020773,-203.35398936528296,-171.49814290414284,-164.2505384571873,-80.89582548213068
20180827,-39.9594120640994,-200.03736160776324,-167.47056669858048,-157.9143606354113,-78.58470046174513
20180828,-45.81443858238488,-131.4991332209452,-162.16142927692198,-105.47883659695248,-76.62701569487774
20180829,-50.771377554241134,-76.90407410988269,-157.18205581534585,-63.65490567561029,-75.46283203588439
20180830,-54.4714008345592,-32.35401370616075,-153.33119969880445,-29.688094044322163,-74.31433248080162
20180831,-57.65471776362457,3.886768587756522,-150.61918235100723,-2.092757072223183,-73.70744151499174
20180903,-60.38979356747898,32.87346999791303,-148.3467868010806,20.099372100119226,-73.84830391786875
20180904,-62.730041988821526,55.66567179599891,-145.1629349309367,39.45630321980751,-74.02257061942844
20180905,-65.68496893072943,74.21545444297548,-142.551902162238,55.428219987673884,-75.04054524057379
20180906,-68.06942175390259,89.59774382396287,-140.54656697625916,68.37233676251662,-75.67230722688292
20180907,-69.99663801767613,102.33355266142969,-138.30366201146907,78.90853734616934,-75.92898737143655
20180910,-71.81845897898108,113.4690888115142,-137.0062200323297,88.61558483672604,-75.79090541542584
20180911,-74.0929629821405,122.7011158821992,-136.42434556012154,96.3522201027695,-76.37444948934892
20180912,-76.32405470745255,130.2802353870407,-135.24767955069413,102.84050950668174,-77.13645062752309
20180913,-77.02771985984317,135.44183285301142,-134.69504188664595,108.56095094910992,-77.36041541083192
20180914,-77.44567391899973,141.07298098324912,-135.7256059509097,116.7405144578992,-77.41726596372261
20180917,-77.70852944598337,145.53370448500934,-136.93744521020915,125.21188975519144,-77.57245796273548
20180918,-77.81647222460917,148.82789389686744,-135.53212627354137,131.2023174987481,-77.48042351402097
20180919,-77.99060955017218,150.59314172029048,-133.96329650354284,135.54306369773852,-77.49858187983337
20180920,-80.18891054085954,151.75504758521592,-132.15297759499614,140.3221942566247,-79.21062210849004
20180921,-81.89453936984108,152.65002625990437,-130.51390125283993,143.45372754943304,-80.58434585581445
20180925,-84.85854138942115,152.23630743831092,-129.94115517892303,147.92472784307802,-82.19414684142193
20180926,-87.27685023029395,151.19573658298535,-130.15181548999283,148.4942740564337,-83.49210553690658
20180927,-89.1193354199917,151.43064875797592,-130.88092475964302,150.15162452160948,-84.39887403170735
20180928,-90.7178743037162,151.58037033623776,-132.0012818948407,151.99288522998796,-85.23980525430039
20181008,-90.69440321972195,152.02648733411033,-131.25917542552858,153.69453559656503,-84.1643850569514
20181009,-90.62811177187879,150.84265166540735,-129.50296745653185,150.22292046389254,-83.1903133518875
20181010,-90.89437458816165,150.79225538425192,-129.55984895151926,147.5633995484809,-83.09826089290189
20181011,-90.90006460612476,146.65467941500364,-127.20028358873236,142.78256916655064,-82.68191852589547
20181012,-89.5129746694639,142.83900539376762,-123.09133020069089,138.5033274351875,-82.13138696283632
20181015,-88.2656347272675,139.71712598639988,-120.03835035266941,135.04330097750855,-82.75289558614087
20181016,-87.56971078861963,137.1157770346433,-117.74859501978095,132.42618570849635,-84.07336732208705
20181017,-86.97634216233462,134.98049143340168,-115.67376476314296,130.28197323433164,-84.9265179220664
20181018,-86.38564161734608,131.441409384547,-112.9777949685125,127.73273726610854,-85.85695890738627
20181019,-89.56566129317011,129.3350692814913,-110.72508682011393,125.54914289582135,-89.39104573446552
20181022,-89.53131052583296,127.60001686975066,-108.50446560301901,123.53950882310511,-89.14750365254663
20181023,-89.71302450498624,126.05698228799719,-106.68508794045849,121.67643936102905,-88.99144012042589
20181024,-89.61558793203241,124.30521090156284,-105.5350167371343,119.96133395195316,-88.70308764289102
20181025,-89.28472066436932,123.1052246323261,-104.65032332649389,118.97923698374791,-88.07568096275266
20181026,-89.0760842834866,122.23696884648658,-104.40484509288083,118.21829980080744,-87.16351509673386
20181029,-88.07147153342684,121.37101300834877,-104.4332090838418,117.80115017209103,-86.18791943982735
20181030,-88.35987245166562,122.03304457930889,-104.48626508251338,117.8496244446044,-85.14665788049359
20181031,-88.68102559246319,123.89486614365775,-105.06455036808183,119.61383429436452,-84.29595056458459
20181101,-88.62895734779073,125.40484334109546,-105.3362565526493,121.21496465977809,-83.34848872583807
20181102,-84.69746480225598,84.42279425251375,-104.20072947748253,120.11239050895297,-79.501578831144
20181105,-82.37105165235748,52.00220788948991,-103.8388956025558,118.69356988160509,-77.36377011872777
20181106,-80.74517147565685,24.20235117750341,-104.61513733161604,121.88779408591951,-75.93940803774187
20181107,-79.13231896439346,1.2473746187302412,-105.285876379104,124.68172972059587,-74.74281901029899
20181108,-77.65392035743879,-18.491304802885566,-107.22610642683051,129.3632081671531,-73.21209392123512
20181109,-76.66215352584423,-35.43785840501958,-111.73741559778972,134.8983270751746,-71.9573791758928
20181112,-75.84080642046082,-49.13859127987984,-115.85504244829028,139.6433085995189,-70.91564567977026
20181113,-75.17267822704066,-60.438212749907485,-119.21448621455107,143.57764704456673,-70.08222783561055
20181114,-74.77422334071662,-69.17697428128704,-120.05804806092956,145.66444498516594,-69.39907455292798
20181115,-74.44471997324452,-76.52918977050301,-121.24098874580334,146.81961722918237,-68.7541375492156
20181116,-72.06203118170627,-81.41827554485478,-122.12396780945525,147.6942249261985,-66.80525014958343
20181119,-70.36776075242413,-85.51816685907708,-123.93717934374642,149.63211181523374,-65.57494323502748
20181120,-68.98153949210237,-88.90106546334202,-125.51859860757486,150.21714298874872,-64.56717620227327
20181121,-67.75650882144473,-91.50343396902083,-127.32481187656664,151.12129566931245,-63.45842891059338
20181122,-66.75953192579969,-93.6361167030245,-127.76183139231098,151.54410042753014,-62.55430703855559
20181123,-65.90250083730007,-95.43053757374673,-126.54189924302274,151.16530078790902,-62.012765016387455
20181126,-64.86901646849621,-96.82164837090154,-125.95604247368803,151.44700001664737,-60.74714491386095
20181127,-64.07877316586149,-97.89853234847452,-124.13661623570587,150.75997142235443,-59.85392821892688
20181128,-63.1350564504817,-98.70044273300554,-121.6014774796814,96.86045188151132,-59.05153131656294
20181129,-62.37330918360649,-99.32574689174112,-118.15890338956635,52.761216512644246,-58.415691243816106
20181130,-64.77244715874852,-105.93782291644965,-116.151090445863,12.11011450095623,-59.77775042357799
20181203,-67.05113171553634,-114.42720022490526,-114.9678318483394,-21.748680767535532,-61.11826902075084
20181204,-68.64384709261431,-121.32734537832462,-113.94539276640522,-49.173012644469594,-62.14125710569012
20181205,-69.90108309474975,-127.05644917576164,-113.06985830641166,-71.43516999396103,-62.591025176622956
20181206,-71.30164751368564,-132.75256194640212,-112.1677824683549,-29.052554527593887,-63.44916680165757
20181207,-72.45748466072727,-134.099727946698,-111.70270028864805,6.653198850263296,-64.14857513529824
20181210,-73.1838750142112,-135.28237247998715,-110.75799135143505,35.679700094971395,-64.59208115117787
20181211,-73.81973729413903,-134.6211707848599,-109.89368724428536,59.44093899320422,-64.93083971522972
20181212,-74.59494221749003,-136.11721186906135,-112.1961860567037,83.11257352582861,-65.16072839659385
20181213,-75.37854729742769,-137.8587191017938,-114.16805894439406,33.34892508652052,-65.5657188032812
20181214,-79.24145906582004,-141.69525756729925,-115.86716243411831,-1.9651918894238491,-67.18805916950687
20181217,-82.74049114439957,-145.0246056190171,-118.94751649329542,-31.17388794507603,-68.50639944400635
20181218,-85.3593392082146,-146.01613024381882,-121.41599538417833,-55.58809444631075,-69.50961277542116
20181219,-88.72973721419227,-146.44520340773016,-122.66408124302959,-75.25917457380804,-71.43780588179848
20181220,-91.51375565602511,-146.98314875211636,-123.76223158076768,-87.3615107207894,-72.97605088889023
20181221,-94.31747847874436,-147.4635930170413,-125.23716220047518,-97.66721796365503,-74.96777265064924
20181224,-100.06003357002281,-148.18054836678547,-125.46566379727234,-106.07358027675907,-77.91794703154322
20181225,-104.65842312101776,-148.43790293317673,-126.34498172778504,-113.33780625769008,-81.3983840248215
20181226,-110.61826557037365,-148.75083054012075,-127.84775953526628,-119.54816094384329,-84.66760369932501
20181227,-116.5777537620687,-148.87477618719444,-130.39931766482857,-124.50561534282453,-87.37331499649626
20181228,-121.41309853516083,-151.11595856815117,-132.45846602818847,-129.85385310489147,-89.59727858658093
20190102,-124.29367753775969,-149.0185255189911,-128.20269641005876,-133.2335449102013,-90.91414052665255
20190103,-128.42083867593166,-145.50748078163937,-124.52132402980855,-135.76404126269333,-92.08774239901686
20190104,-131.59463530940494,-142.54981611973798,-121.52713370701676,-137.83244994763075,-92.78826839030489
20190107,-134.19371620578676,-140.12638713932327,-119.14743679127893,-141.49902212600864,-93.76130483262169
20190108,-135.65684350720295,-139.94935631939757,-117.97108566028011,-144.32542053232388,-94.584968192219
20190109,-138.5839138424532,-139.78062953556528,-117.30443209846396,-146.57505103958124,-95.63818780952482
20190110,-140.9776519568345,-143.0093433282927,-116.14164575307687,-148.43935418861705,-96.50799873971852
20190111,-140.43934848428216,-145.23975254397573,-115.20266604620907,-151.22356452808788,-96.65405698967635
20190114,-135.64082100458583,-147.53593336519907,-114.43455064113196,-153.00849951960348,-95.75786688434027
20190115,-132.63846443595418,-149.73114933362902,-113.54063493442646,-157.20646874138117,-96.16824988498216
20190116,-128.70040708150833,-151.30901997721762,-112.94234647035171,-161.40270478910764,-96.32854603008255
20190117,-125.86634065170502,-151.56312760636507,-112.40462264811238,-164.75128961743042,-96.32728832866404
20190118,-122.89093943832374,-149.97864493756668,-110.34626518924382,-166.37196138331907,-96.11752934403836
20190121,-119.69742476975682,-145.7941648339644,-107.70820580150102,-168.90618872441084,-95.10015961195272
20190122,-117.16819599031385,-142.34028929541788,-105.34699599649116,-169.62436475896956,-94.09714552199308
20190123,-115.5049496647118,-139.48501826577905,-103.92430752972253,-170.28365164757375,-97.19132456806588
20190124,-114.00681551173949,-139.07275650130222,-104.60857918119098,-173.02010897403528,-99.6964111040328
20190125,-112.69408719407384,-138.68864208639684,-105.09588852086094,-175.20705998493258,-101.09274122186491
20190128,-111.65612265891312,-90.2109877228318,-67.07145323824473,-113.19124890172992,-102.29629915148678
20190129,-110.48900199360426,-50.33010225043545,-35.929401283508945,-62.45029010853473,-102.5385602805721
20190130,-110.04055485549267,-16.945933053943566,-7.1967140701436225,-19.94877457207746,-103.58345112121212
20190131,-108.54118048560187,10.819361121204624,16.121683981884562,-46.544596380165515,-103.93788570822483
20190201,-108.67944957459915,33.46665290803917,35.19316215876895,-68.18999831749652,-106.45095980519027
20190211,-108.40884602432469,52.03620222602634,50.72987256474716,-85.48184150269907,-104.67735197171841
20190212,-108.12555500590696,67.59858853734998,63.635828362285196,-40.211370828961016,-102.84648941230296
20190213,-107.85528354125776,30.272780019059525,74.19726982939025,-2.770349407558473,-101.3563473985159
20190214,-107.51129186145339,-0.38293088784449375,84.1830216694636,27.966785951074,-100.08006931229606
20190215,-108.13976643648411,-25.140097397093776,92.223711714626,53.487937436817354,-99.15880132064765
20190218,-113.44037916808858,3.4041265476950437,98.79210572492339,75.7248085675038,-100.0994829530512
20190219,-117.99196046151474,26.465482244356394,103.71629666743686,91.5627367910992,-100.88446276328048
20190220,-121.22888280147137,43.590010634228996,104.1788543355526,101.87343544770204,-100.16474270031365
20190221,-123.86372817333742,58.362360685873526,104.7494644132057,110.10577260783757,-99.6967552424896
20190222,-126.7379181775871,71.95083865023973,108.47042136161357,117.40591302928256,-99.44798848278563
20190225,-129.55177962722752,86.9135465678736,113.36045227006004,126.32677002170723,-100.01532590419772
20190226,-131.78902426999022,95.71331947958633,113.86438343740473,132.00411006062652,-100.60348291460923
20190227,-130.73532243263017,102.84982052837888,114.59619716824962,136.6731789167505,-100.10030275825147
20190228,-130.22728787414715,108.66216427020207,115.81654220704982,139.90964274804742,-99.79601023800106
20190301,-128.5227891403828,111.16716541927664,115.100978283314,136.30581596765342,-69.0035914241015
20190304,-125.75852577666662,115.89726570480268,115.40702834406709,133.68506564484542,-44.05361532765005
20190305,-123.57714587078546,119.71496549440592,115.58285339448169,131.4670261939262,-23.452965040088724
20190306,-121.09220756631964,123.03574704416442,115.74629809756004,125.67792948234087,-6.665747943668946
20190307,-120.26378904984996,123.90145062918286,115.69584938939735,120.88476830662057,7.242219104943914
20190308,-119.58601115967778,124.607995211063,115.59410684571237,115.74677046382196,17.796545242510735
20190311,-119.43845794193696,125.31421321863354,115.50823876846069,111.74081180492342,27.185862091140947
20190312,-119.61766371680466,125.63397646001768,115.39803600717926,105.03257105581187,34.1795630401253
20190313,-118.83639736108773,125.44841514291467,114.22060280207371,99.02132714332137,39.902752523376705
20190314,-117.05266563104729,124.98501233358401,113.13541543219006,93.90777617811696,44.57917131140151
20190315,-116.08181297134429,123.87815862337327,112.21968294555934,89.8117313831333,48.62340719672798
20190318,-115.09597542899007,123.55557058019632,111.42302301013362,86.25039246801319,51.857165953845445
20190319,-114.20986229963765,123.95216156166022,112.38468544535083,83.5068792426427,54.51474451877255
20190320,-115.69060320199279,124.76791619285055,113.78926339199235,81.48077274759582,57.26128981798737
20190321,-116.902197594204,125.48506054443955,114.93756783226179,79.89094272786441,59.495017550641
20190322,-117.7189963689373,125.75754073394195,115.87809936668864,78.37622777608581,61.247452039942104
20190325,-119.26673978312677,125.5978440170998,116.68891708197117,77.13383270007552,62.7096719338775
20190326,-120.53555140954236,127.18166352120096,120.9783094597614,76.57365861335478,63.90774651468633
20190327,-126.02232679704848,127.87313381121402,124.3873928710142,75.94534966572763,65.46895504345169
20190328,-125.18934240863058,127.85952757229816,125.53987718243675,73.89751233287174,65.3976997904122
20190329,-125.4748986553109,131.52333557329789,128.23362921761932,72.80984103017565,68.938872381905
20190401,-128.24785648553708,135.242783631755,131.50387809018338,72.15056815981329,72.28707268568331
20190402,-82.7631452668504,137.80030013838604,132.26877323233776,71.58678086777763,74.0118592928203
20190403,-45.01649700971411,139.266884645462,131.65424794737453,72.30679364647897,75.57534741921431
20190404,-13.803273111804803,142.28436038446713,130.6309311588727,72.96742917053263,76.85472550703878
20190408,11.751242719096796,144.79486077873656,129.88810661177214,74.48279227934329,79.99565383585202
20190409,32.11284230552878,145.9048533574048,127.05683632742966,75.8346759809019,81.9529458465888
20190410,49.13574743272281,147.41759319474667,123.78884404826505,80.53923067692537,86.01185973008585
20190411,63.80546371715266,149.1948294058474,122.62101296382127,85.71422267448926,89.30325494007366
20190412,76.40578833044128,151.04614642353633,121.81047013300088,90.69457606779224,91.56449566516018
20190415,85.18942923609497,154.58801803273502,121.00349215762148,94.24983535968344,92.45629918295562
20190416,92.75954249078958,158.55029836882213,120.2522075496857,98.21369923519961,93.52185133687776
20190417,98.50841312735261,162.25231271492973,119.58317161045777,101.61056991116152,94.1964553904971
20190418,103.17325055132272,163.34329896114716,118.04343746783704,103.93552494186851,94.82302624883697
20190419,106.99967721580968,163.71661724014837,76.64183624163313,105.83883777331314,95.04774646419686
20190422,110.50928411671659,165.29287458961733,42.62628313236226,109.00129492642675,95.66614835480841
20190423,113.37804887924175,169.0054636225752,14.363517480293105,111.57286384533083,96.37463833462853
20190424,115.61582099856922,170.35528225113694,-8.491921517573479,111.72684620475928,96.86015039148243
20190425,116.04880732949512,173.38957537092176,-27.17876898349469,113.89829866577398,97.0470598329624
20190426,120.2694264485982,110.87442287045721,-42.001959991589914,126.43426400101993,100.98445244068942
20190429,123.65446121014452,58.80446642857695,-55.08346125964721,136.85678267407835,104.17587166451412
20190430,126.7063158452797,16.289071166703536,-66.0620783057072,145.22352913267602,106.77853179178695
20190506,135.70263473478326,-18.60642264542352,-72.48271446833004,153.6727455493204,113.3424347324644
20190507,142.00112111226687,-44.57189342139877,-77.52853253383583,160.04615259459536,117.00734458494364
20190508,147.08543535211862,-65.81158720488307,-82.19452502366283,165.48262547433916,119.90473026780047
20190509,139.9528226416199,-81.84951512725496,-85.7519906408083,162.2573752246528,117.47071372684789
20190510,133.52195051164938,-95.23474586822532,-90.65437677663834,159.61928536179872,116.72663223630414
20190513,128.262656975174,-106.15604776921627,-95.23474162182835,157.43474868874557,116.11079265986774
20190514,123.95195009491849,-115.07631555308674,-98.97248939533434,155.64902448515048,115.5431787201688
20190515,120.70052301613725,-120.71886815590457,-100.4516715441367,153.90249280188564,115.20226503260626
20190516,118.08744672357345,-124.21339329264728,-101.11239007692316,152.96231436150134,113.89502503118422
20190517,115.84711734628937,-127.25189118306429,-101.68051175672065,152.0561653733664,112.78021682483171
20190520,114.35368922393657,-129.95970600653897,-102.45288584571873,151.3748856339766,112.22114470976305
20190521,112.31423115602678,-134.45815239862506,-104.52055869094004,95.97218396587608,109.44088406055732
20190522,110.40295048483303,-135.19304427292465,-105.05265501195876,51.14439583292085,106.90652602178318
20190523,108.7844002248395,-134.98575592124203,-105.19842338239494,15.340966149984679,104.95796856477716
20190524,107.43788388318373,-134.74457557010956,-105.26272975803997,-13.70260653958765,103.5227616279232
20190527,105.27313637934235,-134.86427173067403,-105.00696494646752,19.478699838931284,102.04541138785346
20190528,104.65461001837885,-134.83029000452345,-104.82682819965943,-14.649786942291378,102.56535806541088
20190529,102.08043172021453,-90.0470198961152,-102.78155670712599,17.561045925132277,98.25837952306411
20190530,98.25411894524618,-54.75783358468888,-100.692293001406,41.93797282779675,92.05083971241919
20190531,95.19169999114538,-25.86537927946843,-98.96823476457756,61.46064199930182,87.03892444433951
20190603,92.6058517562885,-3.544005287584608,-98.31807369386777,77.15255974544381,83.00051411377943
20190604,90.49128352861395,14.656557239979833,-97.82246199811628,90.35810900340476,79.69669050994621
20190605,88.17743744363793,29.62605891347676,-97.4733698442296,100.57172014146795,76.44837311553427
20190606,85.6265292248926,42.027620419424686,-97.0942653871699,114.79242122041279,73.3794193635542
20190610,83.92641273090636,52.46765023460238,-96.84117782858453,126.40588912665854,70.86723734954654
20190611,82.54825258580641,61.012225517397454,-96.8332550401967,135.90053412111783,68.78728142568703
20190612,81.35794893199309,67.45135819850134,-96.26552921523931,79.2736966182841,67.08845802951706
20190613,80.01840018288716,72.64151262131743,-96.65355335541585,96.19272926094965,65.33716229414061
20190614,78.96032707933654,77.13093343945873,-97.26956595206161,110.28062137497852,64.12573808466068
20190617,77.57311339564157,80.59388702062776,-97.75281459404222,122.107013869804,63.01490484200039
20190618,76.07022047006846,83.42204142200886,-98.12859365118643,131.76892866721928,61.79713154710305
20190619,74.41585259865442,85.13463144204154,-98.48653776000955,83.2122486137227,60.81426320919794
20190620,73.06448552239411,87.45692368798791,-100.09870470967999,43.45217621289615,60.03046910311556
20190621,71.97493468185671,89.79039141125581,-101.95619036064548,10.478535857379981,59.19790446061237
20190624,70.98363063796381,91.50628640364654,-103.1413863534088,-16.874084219797478,58.30578149209304
20190625,70.66069117587236,92.99153494903084,-104.4866586828635,-40.85012610476594,57.72672906679305
20190626,70.58739987041788,94.1032348650679,-105.12888591147788,-60.487845349700535,57.155282404399046
20190627,72.44589342239719,99.91617513402944,-110.68246441543747,-78.33973293768334,58.76739532121083
20190628,74.63138018722039,106.19562740243909,-116.11216578483834,-93.85653529334854,61.768916235189046
20190701,76.27111070786202,110.45383990396101,-120.24562257275863,-105.43646673727825,62.91835483974728
20190702,77.65426859560614,117.53553916317826,-128.5163612606016,-114.959953142583,63.74007823599111
20190703,79.09107326495378,125.62256580676872,-137.60938975206878,-124.11538626517405,64.65973505810356
20190704,80.38808859202955,131.9764212413829,-144.25994118881977,-129.56928447247677,65.66933573693284
20190705,83.84497874073418,137.28638769794375,-150.2913294178107,-134.20169106057537,67.27619448967523
20190708,86.23756854125632,141.44215652413564,-155.57054978300602,-137.84758015000426,68.58409679132775
20190709,88.1997397503259,143.5411218250788,-156.36902715314207,-140.32172194621958,69.3797123441324
20190710,89.46814840369886,146.5414992174652,-158.3390847266217,-142.3861430386426,69.8730780973827
20190711,92.42725985519549,150.95651620872562,-161.07421050177936,-144.99095031890002,71.78385494658791
20190712,94.43049591468012,153.67279291043897,-164.238429535962,-146.94999355043518,73.33825385104967
20190715,96.85212017317936,153.73208190100974,-106.87264942367958,-97.33507427460609,74.01897680472743
20190716,98.10303208130468,153.42881714309112,-59.89897350874369,-56.75798974314519,73.95556821287937
20190717,100.60618605266704,156.07475330173378,-21.64759377744939,-18.072081776745,74.48789534121262
20190718,102.68149697377808,158.2255859865879,9.670975967170481,13.819854015626921,74.99860706841277
20190719,104.36225221907475,159.89023761504563,35.29828542571114,39.55949858618712,76.24746360963553
20190722,105.49611501068436,161.42436655936078,56.11477390924271,60.619163047929014,77.9226998200479
20190723,106.03711670115987,162.58693844177566,72.07609859953932,77.86339235880166,79.15609969894177
20190724,106.54494286293674,163.48477377031082,84.33729297668408,92.14803338250715,80.02643785761849
20190725,106.79784166411699,165.05639166607645,95.25093722925007,104.3255463314412,80.63097235990983
20190726,106.98520853479504,167.35307156697792,103.77281792708534,114.31913111192492,81.27392007095389
20190729,107.60521664029392,169.44961521486897,110.52541684243145,122.60051370747384,83.29906449003369
20190730,109.00671661480484,171.29944415430128,117.71930240709413,129.10364902402486,85.11198152465876
20190731,110.04333680693205,172.9335013932413,124.9056107569708,134.32919082167024,86.36295160857381
20190801,110.48442319599715,173.52504089722746,130.26861732153924,140.25105720691468,87.04931056737716
20190802,109.17753751437891,173.32332961570003,133.672827668724,145.98957492817945,86.8778647159399
20190805,107.26902122494737,165.84505297107341,133.10121952530847,149.02317021689677,85.352331594408
20190806,105.80693909133613,161.2307248255481,136.8584597415684,153.1069407209834,84.49732720641448
20190807,104.68163945471278,157.6268391645275,139.77992524418423,156.4475440534005,83.5465289892733
20190808,103.65429352187988,153.47778981330788,142.00878072792895,158.0244145135143,82.68617333876578
20190809,102.68257422108013,145.26778593787273,138.8448539627414,158.2321167575624,81.87262108482597
20190812,103.32051669906404,138.85001218071017,136.7250265438623,165.37938205003815,82.41181752596779
20190813,103.83909295070487,134.2338759805473,135.80002688813474,168.5013801497618,83.68536796497662
20190814,102.53709778826632,129.37097101796422,134.17486702370584,108.78773471919455,83.07252055647255
20190815,101.17075449346838,125.35357398960078,131.52269645135218,59.91453214445663,82.49568288127713
20190816,100.047091999707,122.45993375931322,129.2331479857614,18.663047676060938,82.02067047716098
20190819,100.18265502051362,119.45512042624114,126.15138547194033,-15.112378158516073,82.74767096290252
20190820,100.38139358294953,117.00366253464335,123.60781898552392,-42.45341659783582,83.48646741119126
20190821,100.7547894444413,114.47275267575249,121.18665933494094,-64.290764138159,84.8040149824103
20190822,100.54007413874245,112.37877149671728,116.9878300102282,-24.44427306271932,85.5086658454075
20190823,100.90586373106738,110.5689107634086,113.52143764977703,8.296482530209033,86.76461894441633
20190826,101.52453359809711,108.83852479936984,109.41495576273104,34.11305571321266,87.64616994680992
20190827,100.6641840223589,104.94484098941675,103.65673147515872,51.10987982676112,87.16359604706038
20190828,99.86356597336497,101.84988976571972,98.97202870134586,64.87950533442586,86.73526299208908
20190829,99.69642874143781,99.51980156611293,94.9037432722441,75.65794165040616,87.05555431080113
20190830,98.60282184054948,96.8860829053445,90.88975632895374,84.38511485566005,86.36727739345973
20190902,98.40881746649525,96.1146570502931,87.51129665997068,91.90135851882327,86.41648073913521
20190903,98.23707740553212,95.26151646996314,84.6001085939296,97.11929432891007,86.5451646858969
20190904,97.78481930637446,93.54402500692795,82.2219072066123,101.16900557571606,86.58763485631704
20190905,96.46042328363532,92.19116172038841,79.66801421090284,104.32257503513972,85.61290851599684
20190906,94.85837797676186,94.752423998598,78.65209616071,107.07876396682465,83.69025423190934
20190909,93.21201710953073,96.84850228848019,77.83659628760344,109.43700807632057,82.08911193060285
20190910,93.11685175503449,98.95199189168896,77.12096749027813,112.732902302755,81.86217350361729
20190911,93.84080066467774,101.1983184212619,76.44523672593024,116.50332386284025,82.52126865934609
20190912,94.45552524321297,103.0306999920374,75.6927288425165,119.53150804810548,82.89462875053678
20190916,94.89078975195216,104.27538967730791,74.41287767834382,121.94528977454279,83.1864854505943
20190917,95.27912877260059,103.8197622027922,72.65033947792226,123.9191953505413,83.3823108367226
20190918,95.64703988356536,102.77907371496087,70.35544266502161,125.86381834664229,83.64087486697981
20190919,96.02933792437302,101.48658267928653,68.33097219567276,127.50244354407681,83.93436144999966
20190920,97.18177091435496,100.6289004202632,67.2340371031797,131.65408328096183,84.88015580479856
20190923,98.60750116057383,99.73483347670957,66.37432066508964,133.69049712052086,85.81217152903784
20190924,100.07649592640426,99.21084728118765,65.98883854902066,133.89959173848118,87.16358937749335
20190925,101.07895963105084,100.56472488017212,66.3914864344715,136.89818623970683,88.79559354644297
20190926,102.15458290584152,101.66430164589083,66.82061563696564,141.31985059719824,90.40632340823886
20190927,103.93368030207962,100.95660183300105,67.1736624906092,141.83196338384712,91.94743219117575
20190930,106.04502402036844,100.78497583998947,67.80259384721344,142.27876611306237,93.15991597136077
20191008,108.33854105453509,99.97862095216196,68.86117923446467,142.03115075558344,94.78546734665255
20191009,108.46049241710247,98.94827758851312,69.25741614797269,139.46900776382063,94.59174448531277
20191010,108.8659042075202,100.0695346905483,69.6115414676134,137.9374980231436,94.84176763882806
20191011,110.12559461919321,100.76884722867865,70.416060200648,136.6762317963468,96.37550510022957
20191014,112.7382760473649,99.53232510619736,69.68028727950598,134.02472991629267,100.70228670506543
20191015,116.79601778299089,98.4927579510252,69.23247743720488,87.52675167363886,104.59509679156726
20191016,120.16982437778016,97.00312813391292,67.94033617417018,49.687382920729775,107.77938910036094
20191017,124.53941435573499,95.67195093324996,67.01698893648057,18.6807620250134,112.5714711363935
20191018,128.14579656102885,94.59332779797833,66.4707708982367,-6.645300595335191,116.72308952083783
20191021,124.5314511557148,93.90623529864993,66.31335583527951,-27.29339159959497,115.87422572705057
20191022,121.01533007205194,94.53016760844734,67.3315640393764,-44.112501068746646,114.09414424699987
20191023,117.98505357074842,95.41389338917898,68.87357191462819,-57.641410438578546,112.50079520422695
20191024,115.44706021644481,96.47082197313902,70.34910112962017,-68.5572853362561,110.06364178543528
20191025,113.34755017239632,97.27187403991735,71.2134063550255,-77.3415432460624,107.89494172517904
20191028,109.2281946364674,97.79629303933957,71.59707139187934,-84.95384407085477,105.4064227367407
20191029,106.10601223187973,99.15171016977614,72.85456545631489,-95.10175231415725,103.37205380083674
20191030,103.93093527542025,100.04959365657517,73.44128713966293,-102.03762739266286,101.77209072543106
20191031,101.80860796500932,100.60193878534486,73.88008033777484,-59.29341069848998,100.01005664239246
20191101,100.17780965011048,104.04195540785277,74.66759247400334,-21.22447000697181,98.7168456748026
20191104,99.15995206108636,107.17161293751862,75.35283630074244,10.310894014781823,98.2262498849605
20191105,98.58434960066452,110.35704485199787,75.58535529516125,35.734479101845906,98.69795392554082
20191106,98.51664810812812,112.85870882033907,75.7421339210363,54.10866994614477,100.20661373921517
20191107,98.45112923525684,114.91118843433857,75.24366266601432,69.11214151020185,101.3203245026023
20191108,98.98401715298009,116.76303358489822,74.84235131467535,31.73937213970861,102.92955908139747
20191111,98.55151064306301,125.36411630122406,75.24388968649302,-1.7378497759151992,65.74676540332358
20191112,98.2275148276528,131.37055157595228,75.43114740230665,-29.52255511460984,35.23364138245182
20191113,97.9431729624334,133.31982404161195,75.82415437612038,-51.535992789113855,10.214027187515136
20191114,97.67894395169604,134.05345980383237,75.95397200567726,-69.3979487568657,-10.225629378807113
20191115,97.72134971037099,131.72070123400394,75.43928968406955,-84.28279126054315,-27.122299202605877
20191118,106.26030058063341,129.93599683738424,75.17116044371477,-42.133862280769975,-46.12265042364188
20191119,113.35065598593567,128.85566217476295,75.217111248964,-7.095909078925966,-61.81804385106468
20191120,119.14843535927027,126.84504941818543,73.98387977051614,21.2743807151641,-74.66822016152769
20191121,123.91206301314337,125.3687328199117,72.50444115971464,44.094988792477956,-84.89987095486924
20191122,127.87641240857512,124.18482657193644,71.49650230860044,62.837507753453316,-92.67419587291143
20191125,136.56817609840238,123.54814727902875,70.26792665548764,78.08334968125311,-97.3407654068977
20191126,143.72181928260156,120.69464390168064,67.2122199040463,90.0991498173157,-101.0401209451853
20191127,149.6099600196487,118.67793094914602,64.89150002856437,101.12765891296056,-103.63207650889414
20191128,156.15643234076245,117.11422357284353,62.919693156076114,110.21505806130489,-63.25435234392103
20191129,161.0228589272105,115.05343057733117,60.93817365463059,117.24417616678413,-30.31441373566619
20191202,164.0398311931973,113.04573228183433,59.26705047864724,121.56099753932149,-46.204801318864064
20191203,165.66911938480663,111.51694978456538,58.122436821949876,126.00537676625233,-56.978872065889554
20191204,170.59607205867368,72.17572383561398,57.204833213256386,134.8034555569455,-67.17750707467711
20191205,173.2847563273533,40.45805307851443,56.5737560546164,142.2512817421915,-75.57515568409246
20191206,175.85937714009705,14.337061665617314,56.019204915608505,147.6231448160548,-82.5055688615395
20191209,182.02704761441217,-7.9582822934754605,56.537877102809404,155.89998719916224,-91.414707603082
20191210,187.17104240809402,13.201627384791037,56.97193816616858,161.2615584528871,-98.9447149566201
20191211,190.68037036154018,30.993866011181403,57.29515142646299,166.28286504521458,-104.29449723220807
20191212,192.44648250643365,45.09772284041817,57.576277592844285,169.85704195766013,-107.35748551609507
20191213,191.9950698148067,57.37962528674994,58.0177119366974,171.52445380514877,-109.02046874207957
20191216,190.9559108832861,67.50246467921488,58.37655194584403,171.52608123151552,-111.08073251265074
20191217,190.1715068244651,74.45248443261248,58.69527847814236,170.19564025914184,-112.77799268784734
20191218,189.2923873911485,80.8461174997078,60.00073867150234,169.97629679305643,-114.24522215228106
20191219,186.96695350367818,86.17009614633332,61.28590970845329,165.1000972149782,-115.23406547727005
20191220,185.76368553194558,90.41933088912342,61.841715889818815,161.02115323101245,-117.29566990671167
20191223,184.47202625304624,93.48029576408794,63.07639470444033,157.84977353858142,-120.34154982368702
20191224,183.51569189504428,99.05644016540086,69.1931377843755,155.6970282154329,-122.37836514940413
20191225,182.9756229103683,104.04534775450023,74.36785657567783,154.21699246640395,-125.37253360742824
20191226,182.5834953646028,108.21895464828428,79.19509651654259,151.6513950741484,-127.36296772376262
20191227,183.2955380530856,108.77242390500277,81.33354175179848,149.18761148672556,-128.92299180695468
20191230,180.5378908532481,111.68076779641198,84.2941357781564,148.4220731324332,-126.59785609525319
20191231,178.45585666803873,114.02442443900412,86.68878666797717,147.77505690529173,-126.93032276250807
20200102,177.37849253969716,115.78732708527443,88.51951069090278,147.30834744406678,-127.32164811897255
20200103,176.75977613806498,117.36122732502,89.59659716773561,147.03578494981548,-127.66335152617626
20200106,174.87497580009276,118.62330204548667,90.59313083415961,147.64266746439196,-127.0095616764292
20200107,175.82806794381523,119.6337915312202,91.91219989907833,148.0655097942526,-126.32101386415829
20200108,175.90792983142273,119.83145180851002,92.67863212254885,148.39177497811673,-125.15003114055158
20200109,176.3880029917585,120.92840791063402,94.06357757633023,147.30978483163904,-125.23662590505656
20200110,171.44162559982635,122.04199733068236,94.92549879339954,146.43699426494706,-122.84911833920944
20200113,168.02169767077692,122.034773308244,94.35769440285512,145.81839606991662,-121.26300618391119
20200114,166.15415049300736,119.38356711364601,91.51700051353473,145.74849555756217,-119.45244124590722
20200115,161.44048966063372,117.36001591443463,88.93917349586079,144.45209889653393,-117.0234429822601
20200116,157.85209361296168,114.91017373583948,87.02881911448974,143.2764530776797,-115.02506304581794
20200117,155.5335930596645,112.89994587964962,85.50853914452172,146.05624121753596,-113.55073540700134
20200120,153.63277697480055,111.65586567714712,85.20636125039461,148.41185080821086,-112.14873857493356
20200121,150.77360080857406,107.54267696840314,82.97046863967063,144.9283564528313,-73.22592388920567
20200122,147.1059512208914,103.52880843247102,80.10022952870094,142.00918669432318,-43.58124129950332
20200123,142.61285784281233,99.75131231179898,77.72970210955175,139.25280711678687,-19.430386204861865
20200203,136.00456348493145,91.644033009592,72.11466832289196,125.38172701110399,-2.043077796546479
20200204,127.07180875992054,85.74405017537015,68.33879000581305,113.60614587431185,9.915650705755281
20200205,120.67334765373741,80.45036407957562,64.8628604171205,103.64248355854625,20.31954291085157
20200206,115.4066210679419,75.90552292014947,61.77889043865327,94.54552460318128,28.854813204243136
20200207,111.10727810402763,72.19123755312687,59.22737733358115,86.93263747727852,35.82771172562685
20200210,107.20138198395422,69.15927614807529,57.0135661669548,80.70011041851467,41.36505309556654
20200211,104.12930501002101,66.67437453370059,55.13681896994663,75.5969820456937,45.97309368463193
20200212,101.58249954684274,64.81694765957208,53.58816610063362,71.28892405167002,50.039237164156624
20200213,98.57532422401445,63.27588454140728,52.31505608051097,67.77921389013063,52.57836993154128
20200214,96.06724853164323,62.3063779498393,51.40989233788532,65.04642529835203,54.658135639805124
20200217,94.98562574570892,61.31717796635449,50.582617364582845,62.56132435391544,56.89508278123755
20200218,93.85386488991067,60.44264709036236,49.88493029052034,60.56269483913635,58.561478793601374
20200219,92.92788415327824,59.7461879690778,49.472476565972286,58.884311494717196,60.06714334580107
20200220,92.75546035781994,58.87662203236427,48.995866490090435,57.36214221829569,61.480131275883494
20200221,92.61660558689843,58.195973813292554,48.6122390616807,56.11277316051177,62.64417210382467
20200224,91.73489944836082,57.6702879438089,48.289204458528886,55.09562102372345,62.93459332181992
20200225,90.83819680860151,57.29872002105736,47.97952602132194,54.263272398177214,63.10181333092483
20200226,90.55237123862042,57.42143163587752,47.97063682151805,53.78597603762563,63.47569907548114
20200227,90.7185990478769,57.85321008516495,48.54455989825138,53.38524608814852,64.31067947988282
20200228,90.8787300235708,57.2688853743656,48.303792682683664,52.569465191395665,64.15360166156995
20200302,88.81795292815657,59.81334421295971,50.214574707996285,55.43558547985823,62.22301203907401
20200303,88.92606573870742,35.94375770644795,51.737036506470155,58.282152723146616,61.562267207563046
20200304,89.10156720082915,15.943725157647656,53.22066165723651,34.34245417949442,61.06471137128454
20200305,89.24305028028127,-0.8111457184952495,53.892693656598574,44.149179305729334,60.66873149594055
20200306,89.22980892004732,-14.195714053593,54.426294237817245,53.258813458003594,59.98707699391614
20200309,88.5334308045263,0.28416422412836234,53.80030010129196,56.63871087305277,58.79196505890969
20200310,87.68402822877239,12.130511342276172,53.212452518448245,59.102938930265424,57.73837893960482
20200311,86.90917832519614,21.81327804462666,52.78942645189627,61.21144468646076,56.87432656145328
20200312,87.04833086718656,29.267875035989057,52.20446194092185,38.107033863051925,56.54880432719495
20200313,86.66308397144064,35.37561584797896,51.73739251259305,43.13871558408806,56.1587295208334
20200316,86.3886451903323,40.6759065824183,51.74047161955375,22.45937444038335,55.927649148802374
20200317,86.26705389516292,21.424522482881194,51.17147500729738,5.475834965997865,55.72216961999381
20200318,55.12063432242571,5.662676818604576,50.71864014319156,-8.173783832658819,55.51425526149754
20200319,29.798532227070712,16.206127279254876,50.51714751723072,-19.246931899250864,55.274082454895975
20200320,11.196299281447656,24.471865070724444,50.35245484502972,-28.106433086301905,54.399647441002855
20200323,-2.914186042376052,8.850588021741393,50.198287135607025,-35.3615593493829,53.1415111138144
20200324,-14.4634489802481,-3.7797206859275496,48.923085750968674,-40.92357428665243,52.0397544805929
20200325,-23.749412652479013,-13.674940906357726,47.54033079732822,-45.40518750337563,51.1165896576151
20200326,-30.398888635262097,-21.242033659474647,46.09024916453295,-48.75834598492661,50.14288672864648
20200327,-36.09862217305289,-28.80964952463518,45.45202040289117,-51.606997572464046,49.5316578397755
20200330,-42.227530128485924,-35.45872723942551,44.90306377912531,-53.749523640018914,50.85550645722787
20200331,-47.18254959912952,-40.642629641322586,44.33939142892323,-54.96332603928701,51.824157575088236
20200401,-50.1247610629925,-45.11476944854785,43.983003859532694,-55.922821644324216,51.097003666564184
20200402,-52.48550248259418,-48.75932674428006,44.04108764564622,-56.71313012500165,50.49945541420286
20200403,-54.1642913727003,-51.988579424026454,44.05103859222054,-57.3743784324337,49.87880702430163
20200407,-55.89237168690958,-56.300633979304536,44.833465889657106,-59.274205147204434,49.744053604957244
20200408,-57.379955432245076,-59.66079160118789,45.240560089954066,-60.99015799141226,49.66084415071666
20200409,-58.71046685424818,-35.279960220158465,45.57590721795098,-61.97819519668303,49.60591633935891
20200410,-59.849794193433276,-14.37617759617088,45.822152504578796,-63.972879181941146,49.58511010036056
20200413,-60.863306389400535,2.684115345654041,45.970573727792974,-65.6756242265421,31.567603514406265
20200414,-61.71742260138097,-11.920848207762019,46.22374459162054,-67.08320236048654,16.819713161747945
20200415,-62.47597279464437,-23.863757101286208,46.683431857870964,-68.26168334343046,4.713628262453689
20200416,-62.70033011598675,-33.63812825742814,46.76036962374172,-69.84013926556243,-4.857947466102293
20200417,-62.95217740257633,-42.33284021814783,46.578134279956885,-71.00295348600179,-12.73864424087145
20200420,-64.35854363966722,-49.230954104359256,46.42773452921029,-72.03466457098388,-19.652938697517076
20200421,-68.73895037000574,-53.64264053219821,45.57842411058764,-71.83131615891611,-26.931089548665636
20200422,-71.74979515756885,-57.35088795222378,45.70884139058152,-71.68288431652289,-32.72303755929984
20200423,-75.11505924210009,-59.95903270792527,46.173782578965486,-71.40405306578631,-37.52534304875953
20200424,-79.82606791864586,-34.92977769712081,46.86720654658049,-72.11934392005317,-41.815773148359206
20200427,-84.30477111708544,-42.16947030979434,47.6208752638697,-73.55676773635156,-45.83750671576137
20200428,-87.36790100561522,-48.30457716459022,48.625363747915415,-75.35467208208459,-48.79009966708202
20200429,-89.87490433837947,-53.80386558379008,49.59595092024967,-79.03740312034714,-51.20426611788079
20200430,-95.07509838261998,-58.20890126797681,49.79703277018786,-82.61663114080366,-56.42464155492755
20200506,-98.22944993205664,-61.7860022795738,49.73712700079323,-85.52235381263306,-59.77855551526787
20200507,-102.1843949757772,-64.59834735506861,49.85418727643609,-87.86062760940864,-63.80854624258637
20200508,-105.40833851892378,-67.60850042062812,50.12068159223607,-91.61293354653466,-66.97106379666896
20200511,-108.22394568275722,-70.40115619950555,50.715587131987434,-94.67472849034239,-69.68918389723183
20200512,-110.49979382552068,-73.2883171182795,51.29739684285554,-98.97101459227719,-71.99245964298545
20200513,-112.39054876828774,-75.46242370382427,51.95957078279254,-100.41621847766845,-73.85462398433441
20200514,-113.5373524247724,-46.56991639027754,52.5629936518245,-101.80605570641906,-75.39745788552094
20200515,-114.45148100860364,-23.493852061457165,52.37997390800266,-103.09502435711968,-76.70455834487989
20200518,-112.93311652841001,-4.510507559894662,52.16118789082223,-103.77331113187546,-77.17872595246166
20200519,-113.63431807552513,11.021275996505935,52.35194974937846,-104.88443077172728,-78.87430173269883
20200520,-113.95358977304379,23.76046283812518,52.921694155525756,-106.46851609518752,-80.25942260232307
20200521,-115.31576200807442,34.71410304013051,53.37929775234612,-107.9060177134849,-81.55239959103378
20200522,-116.31597237460322,45.23744143267974,55.55390351569539,-113.85418722576907,-82.57255683936397
20200525,-116.94592299014185,20.570855177224175,34.09649204372355,-120.04777791691951,-83.43430348965732
20200526,-117.61596982839474,-1.947909953064824,16.364124716275764,-125.7488280840253,-52.03944850250203
20200527,-74.76529101646719,17.87151835635629,1.0509083037019857,-131.00936638237593,-26.54357746080304
20200528,-82.30943942550208,36.32687294002945,-11.676948335524937,-87.99800625515668,-38.7854923893079
20200529,-91.81392840383269,49.528662978163986,-22.125554155225128,-52.68835701853353,-51.54636244306496
20200601,-99.40699198138087,60.44540621715776,-30.568329830039982,-23.89408884125933,-61.38864996097901
20200602,-105.64881366237691,69.19629307260678,-38.122674329214945,-0.3041819780534511,-69.47027591687834
20200603,-111.69023484374641,77.64567952548026,-46.14073291056459,18.92698334748831,-78.85643354785078
20200604,-115.6878855780921,84.00613978013203,-52.80108931782697,34.611316621346774,-84.45446334690028
20200605,-70.37318397894806,89.1033887189203,-58.136646326226476,47.348631461583395,-90.68415182931192
20200608,-34.595948271536805,93.35072175321149,-62.412967681564695,57.75888955216229,-95.36222780168514
20200609,-5.32818245762077,96.85085885723718,-66.45361114081398,66.7082295630702,-99.18229022285767
20200610,18.920579999369714,98.86644313221359,-69.69042564622842,75.46651559035502,-102.3152968898425
20200611,39.86340974212579,102.01955765101393,-72.18127950292721,82.27998020174437,-103.60143923250655
20200612,56.130508654087535,105.66507289634089,-74.67061826066266,87.68877864290796,-103.98850988989784
20200615,70.36380393230759,106.41745235745793,-75.94199022091227,92.05281965705493,-104.0878210801355
20200616,81.10093967567622,105.9098401918531,-75.55963544047435,96.31157428771031,-104.47586562511891
20200617,89.46812680723698,105.47153677893277,-75.32350648241267,99.86527768873833,-104.87573905947728
20200618,96.7545084875333,105.10844580333799,-74.88259211897321,102.94562317302197,-65.50605932393344
20200619,102.72807295259148,103.72206037063032,-74.72871461449928,107.49315373124243,-33.43256322524946
20200622,108.98025616130606,102.87306712166954,-75.22083192422227,110.37186048300454,-7.055918968676443
20200623,113.7775954028107,101.89998912489536,-75.2066692711491,113.47771649418597,14.29939905105468
20200624,118.93886928617985,101.18306595696622,-75.48817595390518,116.44433779425873,32.08939323138961
20200629,124.0060044848893,97.43923803282547,-73.21914200117655,126.49831007677375,46.28778017998653
20200630,128.25726182747636,95.01691319689343,-71.21103136696216,134.37370964818362,57.86870051963978
20200701,126.1783661681113,93.02384016720367,-69.5781588675397,140.87994090224663,65.51160741811826
20200702,124.4217616055933,91.01432080677804,-68.25816887961254,146.8531527641831,71.71891945338618
20200703,123.05196295106897,89.40037611283796,-67.44365857954737,152.52205911546642,76.83272519469887
20200706,122.43309746719038,88.03193442885508,-66.61217188852824,156.75934366753853,82.38519701402386
20200707,121.5317044704782,86.25267225276927,-65.42575217090123,160.63498346643158,87.07149969264485
20200708,121.92361313786311,84.68006811676965,-64.34058939482443,162.7512890264639,91.55492405412363
20200709,122.23454619810232,83.75055036610271,-64.01696770222428,164.8429697446031,95.23879759231586
20200710,122.40504377123057,83.0569451357002,-63.0545385361034,166.53660906060583,98.39520612425153
20200713,120.80963023266227,82.41924831433936,-61.97056214133527,165.947440194542,99.00676556925268
20200714,120.1257078492638,81.7895609405647,-60.655658037310744,162.49029532841612,100.30129716047213
20200715,120.58890766552459,82.09422820051353,-59.77257529876447,160.08729573669055,102.93130006398664
20200716,121.80258999467003,82.79511211079372,-59.624697906153095,157.59831196345047,104.22272656466589
20200717,123.51086066744178,81.74587953840084,-59.106758796035095,148.13453813638552,105.34140509832409
20200720,124.67582214971246,80.56162183914046,-58.59283621806151,136.8824132025971,103.57199383065772
20200721,125.51359182290726,80.27576705297294,-58.62432908000261,127.38679779623612,102.38630743178051
20200722,126.09456904340146,80.06796254745673,-58.66490211511539,119.56274080054634,101.74052192488669
20200723,126.44342000692376,79.83861255685264,-58.293905745925564,113.02481160476334,101.5208701808843
20200724,125.2693376132103,79.44356390255433,-57.99668816319494,106.72552136599631,101.37097151531353
20200727,124.78862910658519,82.38950678131542,-59.93022891954975,102.46831626349254,102.04180479947593
20200728,119.518172799672,83.35876906761241,-60.225839087961006,98.97300371392674,98.82794382957948
20200729,117.88024681584386,83.39617252180436,-60.73956472209653,96.0645452603257,97.66102792293394
20200730,116.37953509617564,83.0319492848359,-61.099192263343355,93.5287071383074,96.3395458525302
20200731,115.0870223027063,82.48639173728888,-61.27893774842689,91.46327926158047,95.14215143222295
20200803,114.21774700138128,80.98350540426058,-60.88799143898392,88.61936919384122,94.15673455590068
20200804,113.32511394586976,80.80858480787404,-61.19553019906953,86.34863901325414,93.19848413414853
20200805,111.66552112336346,79.00352060323043,-39.34039889533082,84.24232745158427,91.83302157576094
20200806,110.22870237713045,77.52129566393498,-21.463923033805603,81.70836527778472,90.72764774132072
20200807,109.21297135182516,50.2600612747351,-29.13480853532009,78.97248267336899,89.7459017720677
20200810,109.61240770769543,28.348060797844155,-12.355126529259449,74.91694190091305,90.79381586082067
20200811,109.90817294608344,10.35166186739971,-22.104319183802513,71.74503236440675,91.5159505051806
20200812,110.2770629204157,-4.131894571984404,-29.62039134644429,69.01595357514623,92.13904256483967
20200813,110.16477846918987,6.998839864742241,-13.876262946463761,66.69667281475658,93.06558586892181
20200814,109.9481198371483,16.56466674267833,-0.9271727213754358,65.65689070211725,93.8914026618336
20200817,109.91566448310388,24.38227632138239,9.788463134684754,66.09503523493804,98.35329089472297
20200818,109.90108804373682,30.837241694966465,18.58463169556018,66.40429102894588,102.17575993988574
20200819,109.95637941752128,36.127689169490644,25.630423257599134,66.68698804200422,105.43383650412551
20200820,110.75312375180978,40.13461871855133,31.07878016729251,66.48456539138438,108.16726173939995
20200821,113.67422387141148,43.4396141851132,35.534692706338035,66.64830753285163,110.71879252528262
20200824,116.07964038209253,46.184982639698724,39.17984155829374,66.74592295745313,113.10302202230079
20200825,124.28701589965291,48.72250344984401,42.63875074933169,66.45769864638638,117.42549205152528
20200826,130.99918498611817,50.7309922370556,45.41655789136781,66.20245714203946,120.14517013061261
20200827,136.84910765574455,52.63993508553641,47.65372261859798,65.95811974925991,123.67993899931004
20200828,141.42454018086778,54.075711216483576,49.33555926997725,65.53433626174396,126.89097497681188
20200831,141.8009525023878,55.9593531204836,51.25533913430297,66.24681637250629,129.09517720358235
20200901,140.62387016466752,57.50766292880108,53.27715417956425,67.05425112535973,129.71723215983388
20200902,142.3147322913465,59.70486761349705,55.340755327317844,67.7330700142147,132.89121634322663
20200903,144.14157967915784,61.43108864567116,57.10892211259673,70.07763509295398,135.48882212306245
20200904,143.4455982680634,62.828078922846295,58.42364130227718,72.48247650136322,134.798004549236
20200907,143.01987688204028,64.33684674209763,59.593126841030134,79.57155967498494,134.30300254648077
20200908,143.208865926787,65.37519381034954,60.291194460639986,85.37492839630728,134.7385046907556
20200909,142.30490821473325,65.906546196694,60.70224465881725,90.53236748262547,133.52229447335085
20200910,142.14230925149826,70.59879735123782,63.00787988205097,96.48595097865018,132.8477334691101
20200911,137.6174684152692,74.98472251051732,65.30062551056355,101.49002595488831,126.97360674685434
20200914,132.6033171621097,77.67940198387781,65.41275724159954,104.52866403390294,121.80719636599889
20200915,128.39816602396402,79.70100396905536,65.53831861500687,107.2471914584972,117.31212866219828
20200916,123.19514188407499,81.28155840758791,65.89402167653047,110.04807851874138,111.98038875871282
20200917,118.97704385024011,83.76874948249629,67.80876890118334,112.88379225557976,107.65061225947888
20200918,113.82459146501373,85.40484052162986,68.77886289266192,112.48390736074401,102.43546768060476
20200921,109.35470037466376,86.74295161839134,69.63754778688568,109.67136176524485,97.97462030814077
20200922,105.00422078354086,83.51382611945398,67.20905758051859,107.18107095791032,94.35923670559299
20200923,101.36398559880952,80.19670236851361,64.573603542596,102.90311051567913,91.28303582887624
20200924,98.52555802452781,76.88175770301193,62.07124315437182,99.06535319549975,88.73449981510517
20200925,96.11237834984276,74.39267513945997,60.17216231358225,96.49007823807715,86.52071886784184
20200928,94.61900070244529,72.36758504948234,58.77861586472024,94.3505788007603,84.75757346766684
20200929,93.89149249600432,70.71482753784842,57.614282751276306,92.61517646229387,83.00944935202615
20200930,93.30654042247387,68.61585187647684,56.00757292804657,91.00060917772159,81.57828512275242
20201009,87.49507660874893,65.61363407106658,38.46275533575185,88.31067894012263,76.94350007520967
20201012,82.81310950336513,62.88049241107122,38.709054514976614,85.83342353860212,72.5655177186642
20201013,78.59126342652993,60.59115153256109,38.89521190517691,83.82780244576223,68.91099674462953
20201014,75.11002533178508,58.8572826553025,39.11600227661696,82.18766011673925,65.85504711141888
20201015,72.35675679102484,57.53791347372842,24.76077027067491,80.78462280138748,63.45529803106981
20201016,70.02023731074405,56.30907603757723,13.096168968335427,79.67486657694641,61.50712109818665
20201019,68.42143500520753,55.028358359829504,3.883965583521894,77.96213143940085,60.46250211535354
20201020,67.30980344589169,54.224199657463224,-3.965501291609759,76.87507033126369,59.53356323904659
20201021,66.40662785108799,53.45599763553184,-10.330943206933219,75.99725811951332,58.79563871789447
20201022,66.0789351584758,52.7313012262995,-15.481495142780375,75.13019523691001,58.550224271279745
20201023,65.55459305454667,52.33710813465128,-5.55829616493941,74.75240720440141,58.10243488347206
20201026,65.87301585739004,52.00901296862213,2.6386567796399536,74.74653697596266,58.423309741685294
20201027,66.18831751996694,51.895381263277876,-5.054585420266657,76.30555156649274,58.71568926132057
20201028,66.80115033532189,52.81024332022721,-12.081316702498896,78.27814221019428,59.21357280822597
20201029,66.93006281862213,54.029217576266646,-1.6549624386741506,80.21199856445045,59.35677570160138
20201030,67.00153292574815,55.42588871263077,-9.835332341789556,82.37574456343144,59.48725016409295
20201102,67.02200935246154,56.49609765964496,-16.386712454593656,83.88654195243824,59.67040364767034
20201103,67.01689632248626,56.496280440296104,-21.31685227664845,85.32855415752685,59.850504476777054
20201104,67.10602312080815,56.489935714387634,-25.351347199234198,86.12013137298263,60.3838830374986
20201105,66.31649811725075,57.29892450464703,-29.291189336538643,85.55689197083132,59.50139294993458
20201106,72.58077772013354,59.795145450293155,-34.61781871710051,86.42449816168642,61.44537170638264
20201109,77.00130033363743,35.713610895772796,-39.09095536932615,85.7672606748816,63.839953343635216
20201110,81.56847164510772,15.91417237968867,-42.709458517266,85.29262237432863,65.45126058508252
20201111,81.9654463993019,0.4153969290157061,-45.01306931709189,84.90107583717008,66.10118280238774
20201112,82.01898606338092,-12.365579481886966,-47.42227413909498,84.63127351765355,66.45609664017216
20201113,82.25353484202942,-23.298652158463202,-49.74186414563759,84.46568376624101,66.7212891979033
20201116,82.47677797659793,-33.369402797217305,-53.8244708040957,85.83700940135193,66.76416616461616
20201117,82.69611052914426,-41.562527647112084,-57.016477552849906,86.97151913892327,67.15206806908189
20201118,82.87456351491706,-48.250430090154055,-59.36147995607551,87.86243964343419,67.34547440715451
20201119,83.07338225586452,-53.57179365031247,-60.798435264159295,88.60163071019274,67.16984656540676
20201120,83.38877124656196,-57.82087918946675,-60.52168222908756,88.92976205744881,67.19892370587554
20201123,83.3259844486299,-60.25610492036215,-59.860646415738856,89.21126849242937,67.05754425527242
20201124,82.98793459583754,-62.215046022159,-59.30916328994821,89.42215322148986,66.57692107814883
20201125,82.70623283988549,-63.81889286058217,-58.86120306737919,89.32299280948875,66.17608281144534
20201126,83.21061560913994,-65.26788973311915,-58.43268009292768,90.26628840029497,66.29794438746502
20201127,83.47271927604291,-66.55701015549508,-58.16338762382835,56.68413253439422,66.24586667631011
20201130,83.84934678080741,-67.70518926375948,-57.74454507238926,28.89371875515213,66.06628458399645
20201201,82.65564484027918,-70.4860080739222,-58.363205872738064,6.108111711961859,65.18536269313266
20201202,81.16538789992816,-72.11553581591166,-58.3228746032286,-13.27271310339471,64.19627059600005
20201203,81.81297778783494,-73.09758606568539,-57.976769702536856,-29.423056153456663,66.00303627025178
20201204,82.12644292137928,-74.06556699071287,-57.6631094364672,-5.753555333768665,67.40855452045267
20201207,82.92433684862172,-75.69968333074569,-57.90281027670467,-25.830196123163603,69.65586061138367
20201208,83.54967952678501,-75.47022478096487,-57.69789041161253,-41.18341474470048,72.0250377621488
20201209,88.66200050306448,-76.33091670703074,-58.27183523256695,-53.93491170042002,75.44693926385061
20201210,92.03529239683317,-77.17163715519263,-58.751023329421066,-65.01520043434864,77.64658659086862
20201211,93.84665740553518,-76.88094274713873,-58.19998869222094,-72.31772512960437,78.77183484691986
20201214,95.0475630927808,-48.83346330874721,-57.71911391181596,-78.22100094515919,79.72815139586645
20201215,96.29762763854878,-25.53618857044072,-57.52580958377642,-83.66100078981422,80.48491774501356
20201216,96.6580756980818,-34.961082310893744,-57.104863976368016,-87.90316087804905,80.42281528591667
20201217,96.99739307561026,-13.677036245407537,-36.18579284408102,-91.7459158095683,80.79456483658795
20201218,97.22242909117703,3.0798820984122446,-18.191183758089945,-55.208111689506026,81.14321652875584
20201221,94.12246799181207,18.646646250690164,-2.7230645282918835,-25.414149274024304,78.90674529285906
20201222,91.77456905764167,29.428740790691087,-13.146715092120033,-2.454904951038666,77.54891120540248
20201223,89.85446399832355,37.6652218675666,-21.441843108943193,-20.770841704111724,76.35076328700117
20201224,88.22267701366998,43.45034027059765,-7.7492732775780775,-1.2813536518556101,75.28432542781128
20201225,87.02845077231373,48.20148192155091,3.41072963137728,14.404897230169315,74.65282318404174
20201228,86.15116479295057,27.85353997031675,-6.599369388273739,27.010815426607284,74.2837283971621
20201229,86.68119427075544,34.338696746162604,-14.737547029025269,37.19387269320305,74.75526449961495
20201230,86.27053356894717,16.341242976454403,-21.792808740666995,46.09266720719453,74.64918283453443
20201231,84.16471482759331,1.494139365979057,-27.792020920319235,53.79177595699108,73.5336943611162
20210104,82.41360506945797,-10.630309610715774,-32.668498349280924,59.07136072407998,72.46014617821379
20210105,81.11069265435346,-20.494310950887947,-36.643129856840346,63.39260610886327,71.56700531882082
20210106,80.12872061399092,-29.346375531976552,-20.015797798180447,67.55278296249374,70.96398428658836
20210107,79.09330441234657,-11.42707466149629,-6.406378813144962,71.09034704325461,70.26825711556742
20210108,78.31702407381295,3.226607716119939,4.618707905180143,41.93959214214471,69.78416379467251
20210111,78.22961040670734,-10.044134406276523,-6.282192636382492,50.62762838825051,70.04374810763737
20210112,78.13063832001241,-20.826235654701794,-15.217955110442217,57.60864821111734,70.26274289577287
20210113,76.57683904627945,-29.711973569192857,-22.54715582596977,63.232792746932894,68.77959543399943
20210114,74.73045423612959,-35.78868516488072,-27.76555015337644,66.94011302599614,67.27356782790964
20210115,73.0245677069108,-40.60170212030844,-31.767539202247495,69.88797617489736,65.6023543148979
20210118,71.21996672040457,-44.87011079758996,-35.13517488595058,72.32573241119168,63.91516998032905
20210119,70.66594511243693,-48.3083881669279,-37.86335048774915,74.69495600444915,63.37359769951051
20210120,68.31718804574686,-51.46295424840186,-40.37529323346616,76.07778432502371,61.017242500246475
20210121,66.35381034607704,-54.3971477308236,-42.58891252416062,76.86040093580455,59.10753618539716
20210122,64.12186463186227,-57.789372647024756,-45.48254985094478,46.12655827018046,57.09039767100484
20210125,62.04213882324636,-60.746784098437296,-47.87732468451625,20.53041279716223,55.241670013502365
20210126,60.34068718522499,-64.37803690208776,-50.55615915561715,34.02168836202249,53.72212317797088
20210127,58.72905108587222,-65.70858779577813,-51.493613398401635,44.37204599255111,52.36576403892051
20210128,57.70313109579682,-67.28424148111188,-52.53583515296543,53.05273697766574,51.603608486258096
20210129,57.77841460198976,-68.59284588143971,-53.32722638953626,26.645156624989294,51.56031738654443
20210201,57.84086560879881,-69.81228089280874,-54.081687917537145,2.897370972774211,51.52553674155235
20210202,57.57120526416808,-70.68835882091562,-54.69974539278977,-16.196684280241506,51.260907723475036
20210203,57.5805086199266,-71.81922071442493,-55.77401819201239,-31.499936833844323,51.15104902277452
20210204,57.18078254728824,-72.43283045053444,-56.64373929707987,-44.15201915530184,50.5305535393756
20210205,56.80322257070908,-72.40652301042259,-57.152052491686405,-52.64736094294824,49.93795931686025
20210208,56.82523627645404,-72.43556739475851,-57.478824369981844,-59.55159239083239,49.62888913469016
20210209,56.56616642025405,-71.10339642953357,-56.66430459129529,-64.56649370672562,49.19916906730728
20210210,57.945150017096935,-70.0327208647604,-56.033080160341896,-37.18137305801437,50.42311678367737
20210218,59.00348525874657,-69.62684955910204,-55.555899828804996,-44.79606458170888,51.2724687345783
20210219,59.839103111689006,-69.51418406567144,-55.6109581600049,-51.0748369578569,52.01663047049782
20210222,60.31836720479688,-69.3496103494221,-55.687453294722005,-56.21976767955374,52.430667760049296
20210223,59.99259774968306,-69.39140293111024,-55.82880241345557,-60.426969066700394,52.302823794524215
20210224,61.21557831213763,-70.38602466938254,-56.58775878530483,-64.55013690205898,53.915426040589104
20210225,62.318635876435415,-71.00988859428347,-57.12053105462734,-68.22502390143293,55.2523758656721
20210226,40.045496784646964,-71.65967166682795,-57.92149202227366,-70.70437511357973,35.2897588137627
20210301,21.532101087473023,-71.74931508031813,-58.60975267300156,-72.73335999309309,38.95195141991812
20210302,6.811956949539893,-71.24889416529015,-58.13325828443771,-74.59349342179745,41.62505094005111
20210303,-5.670783063017765,-71.63574217842347,-58.512693612029125,-76.6724997548293,44.02188120581339
20210304,-15.75412106321358,-71.84548978308133,-58.81205713848988,-78.26941024972709,45.98856589497197
20210305,-23.974440855476313,-71.9463077770872,-59.06388548714149,-79.80898527758383,47.48678104678525
20210308,-30.431089767342566,-70.38857546266306,-58.62875227428405,-52.608341949068375,48.23661142002064
20210309,-35.709845975902226,-69.31912234420196,-57.765230367509034,-30.402256709965958,30.310533709341996
20210310,-39.56676388442524,-69.96846139560665,-58.025087668236644,-11.175806739122192,15.97831374992337
20210311,-42.9352090848617,-69.65900209156425,-58.22702116051979,3.592886554903499,4.304814155666119
20210312,-45.80983656875462,-69.3696684995754,-58.338903851119184,-10.052896977795402,-5.3864590457932024
20210315,-48.272268676958376,-69.14548814094995,-58.40982434293984,4.761802865738515,-13.14163949371968
20210316,-50.5767754809041,-69.12600880871548,-37.006793891717436,16.635216083543096,-19.656277014369593
20210317,-52.36294327579426,-68.97277378524082,-19.469129562966824,26.250160509574158,-24.94166656380173
20210318,-53.91614695180217,-68.26728057394062,-27.532152366712367,33.9958006679703,-29.341004093284894
20210319,-55.213695723243056,-66.79257933531959,-11.3231245515095,40.21898235536185,-32.877671301834695
20210322,-56.2984104278794,-65.65289848127794,1.6917791634516184,45.23220196309219,-35.932914691007376
20210323,-58.15646962137569,-43.506371412933255,11.288601786320603,48.9256519433882,-38.82724718142423
20210324,-59.434251872452165,-25.294279451430334,19.142788633938547,27.673009555506752,-41.08389295715033
20210325,-60.39664395634804,-10.245909062726431,25.668810398827187,10.21030776787861,-42.796159507103276
20210326,-63.427548614612334,-16.849707750855703,13.117641413153564,-2.527022163525135,-45.43864352237196
20210329,-65.74623779222269,-22.505669418061665,2.83687012871233,-12.949540709042603,-47.529947711369694
20210330,-68.58166061750373,-27.073596528352954,-5.821777571763582,-21.49372937560855,-49.615775805999235
20210331,-71.58661767071044,-30.782145438008108,-12.85923275880495,-28.46303944574948,-51.358001471976806
20210401,-70.94913221655156,-33.385898435245394,-18.30643241210396,-33.540904673327894,-50.912078339202154
20210402,-70.37742435131332,-35.49880825404546,-22.76646620112259,-37.57680221411623,-50.61567086335533
20210406,-70.16876758497104,-38.18453971459324,-26.777979756894943,-43.051739513929085,-50.610252977839465
20210407,-44.51412125746182,-40.37913098812901,-30.248890460232758,-47.54983586368773,-51.05398829863842
20210408,-22.4504524755206,-41.97488156365708,-33.22376995133126,-51.134557799406515,-31.629956245913284
20210409,-2.7970599956412205,-43.32479202085475,-35.679035311762846,-54.40360209077475,-14.373969661854343
20210412,11.847056753041159,-44.392211193106164,-37.62163728736517,-56.97701945528907,-1.1097105216161918
20210413,23.75878080249088,-45.31544871118166,-39.16922744479561,-59.15720681523502,9.826075627545103
20210414,33.4704314769531,-46.044971811119524,-40.482141771193454,-60.94725947921932,18.808316484975364
20210415,41.31423464640924,-46.622247176762066,-41.451129219751905,-62.3345542737939,26.23235766498978
20210416,47.52757124794218,-47.08400073842998,-41.99434692496822,-63.76398739466313,32.255165974159176
20210419,52.587230430523014,-47.80465706197647,-42.565328020359225,-65.01165943448082,37.04789201511877
20210420,56.8331874365591,-48.292505023439965,-43.01191932597122,-66.1301098542902,40.82828933579213
20210421,60.49682042038053,-49.27931485658375,-43.69820211662636,-67.05004061624604,44.114379044741426
20210422,63.35819586644007,-49.99469552575008,-44.25210616613915,-67.73668222162564,46.81393861703711
20210423,65.69693439466604,-50.47582416375259,-44.6193689308175,-68.21858014127034,49.10116958221979
20210426,67.74583348970971,-53.52177305941185,-46.54558209452707,-70.55240008869889,51.132571106807404
20210427,69.74382542374263,-55.98512951953459,-48.02448606888993,-72.67505309763557,53.068407710839196
20210428,70.39336171163784,-57.72412886799026,-49.25069257101201,-73.91687129850929,54.3510685398256
20210429,70.83244477415636,-59.554573208688204,-50.37860600814772,-75.18115888405012,55.76569877987519
20210430,75.54859459019106,-62.508348493644526,-51.46337301862513,-77.5413034375239,61.956048834868106
20210506,77.35318208591691,-61.583518511831,-50.28007452938257,-74.71204097707597,64.38988169771216
20210507,78.80073475260987,-60.96478971855142,-49.36837415263151,-72.45532539658159,66.64670341087276
20210510,80.37363548181617,-60.15765891522449,-48.513228012350325,-70.50316606767888,68.28796669043851
20210511,81.90200292181372,-60.10974013096239,-48.02565893425643,-68.89023822642896,69.05945946188447
20210512,81.62825341742099,-59.25607105899574,-47.17721810341548,-67.1673155866916,68.33860733674264
20210513,80.9226492546873,-58.8914433400854,-46.98302807456814,-65.68659327085459,67.3475741343506
20210514,79.42334345470837,-57.83723586597292,-46.26310612715663,-63.790148747459504,65.71543360844925
20210517,78.3122914088135,-56.84871233917212,-45.55482144371668,-62.172890946138416,64.42764492101432
20210518,77.62543716630705,-55.778286625028876,-44.91797319162622,-60.84084800399679,63.40823132476275
20210519,76.85006167660363,-54.724435437822095,-44.315764332179796,-59.8375069625987,62.52604224492057
20210520,76.30371253121686,-53.765344877817455,-43.80354551090988,-58.886120859351195,62.0131984549528
20210521,75.70437539797724,-52.10780455941332,-42.42005748719143,-57.708286920402074,61.36394478744194
20210524,75.22997556267285,-50.83524159504727,-41.40993097852164,-57.010907490738475,60.903808296384284
20210525,75.23034226903273,-49.80543911292985,-40.60075410218073,-56.48798875275569,60.66993601620061
20210526,75.21760208666184,-49.02512617868089,-39.981435979191666,-56.13672279078636,60.490158855834245
20210527,75.08884358767966,-48.32791686186831,-39.55215853961739,-55.91385954403514,60.244977040933996
20210528,74.5089878662461,-47.64711635047201,-39.15583014091504,-55.299253512395296,59.52133868491092
20210531,74.58625846415907,-47.25946022160037,-38.845770958933535,-54.91681643547205,59.06889809748425
20210601,74.64302267146013,-46.91076033620402,-38.65146559184849,-54.60736924814083,58.65943234286252
20210602,74.59202269084436,-46.46451268592979,-38.39219287031504,-54.01011778812541,58.18515769590361
20210603,75.90484337031725,-46.96146519512609,-38.84489922750994,-55.652543065593804,58.78215297478554
20210604,76.59330463241609,-47.18041938645879,-39.11143894205445,-56.91922748664136,58.92203497139526
20210607,75.7621206052337,-47.4485641900912,-39.35289330680381,-57.97063170173231,57.904138763959466
20210608,75.09908870015431,-47.2015253948834,-39.14419812383743,-58.46973269109291,57.24922208738558
20210609,76.11145662695284,-47.759406034786664,-39.593475945673354,-59.578058893324744,57.74355338692657
20210610,78.41085336272428,-30.019590653411655,-39.967448899998075,-60.511372130253775,59.1017381961711
20210611,81.63233688518031,-33.7051800697075,-40.14361144755929,-61.753574282459645,61.39786192593554
20210615,79.87396062598792,-35.86528241550329,-39.68715788861434,-61.557095991878874,60.64383840323704
20210616,78.48168600010405,-37.85328120413064,-39.48247907155192,-61.05909123123705,60.04519135669569
20210617,77.58553130486584,-39.52505035179126,-39.278309542954354,-60.70646094479314,59.55916476056653
20210618,76.14184239125129,-40.62031491543251,-38.965062818049795,-59.796016134280244,58.66477221060862
20210621,75.00090912697745,-41.943372139330634,-39.18467998947444,-59.31156243051397,58.145095068980105
20210622,74.07786105090979,-42.86323312844867,-39.249485660317134,-58.95840170130373,57.76278934846237
20210623,73.36012576401757,-43.534451872848045,-39.293023465449366,-58.52074111649877,57.450907950824366
20210624,72.82341440328139,-44.10173736661352,-39.35300846117668,-58.23711983353438,57.14474041050431
20210625,72.50091213319199,-44.64770790763182,-39.411646487791,-58.07926114262513,57.00214162107266
20210628,72.37304460983485,-45.34738237766062,-39.63527493294785,-58.458780588007414,57.08737832800908
20210629,72.25031077087472,-45.93124223441854,-39.83896496853289,-58.65030361582281,57.174519956985556
20210630,72.08527227966128,-46.26324449148708,-39.74184463702113,-58.623454809520226,57.18008290209829
20210701,69.57996759244067,-46.394084043253365,-39.55065467587769,-58.62001884343175,55.89660746956789
20210702,67.4283667936499,-47.04417452625001,-39.874549185302314,-58.9634806142836,54.68932991378775
20210705,65.93825353118653,-47.75315324864903,-40.292233521014985,-59.30214332231236,54.268283868801355
20210706,65.26407087104529,-48.31161735685737,-40.51271487521663,-59.62604562837013,54.72360641974912
20210707,64.38816645338629,-49.17332857651429,-41.102691359051384,-59.88133745579242,54.67857718456065
20210708,63.65659362949703,-49.856367074520676,-41.58478736457562,-60.076866210432456,54.63775006635858
20210709,63.066621382200246,-50.37865879953877,-41.71830903298395,-60.22958603966898,54.60441927902101
20210712,62.592669133407234,-51.11614203133537,-42.300232113411404,-60.508137450678966,54.53067991756485
20210713,64.5470811467243,-53.56673661972315,-44.52017308811834,-61.742734467629134,56.70073299365452
20210714,66.25645844523,-56.91894055831907,-47.10420237955159,-63.68649465849326,58.51872906616318
20210715,67.72137255887874,-59.721586266701095,-49.2130154664901,-65.45434838329268,60.143180519034594
20210716,70.44459562690379,-65.21825598538685,-53.01697638173686,-70.37356675421948,63.06887116531907
20210719,72.50311788986801,-70.07100028097061,-56.26570908456828,-74.38914391324833,65.4365720710073
20210720,74.15817331885027,-74.26203186165097,-58.993694415220226,-77.44362356329528,67.38555393405564
20210721,75.30786925762217,-77.02610123127783,-60.38741437368322,-79.20367301223862,68.73702988132243
20210722,75.4285513635155,-79.74790385263076,-62.5398822536712,-79.36502710481558,68.59568256163566
20210723,75.0691052433628,-82.23982543317145,-64.06301675177261,-79.87036247193495,67.78981168165214
20210726,74.16939740765892,-84.57582022798391,-65.28825780143899,-79.78365800321916,67.08246611358479
20210727,73.34627952727158,-85.80765411962636,-66.4147983799086,-80.02480255638542,66.49320173129698
20210728,72.71849840397431,-84.94525804094035,-67.00367990869135,-79.66301670448705,66.11601168509033
20210729,75.76719395089735,-86.08060597304411,-68.89501005933663,-80.73260773594424,68.88500266953773
20210730,78.87462177264241,-87.1418286811557,-70.6125687225342,-81.50839493623076,71.54427844636625
20210802,81.7638159678576,-84.22975808218867,-67.67769188182793,-81.46382369726577,73.85952756666954
20210803,84.22254016336863,-82.00133621385466,-65.43788528475562,-81.246493076424,75.77128995683886
20210804,87.11647450029254,-80.04273888857776,-63.55857997514854,-81.14835260877345,78.48228197822756
20210805,89.40448059041043,-78.43046376971319,-62.01343347530427,-81.24439550682328,80.18443005872813
20210806,91.14518792530328,-77.29823621049924,-61.15610363654853,-81.40997503113127,81.4470875368204
20210809,92.1383859429313,-76.29753094740146,-60.54886309623595,-81.55950491176162,81.61274162284201
20210810,93.00138493524574,-75.74409955055314,-59.95907199252418,-82.3896081805962,81.78449272961362
20210811,93.731845574304,-49.812499000308655,-58.657344289182824,-81.70791018578214,82.04082812884553
20210812,93.59201383809437,-28.652956358015413,-57.580990050136606,-81.33955497012329,53.59560173908985
20210813,91.09014009883553,-11.36482533052785,-56.53165249465731,-80.99105627311481,31.887569045263646
20210816,89.36903810899072,2.489653393532113,-36.89492646374148,-80.60936254470117,37.89359429924276
20210817,87.96431949974988,13.783118393127749,-20.85956071274783,-80.47133800315348,19.242868376324047
20210818,86.77849251931741,22.766651726636393,-25.901199641978128,-80.57253712553906,3.9124672566650505
20210819,85.76303929199103,30.1936268510686,-30.01909009477403,-81.63389494846689,-8.670993232433858
20210820,85.26261336549767,36.311208708557615,-33.51655434741913,-82.49622795431145,5.08853524902646
20210823,85.59534836657735,41.28837726024368,-36.38030340139351,-83.81441126581092,16.669098742786474
20210824,86.07106620039536,21.724573156692347,-38.87251942751663,-85.29199339032576,26.16006610507463
20210825,86.54112971452162,4.945645803561847,-41.02451508006952,-87.11097572466012,8.905884431119802
20210826,88.42297782821086,-8.773116491757934,-42.782785722603485,-88.44714307188221,19.815821755067212
20210827,90.31539409314465,-19.961182249499025,-44.28126921158205,-90.02610883459832,29.14978827404556
20210830,91.63225064318537,-33.06990771564826,-48.40748310147841,-93.08998834843962,36.756783849122016
20210831,92.722520983817,-43.60755360181683,-51.709194373493546,-95.24352849844523,42.984815308997746
20210901,93.82243984329217,-51.35700259743107,-53.71761461334573,-96.73330400145983,48.04403662348067
20210902,94.76239311472585,-57.63181611840005,-55.3097217969024,-97.9746699027937,52.36942401215323
20210903,95.59414150131748,-33.09119639481944,-55.42454941576969,-97.12747539800515,55.85900771717585
20210906,96.91147122404792,-12.958190035615862,-55.52092251403886,-96.37661914809141,59.418807043043955
20210907,97.4797305323368,3.5392371853441795,-55.72154984087286,-95.72560690256174,62.04842953784278
20210908,97.514307115072,19.101838041383456,-57.26386915338941,-98.44476160436191,63.39949088896618
20210909,60.762561054554816,-0.6551690790001553,-58.50483050277426,-100.59669773333925,38.045504812737605
20210910,24.88736004198689,-15.20089758794477,-58.011426413872655,-100.55907960661476,15.3894791700797
20210913,-3.805341600064594,-27.814976946887096,-57.64301626547473,-100.7782117491298,-2.955779959954859
20210914,-26.94098139613227,-38.63876243229664,-57.52900715445836,-101.49897703614343,-17.911188692356294
20210915,2.2611794510552055,-14.827417916585816,-57.9697399751324,-100.98987538808814,0.781517420081266
20210916,29.036384642981524,4.386341953728698,-58.179266704415376,-100.64399996089992,17.385736924992262
20210917,50.7855428994056,18.052249335382662,-56.903292068750275,-98.30984602503719,31.64816979938316
20210922,70.43886465019884,29.13416984812384,-55.60782905743332,-96.13869743666042,42.76059113481706
20210923,86.55110239826698,36.793554152888014,-54.001960226548384,-65.00755162331119,51.84964894558366
20210924,98.8058991382453,43.30585844388462,-52.75781808189721,-39.22300538681746,58.94150165007569
20210927,107.93300428020582,48.25829170147037,-51.61926859046266,-18.28080533586218,65.53935988852382
20210928,113.03766301331187,52.2004867351341,-50.67222209502792,-0.9540525625707058,69.38812427837964
20210929,117.725658128793,55.490901455644675,-49.92201030511095,13.26686113792175,72.52572886071091
20210930,121.45155700954615,57.5957874024643,-48.97224528926316,23.353840705292658,74.83181201943711
20211008,81.43575178068498,58.36574024204465,-47.62632575093166,8.281377239112992,74.81124977885119
20211011,48.652229382794935,59.065762883174244,-46.58163623720832,17.4903379071497,74.82078997190042
20211012,21.92985641471872,60.09965238357743,-45.97986555280051,25.307280084798094,74.87663203578938
20211013,1.0846293069774184,60.94932725609713,-45.48539519952042,31.78099933406675,74.08086160934404
20211014,-16.175959756516882,61.39415930891751,-44.80777678151774,36.82168516562751,73.73079400411693
20211015,-30.477803438196556,61.613934593914884,-44.221968427797414,40.99264172033009,74.13596438575041
20211018,-42.009415876894934,61.64931769065311,-43.689041444652,44.46145369241704,74.31698573947155
20211019,-52.13947134434403,62.55336606716424,-44.12372900589865,47.941594322325884,74.87997207746257
20211020,-60.867704296952006,63.24308753869013,-44.49073383560221,50.75338051740132,76.04232039894862
20211021,-67.92287966665756,63.881133645100654,-44.79394775795956,52.97119604533129,77.43707216993005
20211022,-73.11845987260278,62.825909446519674,-44.137142171903,54.24589417337213,77.80615890404836
20211025,-77.40793457019554,61.963304508239666,-43.57980562850862,55.250444662905586,78.30497255485444
20211026,-81.37460591117029,62.35103903439262,-44.15622709922888,56.85110305807299,78.89381115514874
20211027,-84.75422531911373,62.36523989047258,-44.515913766687056,58.0839906141865,79.56199977523593
20211028,-87.48350202476624,62.69185547054323,-45.04461261545345,59.35178737483175,79.65621763297351
20211029,-89.68654682300331,40.01512427126642,-45.065474518892756,60.0437061141106,79.82471027269573
20211101,-90.76686943205436,21.800041109872495,-44.97088960530382,60.15609277276737,78.21028760298452
20211102,-91.91699834285636,6.933619109730067,-44.88123480990517,60.26715520724436,77.25968516679562
20211103,-92.86258674054024,-5.019142200873047,-44.69857399449593,60.28286206770493,76.33153135552428
20211104,-93.44941353715434,-13.639137854084195,-43.953884552586054,60.36053469414747,75.02030388169806
20211105,-95.39818509853602,-21.747847589729034,-44.63079877468659,62.99509877478727,74.27514159986673
20211108,-95.75600138772118,-28.026156344207184,-44.89509186603844,65.12333621964595,73.01143296932973
20211109,-96.04906023813696,-32.555976380985996,-44.71215012652063,65.507557626859,47.97671600597187
20211110,-96.8070468910005,-35.59679627697785,-44.07372468266227,64.61015681854326,27.048346933977673
20211111,-97.13987041189576,-38.099582467332866,-43.67090439999024,63.93821502504541,10.188294390837113
20211112,-97.41624345543076,-40.27008958644782,-43.39956415453789,63.42211121132596,-3.590784745275282
20211115,-97.95672495989933,-42.22890540871796,-43.30318770112017,62.95828577179889,-15.28316322225149
20211116,-97.88872736742461,-43.9807560510018,-43.2823206403556,62.747079398205436,-24.53093527496013
20211117,-97.92641139297974,-45.40520642963332,-43.169066338318395,62.488915294202485,-32.08534177261357
20211118,-97.79125635186605,-46.525338867750094,-43.047817054679584,62.27692324403048,-38.29170322332347
20211119,-97.95231553912237,-48.07854321884418,-43.53099499883712,62.56832635559918,-43.32063384095438
20211122,-98.10511509103821,-49.0456302404968,-43.623644607778346,61.85631548089396,-46.28433070137683
20211123,-97.45692860214308,-49.91673335783959,-43.636151445105156,61.75555845697206,-48.60853543756515
20211124,-96.93059859593578,-50.54335945248774,-43.69064618447487,61.427537609818664,-50.51628083135869
20211125,-96.30955420490673,-51.053543809275716,-43.7723422532817,61.2844822808576,-52.01023753650772
20211126,-96.01957873902144,-51.82243472021109,-44.09289251183814,61.81492147636069,-52.89629351525855
20211129,-98.49353481016941,-52.74003707017525,-44.51503810462862,62.67336018096704,-55.06116224973498
20211130,-99.76821256627512,-52.854416994324424,-44.60696910530944,63.045275277364865,-56.801937213451545
20211201,-100.96740662910842,-53.33676214704131,-44.96755819684894,63.70148553656797,-58.16997454576484
20211202,-101.94752995125043,-54.66960800661073,-46.042408768014475,64.6598099138263,-59.4682505867229
20211203,-107.64777257151871,-54.71145845235155,-45.95742164900878,63.98991178411897,-61.8716195533167
20211206,-111.91842685946666,-55.03354263123186,-46.21186271842275,63.726234037319884,-64.10206400790683
20211207,-113.52927948671933,-55.98974475881477,-47.06992192659868,64.5652310187641,-66.13866111459599
20211208,-115.43823074041785,-57.28685955175125,-48.12317602247285,66.13298362114976,-68.11903339305937
20211209,-115.20235180910046,-58.33223258344734,-48.94503684963963,40.87062979296518,-42.96639895407583
20211210,-114.70976086353045,-59.13986566320788,-49.602541506800094,20.305302371417902,-22.49547467066315
20211213,-114.2792989150401,-59.81207689938254,-50.140392713279006,4.111630062944949,-5.755699303461562
20211214,-112.47712940456076,-60.21398835464964,-50.39677117037893,-9.131303420259396,8.257157380453817
20211215,-109.84302973314519,-60.78257141411549,-50.78658068471746,-20.123016634942562,18.74696010803761
20211216,-107.18929223273106,-61.08964514556038,-50.88302710799856,-28.87216501435459,27.282528748150238
20211217,-70.38220050156323,-61.057660077863204,-51.07124686956244,-11.909034889376084,34.39899476106223
20211220,-40.25358393541642,-61.081857941846884,-51.06344644410546,-21.82091906225948,41.789240041478585
20211221,-15.031353287574632,-60.72508953960583,-50.579459284776746,-29.815295685570735,48.25553976868617
20211222,5.4087575234699585,-60.41983426211592,-50.10808348776428,-36.667546911596595,53.54401787725459
20211223,21.020257816809824,-60.13245734235801,-49.72662013904678,-42.349253228599295,57.526392805011746
20211224,33.88790653541946,-59.35993159753538,-49.14413931045405,-46.43876076662368,61.88461099526114
20211227,43.84233701707896,-58.77796261201002,-48.671659500084345,-49.81667462825846,64.58260152424081
20211228,52.63705320063733,-59.5669445296232,-48.68152549473707,-53.02112909717242,67.40192260873418
20211229,59.272249236560825,-59.920783676060914,-48.5501801428119,-55.45927338188652,69.31499927026745
20211230,64.71791368705736,-60.68626791667207,-48.52657318920072,-57.5067471715654,70.87598340583189
20211231,69.11072030693981,-62.505987537190826,-49.45793520622396,-61.00463755401918,72.28687985300729
20220104,72.10726784321191,-64.04913559565496,-50.09022911776672,-63.11474592812895,72.77486730263907
20220105,74.9974456140742,-65.47982814990021,-50.5503349011624,-64.9408423303254,73.41894852306108
20220106,47.26617236935543,-67.13141053114319,-51.31918373534854,-66.5374252420903,72.4624935253197
20220107,23.894102991981523,-68.66437866051453,-52.05520738949084,-66.91634214784634,72.9750365858577
20220110,4.639957842201465,-70.1273234203688,-52.79645738474587,-67.25308471085003,45.83891467777694
20220111,18.69940018551552,-71.20500972336337,-53.40708846051939,-68.26422559058675,51.332091628529405
20220112,31.172259407288212,-72.58115426043567,-54.477432278788584,-69.12555483939275,55.98124662617691
20220113,42.01644212990728,-74.1837686757435,-56.129073680501946,-69.89268399830553,61.19399254346532
20220114,50.271211958291964,-75.60288075766998,-57.60896734386642,-70.68161302450883,64.56604082215456
20220117,56.94888572035676,-76.83214880422149,-58.93188540139125,-72.39438103912775,67.54397004532794
20220118,62.421373669129316,-45.42829954628262,-62.993500721577746,-74.66739084886224,70.06623282390414
20220119,66.78414591394322,-55.4110257285353,-67.38091579118647,-76.42057594183572,71.9323789382755
20220120,69.38674539033222,-62.786925526394356,-70.93263462632207,-77.0188884041974,72.55597792790195
20220121,72.51749128713818,-68.6443243937623,-73.85317165160174,-77.24755140429542,73.43512585716849
20220124,75.06917900811655,-74.34542153448743,-78.00213961251247,-77.83455991361683,74.26256787596884
20220125,77.48340526196581,-78.07727118125476,-81.46589752997488,-77.93991725051939,75.62651398232686
20220126,79.64038815248789,-81.46449462247503,-84.26631214820947,-78.23305916533164,76.80974470702495
20220127,80.1403692033856,-84.69872732054891,-88.82139007429711,-78.56452111384057,76.24110564005224
20220128,80.29099022343027,-85.15252228932957,-92.32610333299424,-78.22415111504503,75.78404458441315
20220207,56.674646821426236,-84.86138788564922,-94.02969112006919,-77.88040977226439,70.22453676839356
20220208,55.425587341469004,-54.979614379940195,-93.08788588758604,-77.4115188808604,65.65241489097055
20220209,54.394253825968526,-30.63054415752124,-91.55675770780228,-77.15686033749924,61.91101854305781
20220210,54.12384048742841,-9.989001254274141,-91.10233707247224,-77.22459627293284,59.398701064989915
20220211,53.46286606664872,6.40582532386696,-90.70673684153698,-78.27519822513658,57.23735592581844
20220214,52.83708797211601,19.74710817023233,-90.26988671654631,-79.105415987299,55.46130615192714
20220215,52.190297117171646,30.878592251897715,-90.28197779941218,-79.69420216785188,54.02689712631679
20220216,51.661272777560555,40.21031867533829,-90.13955173013646,-80.1887946773324,52.84459087171359
20220217,51.22200626894279,47.81017128317517,-89.61820017041263,-80.54215357988276,51.906087117390115
20220218,51.2532986541009,24.594194364229416,-87.85721221098652,-80.87143073619433,51.57642222998408
20220221,51.40306851034101,5.369835667659374,-86.63961463809551,-79.3041965214914,51.425000315880695
20220222,51.60367306336877,-10.362830216720711,-85.19315756294087,-78.25188836960291,51.21934025256234
20220223,51.7717669405878,-23.224724982453594,-57.00749860748938,-77.37640328759946,51.05113790087102
20220224,51.433607000588104,-31.592266515127278,-34.998697737042065,-73.19168261720463,50.17098369537221
20220225,50.118199244698985,-37.26833133758811,-17.984226336130995,-69.2874317901362,47.901008186697226
20220228,48.9040458872221,-42.21158612940788,-3.8681341752304648,-65.9594142040876,45.98030018451954
20220301,47.95162464122303,-46.179372836308495,6.304424194117476,-63.07691970560461,44.39379906575258
20220302,47.133300265470126,-49.401548206276104,14.505194890752017,-60.7187453630584,43.09688946626088
20220303,46.51108323259312,-52.01278078610303,21.164425300013438,-58.59434042896433,28.36313892780944
20220304,45.99513339936687,-52.677507289030665,10.640332292676273,-56.36662372236607,16.3249635276751
20220307,47.236195785115235,-53.453946245440825,1.9946648919717196,-54.40493824045272,21.147209812488274
20220308,48.25964389088542,-54.29065878388971,-5.242915058053572,-53.14192536079674,24.939988717653154
20220309,49.06699258029349,-54.71134724220739,-10.67088364930472,-52.36678743305951,28.00806889230485
20220310,49.351021667291235,-53.74579575929587,-14.676653191045975,-50.8501604987651,30.322665131309133
20220311,49.8814342750938,-52.9911015478515,-17.984638703628523,-49.56011288068354,32.28125167818496
20220314,50.4080667948227,-52.18444192951017,-19.806274586077134,-48.298765429122334,33.777593107384625
20220315,50.44104012498649,-51.34547004261147,-21.11027946867081,-47.07781913204008,34.57566849577129
20220316,50.38516640153536,-50.44729864500891,-22.09395273041985,-45.922545811136146,35.12224290745018
20220317,50.34528142836641,-49.54999553959367,-22.717211415588007,-44.767226164454414,35.5150752677683
20220318,50.1571154555365,-48.85652281933465,-23.27177773869984,-43.65479821117168,22.377958368688752
20220321,49.99260085418884,-48.19668433780989,-23.705110028914138,-42.9754123640271,25.00890076291425
20220322,49.701947404886155,-47.61086424389692,-24.016788444894996,-42.43016351956367,27.049477793999436
20220323,49.457616420037496,-47.10202757773152,-24.349716709873576,-42.02113319428346,28.702505404416538
20220324,49.935172245929266,-47.5671825471589,-24.729405486187,-42.9245239361186,30.441181628077803
20220325,51.45669025927879,-48.26492393966485,-25.05838469292955,-43.94391446583825,33.15329390799766
20220328,52.87627231405101,-48.949028844804566,-25.327794865409892,-44.878539251421856,35.22766143468813
20220329,53.65150093530095,-50.14638098233518,-25.82794907973982,-46.02464033875782,36.971398536216256
20220330,53.919952974871975,-51.30171284720293,-26.311674036650864,-46.95064578833513,22.381003751416838
20220331,54.16226281920134,-52.403903567546784,-26.789669817741643,-48.058268485115576,10.440063218917187
20220401,52.34997064461088,-53.95030705241057,-27.502719780692836,-49.495688292205635,1.8337357795052236
20220406,51.93353272158091,-53.27596523200495,-27.571070501958918,-49.79801680341531,-6.2514232607129285
20220407,51.75728101927106,-52.71919242744002,-27.629592028679436,-49.98804759346933,-13.315216405130199
20220408,51.685620614562005,-52.53849910217848,-28.125996537656448,-50.31158479845621,-19.236446046865215
20220411,51.72063715352325,-53.46467222378926,-28.693521081833282,-51.568222788800874,-24.150117083218515
20220412,51.88478376670502,-53.937278469945404,-29.009923054462412,-52.03960531634169,-28.157732190820223
20220413,52.07672814223592,-54.63148544869992,-30.197679043015867,-52.7670490774802,-31.4206588306748
20220414,52.55732635408651,-55.43667432668122,-31.47676412453005,-53.72894297659645,-34.327799015463846
20220415,53.235901574316266,-56.42617306051985,-32.625344641910715,-54.681902384745385,-37.12280531597004
20220418,33.3284975022718,-57.65010263952732,-34.28877820639738,-56.24833185262124,-39.39615800438711
20220419,17.117346368747402,-58.595295220070625,-35.62887607301972,-58.25176294285699,-41.55693965172372
20220420,24.087965284728,-59.388257509146094,-36.434044326831724,-59.88226844675572,-43.35447748320471
20220421,9.084163152817993,-60.07485146012642,-37.31155828845359,-61.28401325310736,-45.86815667893088
20220422,-3.1378049326404396,-60.89304480108226,-37.99005113222522,-62.43848218172965,-47.352494514278895
20220425,-12.533357968279455,-61.25093368924088,-38.60264844673971,-63.70729974168366,-47.72949911180117
20220426,-20.17991336472613,-61.525257064521405,-39.03336152546386,-64.5165814312237,-47.72793601204728
20220427,-26.439205444909494,-61.66718945847244,-39.324034181612944,-65.58861152795069,-47.614684784986345
20220428,-31.54483087510977,-61.79483493212863,-39.43175668218229,-66.70054081838155,-47.17026179709382
20220429,-35.985295744346644,-62.19635260287503,-39.578431284524605,-68.02917745133776,-46.98791595077689
20220505,-39.60411016373298,-61.746770773846116,-39.227511402419196,-67.55597252933966,-46.80754420963113
20220506,-46.76754337601217,-62.07178476047214,-39.57558923806235,-67.40184746624664,-47.6148935599527
20220509,-51.90739658266391,-65.36258483768836,-41.29528491373184,-69.4964016439309,-47.94817537410068
20220510,-56.17164745255689,-67.8908200693465,-42.70954953639912,-71.96178366968428,-48.15513880585035
20220511,-59.980155387375156,-70.4473228303165,-43.93738624460264,-73.8578206085026,-48.394634046436074
20220512,-63.605968822993276,-72.58042434558249,-44.764512132663924,-75.64153722303779,-48.619604086654746
20220513,-64.82393572754398,-73.98787452817308,-45.67130841847522,-78.16201544731597,-48.46268090829142
20220516,-65.32695904687114,-75.26712911535698,-46.403138618886075,-79.68848941205685,-48.21425374745554
20220517,-65.70422164027674,-76.39258369291336,-47.04145357448349,-81.16487170259211,-48.2666781025904
20220518,-66.0313970653533,-77.53582561814204,-48.01564967051136,-83.73879874910006,-48.31240594091178
20220519,-66.22511275450573,-78.51582038471412,-48.81167489174995,-85.82810495648395,-48.40943937758341
20220520,-66.8907541020569,-79.60757558041624,-49.43020315581025,-87.70616082180206,-48.466425391590754
20220523,-67.5107130364635,-81.24435069525137,-50.65055476220252,-89.3207136640081,-48.484602311997534
20220524,-67.49340999982199,-82.73811763281529,-51.56291308097568,-90.83748874787986,-48.03046785859021
20220525,-67.64294750313101,-83.84658717193022,-52.47905945217587,-91.92094407762305,-47.96049950358531
20220526,-69.4784875465848,-85.4076694342483,-53.16855501081051,-92.92027890948995,-48.897798207206804
20220527,-70.3592509503304,-86.76322564022756,-53.70836777531674,-92.69101083724219,-49.74612364954223
20220530,-71.05175342276502,-87.70408023106411,-53.667062696540775,-92.73105674620321,-50.50247128427188
20220531,-71.96775397380645,-88.207536473101,-54.158059502449206,-93.409700061506,-51.64793755818859
20220601,-71.92192407301576,-88.66796839350313,-55.24416312830604,-93.97138543844616,-51.975467278867946
20220602,-71.95582335259645,-91.2228444202352,-57.088315119884584,-98.54676144860896,-52.18166721910734
20220606,-72.69720973520437,-94.64861870280292,-59.876707226392604,-102.73498254973852,-53.77043047797098
20220607,-74.32048721149438,-97.57364574981135,-62.13303689519355,-105.88292503957945,-55.32887413887057
20220608,-75.20641201491682,-100.81950072967318,-63.98008406929368,-65.85171930983542,-55.965569219972586
20220609,-75.88528392006378,-98.67128461708667,-62.19848575647867,-34.47411168471215,-56.44353325323329
20220610,-75.96277311666148,-96.85726065829013,-60.936483305679054,-47.30652651803667,-56.32363231756455
20220613,-76.2600995444688,-96.09368983294439,-60.07744489556065,-58.457700614354216,-55.628737424331
20220614,-77.4318074536577,-95.393315891187,-59.23102105111955,-68.64286892280735,-55.30985837611292
20220615,-78.23576328296271,-93.58842087645553,-57.8020150629307,-73.00377720545544,-55.02407476512285
20220616,-78.86336550092379,-91.32313464246803,-56.56059930560387,-75.15007042351264,-54.79017205479705
20220617,-78.76653517817059,-89.45551709999482,-55.569903479298176,-76.67151851102328,-54.24779495395907
20220620,-78.68674692434547,-87.0586353553659,-53.971626108437576,-77.42733498864385,-53.62177078714853
20220621,-78.52447060546213,-84.10289735584202,-52.552622308892204,-77.16717398405937,-53.14123227403467
20220622,-78.78861155351679,-79.94249494618141,-51.497885105073415,-75.91039972953133,-53.260372093456795
20220623,-76.04961751070944,-76.67925216368073,-50.676358720465686,-74.61371249296762,-52.66559381327874
20220624,-73.62585628519213,-73.26218408590546,-49.30988831448973,-70.61029840676194,-51.83269022527508
20220627,-72.0951303945654,-69.82319081554972,-48.16714694358182,-67.8938017720699,-51.2895054358345
20220628,-70.21104242071469,-66.55953625637815,-46.43644141537973,-64.80538881375936,-50.723240269719795
20220629,-68.74725326668529,-64.18473754561987,-45.097739749955394,-62.40850510357507,-50.304752489056085
20220630,-67.70859080133239,-62.20768889881318,-43.96759729830806,-60.459740623824295,-50.25457279122127
20220701,-66.86017449383347,-59.511181936793754,-42.526839231227875,-58.593217017006396,-50.32498027258202
20220704,-66.13898250644854,-57.49629656021897,-41.38032759492096,-57.08749750493304,-50.255510327110954
20220705,-65.54193410006309,-55.2192477906119,-40.288174763801685,-55.522642526483985,-50.34928836106722
20220706,-65.58961722666113,-53.44350451532017,-39.248535578825575,-54.08411378635388,-50.9863609137696
20220707,-64.87820685512291,-51.98281319536217,-38.60565106297,-52.90539929704465,-50.469196215553865
20220708,-64.770737268541,-50.24892787422705,-37.54745520979208,-51.03780382779884,-50.41683549278171
20220711,-64.4565533184224,-48.693789292031106,-36.66378008749636,-49.37850433078501,-50.51680178996807
20220712,-64.19040683208836,-47.499272154555456,-36.07237639983306,-48.13024127744023,-50.5940611565989
20220713,-63.90458368365518,-46.2027696629427,-35.5703821938403,-47.18192497084074,-50.622738038221385
20220714,-63.42786143452035,-44.84892495728759,-35.0897963485575,-45.79793655497961,-50.58423993397889
20220715,-63.31616904448607,-43.75175715624681,-34.65020288982153,-44.665703040958086,-50.5775136713388
20220718,-63.01361000493067,-42.30606928462117,-33.27876992782267,-43.40248886908786,-49.73720853117167
20220719,-62.5714851473508,-41.18887003664314,-32.16563572743527,-42.324276265004976,-48.79858376004654
20220720,-61.99518362333165,-40.51712207271899,-31.152985776787705,-41.488390196629396,-47.850042115262184
20220721,-63.86310396354699,-39.97918419030904,-30.29462249422235,-40.786815801197285,-47.54489971743119
20220722,-65.47729116928254,-39.748936992232025,-29.767106058300545,-41.09353278851705,-47.44464910823429
20220725,-66.89538915147729,-39.8863982353013,-29.447237942175907,-41.276441234171024,-47.42332799207472
20220726,-67.29005206081231,-39.6604812771107,-29.168900994527952,-41.39083911612529,-47.33456341633569
20220727,-67.60027518714715,-39.47769479824536,-28.933397142974254,-41.460380692601134,-47.188542015532946
20220728,-67.7640239036687,-38.58184891789551,-28.276737015851776,-41.045372478549424,-46.88298912690973
20220729,-68.01209369198872,-38.37974323068473,-27.991664533643174,-41.06793232189836,-46.62502235261739
20220801,-68.41218574384388,-38.180727331913694,-27.741478531173968,-41.01837563676762,-46.640974174708525
20220802,-68.39456719876924,-38.844109566568314,-27.608484767084818,-41.73350056719512,-46.55724105487566
20220803,-68.5685357687951,-39.9137304983998,-27.7619095604317,-43.88780633598816,-46.90284094080896
20220804,-69.2159486270865,-39.79924589741545,-27.773500404164967,-45.19336776177179,-47.890852657917115
20220805,-68.24749122813843,-39.86850967444919,-27.772424633365514,-46.98301801003764,-47.66590776093349
20220808,-67.73561926140161,-39.72310574816976,-27.603911631968682,-48.35996303034924,-47.58598988754293
20220809,-67.40743660253884,-39.60783333266276,-27.520623254243727,-49.57159950063824,-47.54253162314658
20220810,-67.33086468250416,-40.33188848584056,-27.64163117800529,-50.679647075156424,-47.43934963952056
20220811,-67.4702397167939,-40.98480446924126,-27.693928832129032,-51.83912959187257,-47.37421015880884
20220812,-67.89787165365921,-41.53889124313186,-27.92890224654573,-52.905060368278825,-47.67756682034276
20220815,-67.78044230712898,-42.14340845822535,-28.826681182300128,-53.48010027066118,-48.41730633907864
20220816,-68.17056982001554,-42.625470517495906,-29.64400449185257,-54.3282588888729,-49.56819488134301
20220817,-69.53316635310303,-43.016272615555636,-30.40514434457654,-55.0209762274692,-51.36345729684214
20220818,-70.55366985241845,-43.1308082381891,-30.954976155244378,-54.9489210357707,-52.39345647839573
20220819,-71.93566967201525,-43.35292217097328,-31.456125665433287,-54.896442562900134,-53.41571022298507
20220822,-73.12203627119277,-43.43526491100745,-31.77284411045489,-54.87684739895116,-54.31323842416209
20220823,-72.44742489512684,-43.944577376949724,-32.24758506060783,-55.52850879354661,-53.90671437293357
20220824,-71.88083327943482,-44.151985146248414,-32.61414994863539,-55.237466871496665,-53.55995061194328
20220825,-71.078401049397,-45.648380890325605,-33.71176594935098,-56.059772795727376,-53.19316667058362
20220826,-70.00019829921334,-47.02133833559972,-34.77641586333605,-56.593444537575884,-52.54068211520418
20220829,-69.1236223131876,-48.237584618899405,-35.73752566069013,-57.149943505198934,-51.96734588071992
20220830,-68.59815034089759,-49.10717901562806,-37.001199561491966,-57.64557183903277,-51.58624725430458
20220831,-68.13706002118826,-49.905977706093125,-37.99068891655089,-57.977989280755324,-51.24003878794817
20220901,-67.79788017219656,-51.13888415923406,-38.42557577278895,-57.63471741352598,-50.919306791355325
20220902,-69.00962440602143,-51.922825387078625,-38.91177928962222,-57.40006366223107,-51.84064919099137
20220905,-70.16938498003333,-52.958226969120936,-39.928868995263194,-57.083528618071604,-52.8082354310811
20220906,-44.191757939839306,-53.79112765910494,-40.766718085630636,-56.81367646708715,-53.51871752752082
20220907,-22.918810578879476,-53.46142376234465,-41.03102738376992,-55.72271254594954,-54.16035659144081
20220908,-5.522433655827302,-53.293974304759985,-41.58094687093293,-55.37699671799268,-54.64630329727403
20220909,8.863803789373758,-53.386955179586685,-42.403316070853414,-55.39861138870907,-55.39440789124039
20220913,17.878549412088336,-52.88023806484786,-42.50418627243907,-55.18694360050427,-53.95113120894085
20220914,25.230375713201624,-52.473524136169296,-42.58714342998054,-55.208956725525574,-52.72770276113715
20220915,31.0155504823447,-52.07877393814598,-42.644937352951295,-55.213496183943555,-34.8103667541792
20220916,35.821179319920674,-51.97340694545268,-43.032424076027056,-55.57830195780767,-19.848886962362965
20220919,39.80449099460913,-51.951021224613186,-43.421301101639806,-55.87481274553173,-7.479897639506422
20220920,43.06298426760771,-52.326985191336064,-44.258875372800524,-56.30185055343835,2.5730707986581924
20220921,47.33208706451387,-52.31728633932668,-44.31674576419852,-56.29345234640138,12.00231073162984
20220922,50.85295755959366,-53.13927982302896,-45.18438838017854,-57.565491536695916,19.699781915895556
20220923,53.93971227134458,-53.778395254231185,-45.8248781017757,-58.53438557195325,26.132849753275714
20220926,56.79816027929231,-53.61648419178165,-45.13593979338727,-58.68507515908817,31.76539869113585
20220927,59.130342920326285,-53.4609922113907,-44.61057600166189,-58.00426395842183,36.27609310430509
20220928,61.21853331844214,-53.40337829007191,-44.11418892414137,-57.18473133189439,39.894237022711565
20220929,62.54327533459577,-53.28236270701656,-43.85149829614106,-56.493473072401294,42.6597846174007
20220930,63.421383668708344,-54.27564909768979,-44.22810552458621,-57.00554736997213,44.77346572610064
20221010,64.20512350971048,-54.565855254436464,-43.13669243424571,-57.74799409071848,46.45029781543353
20221011,64.63870698090842,-55.11800773876026,-42.19782829677402,-58.67564948122206,47.739499762043664
20221012,65.37022184949123,-55.281715053439925,-41.42957270577257,-59.384690850025784,48.95995456960013
20221013,65.98558698523328,-56.848302529755294,-41.0849595503968,-62.51812990384357,49.985532151005465
20221014,66.07725412052315,-58.07493249357866,-40.593822600159825,-65.27784843979742,50.65544136346672
20221017,65.08033306916212,-58.49492684754578,-40.11549976050779,-66.19546768807794,49.949264627811935
20221018,68.93176204036224,-59.94945630026148,-39.70998505321311,-67.18942368219908,52.39967126721886
20221019,72.0975581845233,-61.11764328041386,-39.26342969584387,-67.91599713586876,54.422760128194994
20221020,75.17972888962157,-62.441640890118215,-38.9212695380682,-68.51238965164781,56.48101418191176
20221021,77.72564622737792,-63.7586281163221,-38.685393568374515,-68.85019649964849,57.902981855639716
20221024,79.44457731523724,-64.62711751130338,-38.36420877696511,-68.8862115537867,59.03778667834772
20221025,80.80275613569769,-65.37436124695,-38.05389895781075,-68.92026751553567,59.96407412359388
20221026,81.53370101136662,-66.40024125327793,-37.99182418409218,-69.20128740285837,60.593798366294365
20221027,82.02945153930892,-66.96572725398424,-37.94057742741232,-69.39899799009342,61.072697403820214
20221028,82.42423083256804,-66.38530225129185,-37.75222361740195,-69.01059875041217,61.48741232049986
20221031,82.22446833830185,-67.70184008113189,-38.77553722554785,-69.77231985272745,61.89108233092939
20221101,80.39949240981005,-67.72228734402525,-39.13530160727665,-69.57370021936728,60.896368512330355
20221102,78.75713306970114,-67.43173708265627,-39.86229203941414,-69.70633557365943,60.33995283394555
20221103,78.05878138794294,-67.30333360854603,-40.38265492700514,-69.8592115970805,60.41435854405059
20221104,77.6632173593698,-67.1885281524121,-40.85311499662501,-69.36662019221878,60.309994964682836
20221107,77.28658957881183,-67.78957767925336,-42.52792546696821,-68.95807050500012,60.259457894873194
20221108,77.31605792934664,-68.2488946998887,-44.00782085798782,-68.63756659696297,59.506019505166755
20221109,77.40130736192226,-68.35050667520962,-44.83123888470378,-68.41609513870743,58.844887948468376
20221110,77.39437154747779,-68.44410838337328,-45.623963241752676,-68.14069268276121,58.24308555781946
20221111,77.59459138943427,-68.74177568898978,-46.350896291447214,-67.86052405488795,57.917451708689676
20221114,78.86021462720996,-68.6395362477796,-46.208533381582136,-68.56641805700966,58.49160864127181
20221115,80.43442882033365,-68.78352335090493,-46.62634286397306,-69.1570664146272,59.03758010845704
20221116,81.80729323887478,-68.95017077541748,-47.105886585161166,-69.56648525167354,59.42293577711144
20221117,82.78114682291763,-69.15623225231847,-47.31604584477148,-70.02076650294752,59.73477871792613
20221118,83.31545789593359,-69.29788844525591,-47.48793812086017,-70.03365232909688,59.97209246320918
20221121,83.93121909325615,-69.30903568861882,-47.8426578509478,-68.42873968394481,60.04967693744883
20221122,84.4261829097481,-69.44142409942262,-48.58139152457243,-67.06390966710194,60.1196482248773
20221123,85.2800547854891,-69.4857451943431,-49.05140736814997,-66.03691363346084,60.24911115419657
20221124,85.99449202309452,-69.18580601599842,-49.148318786693295,-65.15864215390341,60.669043703032536
20221125,86.70851642299237,-70.35023245925892,-49.824049920045994,-64.52230345746865,60.85332125014211
20221128,86.49671965288215,-71.15031627538364,-50.152050643448334,-64.29006356568475,60.98948003559438
20221129,52.2475700947617,-71.53043509979838,-50.354288082756284,-65.89425752926002,62.963316498658585
20221130,24.17009499010314,-72.54582863047014,-50.75056721208577,-67.15534918121233,64.76255460588473
20221201,38.17127363609858,-73.35938278079864,-51.01836121108304,-67.71336903649568,66.39564394624433
20221202,49.82075812455178,-73.35026831768951,-50.922242107686586,-69.79512335672277,67.87870699290346
20221205,59.21384098941988,-73.32628529292981,-50.84425325893225,-71.50534658864332,68.87790307902739
20221206,67.15619137048876,-73.35635254695761,-50.75834997329323,-73.01635311638402,70.98397761510539
20221207,73.52304728490104,-74.22845313305156,-50.90115869719708,-74.18682953805862,72.93519404451995
20221208,75.10296510893758,-74.8561767532774,-51.00798795878178,-75.24562605059057,72.6471550388729
20221209,77.18853713496787,-75.55680035576056,-51.66367961230705,-75.62540698310421,72.78238349796719
20221212,79.09248277995809,-75.67274819720271,-51.659122996828536,-48.50445906074739,73.39407068326062
20221213,80.70201385054203,-74.99371241896614,-51.37939312476119,-26.987706546082265,74.183357918831
20221214,81.55842056649705,-74.45311418859114,-51.178137869219995,-9.458658318788416,46.91695185721378
20221215,82.45943672041486,-73.93729436787743,-51.26165102488989,5.034239446040195,24.556741110244513
20221216,83.49807891332185,-72.85376678520382,-51.31529647442464,16.50077687850365,34.59286933226364
20221219,83.67051800405916,-72.16055757655674,-51.32461073428369,27.740977998534905,14.117350349885433
20221220,83.86929068600419,-71.58956128708618,-51.38266542247783,37.03682388882395,-2.723533640924721
20221221,84.03536206102348,-71.01849015610622,-51.42608423054387,44.4742935573049,-16.213348277190853
20221222,84.36654571798766,-70.80663075029742,-51.64950288306238,50.66513226903078,-27.361103595334257
20221223,84.90401517761646,-70.47157962501905,-51.90944462630489,56.214184175611116,-36.76529628507586
20221226,85.41254563312732,-69.08827164027983,-51.200266538737694,60.599160980436956,-16.840722608800835
20221227,85.95765387716776,-67.74626887786692,-51.14617772476301,62.07019365890053,-0.31898327910076596
20221228,85.66730097028798,-66.7871689826151,-51.153740479266524,63.35619393464381,-13.822886348953874
20221229,85.38375453165466,-66.02148646171348,-51.19337462518539,65.01780382116938,-24.958101067529665
20221230,84.8514547126106,-65.95972871977241,-51.22695022766763,66.37397819794923,-7.3595851196294495
20230103,84.75859894484195,-65.94896474964457,-51.29999823460211,67.66876124350968,7.406772553570514
20230104,55.339563128000094,-65.83057846091377,-51.404373877192114,68.5564216306174,19.2333426600809
20230105,31.53679319617594,-65.67177620074241,-51.424384370591305,68.70320188659211,28.700607479159324
20230106,9.586801983237608,-65.61099255024136,-51.45274701190264,68.92201879316241,38.11746578204373
20230109,-8.305230193870422,-65.37676668352917,-51.19559584675371,68.86383871752561,45.91270460189905
20230110,-23.424230445420783,-66.0439135846303,-52.22667682319329,69.27655917083446,54.404387447660255
20230111,-35.511105500583106,-67.36912339783274,-53.3461536132082,70.68649068670818,27.87452431885025
20230112,-45.28051993646303,-68.42188695174791,-54.30359027089799,72.0852677803136,5.221757343113101
20230113,-53.09215353973895,-69.33533023624035,-55.009858985639575,72.99157517534783,-13.108110274974706
20230116,-59.44812074925441,-70.9312765821306,-55.60630430214447,74.75597580116123,-27.5388537199602
20230117,-65.30163425329961,-72.39118880736696,-56.160295393795224,76.74281211337764,-40.278537249458495
20230118,-69.34949005298316,-72.73386278362166,-56.5515796287413,77.95485987209894,-16.835789898553436
20230119,-71.7749838193939,-73.11240776681795,-57.093103825907114,78.9579834741989,0.35659190870686874
20230120,-73.35223170273737,-73.93376147063236,-58.037436546890746,79.75157348968726,13.76540245133339
20230130,-74.19696274753309,-74.93458087201287,-58.74833661814531,80.32558625694145,24.443901881748307
20230131,-76.23562725358292,-77.39692167790692,-60.69682682316539,50.318685639427066,34.29882671091323
20230201,-77.88750747089733,-83.69501485032045,-64.99643239684859,19.21829862184505,42.44667469275003
20230202,-79.82082144953823,-85.45339092679902,-67.54065860601884,-2.9893080637276155,49.27127510352307
20230203,-81.76372252496176,-86.52384329304296,-68.75051762933622,-18.579137252610444,54.90052392209496
20230206,-83.83378500125511,-87.6373013858649,-70.8946374498233,-31.271010028924266,60.507150214170224
20230207,-84.88149561900312,-88.00732330903736,-71.98461660167094,-9.5000575673442,64.03633947053892
20230208,-51.73689045699413,-88.5522844460467,-72.8308079160913,-23.892926596040436,67.26760125051332
20230209,-59.75830389565198,-89.20269235505116,-73.84999895697068,-36.46240640617027,69.75353134417809
20230210,-66.37022530636231,-88.67208478684829,-73.93785771825071,-46.16622636233767,42.43110573388473
20230213,-71.69470995219731,-88.681584066071,-74.80581643924958,-54.21121239413009,20.454048889538843
20230214,-40.76649546719273,-89.55093389143194,-76.62350168477471,-61.18541431348316,2.3944314046875133
20230215,-50.99637928983632,-90.05460248432115,-77.81516772126723,-66.76750539833243,-11.819849311787307
20230216,-60.44257118919673,-89.96891706689561,-78.1461560110194,-70.78754225756514,-23.70123394474513
20230217,-68.81256054099568,-89.15882215768895,-77.34208508233044,-74.50151362823655,-33.70980104039302
20230220,-37.49849071212054,-88.49872912593995,-76.68341006072004,-77.4510828787726,-41.79432007631515
20230221,-11.833596868242497,-87.90717763898061,-76.08299164195316,-79.8696233909597,-19.969272491678993
20230222,11.026750871431616,-88.84160301784775,-75.59993047985073,-82.35230746778149,-0.43121436738581015
20230223,31.218915537410748,-89.42566063705901,-75.04596470335399,-84.37648914372224,17.46523535211342
20230224,2.374367590515976,-89.48130552174206,-74.2268530031524,-86.03638654217858,-4.704236558057811
20230227,-23.072505092920178,-89.96824438648606,-73.55113699350606,-87.4533810064801,-23.22403807828396
20230228,-42.426551123207275,-90.45947397884188,-73.54307668381271,-88.78511255306306,-0.3077897517765447
20230301,-57.928644857631625,-91.21012762830603,-73.67810509289095,-89.8603649298654,17.809622110485577
20230302,-24.15240639794898,-96.56972208319156,-75.25058408287677,-94.73198409793105,32.60240727034347
20230303,3.0093934680168175,-99.66384101848492,-76.9578170021551,-101.5651235908941,44.75006980530103
20230306,-20.773029397431202,-100.19831379943666,-77.1041163428361,-102.84375109293838,55.324700254350674
20230307,7.3569276236408525,-101.13903272232437,-77.4961761174963,-103.7052563577839,65.14910331448463
20230308,30.36881999440443,-100.70398231631155,-77.21740783636781,-103.88721078283811,73.19423684601787
20230309,50.517568449878446,-100.3494938971614,-77.00969911466825,-103.66824247787866,80.2389097527488
20230310,67.82657100313604,-99.46433007041897,-76.96401817879295,-100.0240430099917,86.42277683814838
20230313,82.88479105255183,-98.79947410720193,-76.92169324792094,-97.50852876215309,93.11547460869771
20230314,42.009985227773335,-97.0077075175897,-76.74331499452003,-95.56656188346619,98.753796027326
20230315,7.180714142301584,-95.61301975139992,-76.45133079188624,-93.81142582931813,105.28204784101528
20230316,-20.914289278949255,-93.7078445885924,-76.5793047123734,-91.86834726860467,110.01508621444881
20230317,-42.40412369687764,-93.49708753473878,-78.55883980661308,-90.68337570295913,113.89990734017229
20230320,-55.52085532446835,-93.46002637187827,-78.85150432421871,-89.7202350549391,116.00865152429536
20230321,-64.87775250387837,-93.38718235843781,-79.02416561063562,-88.9280743795038,117.67304146148447
20230322,-72.56906760382611,-92.31490420180769,-77.97803915485677,-88.3581377675092,119.69755466970624
20230323,-78.15457458588665,-91.40383402359222,-76.73761184262732,-86.20026989165001,120.08754702280845
20230324,-82.98908570615136,-91.70114571638142,-75.90735257099035,-84.55686627104879,120.70045467028731
20230327,-87.03029675631282,-91.85261306960265,-75.18886368794384,-82.88590179646074,121.17025787833124
20230328,-89.64604100326511,-89.85859012894676,-73.5482001568001,-80.49531879294064,120.71142972692844
20230329,-91.69087444094036,-88.1730622795289,-72.23368106137552,-78.65733417193846,120.99989470761027
20230330,-93.3460788389623,-86.06972314736645,-70.91236152874302,-77.23716940564408,77.10860798951197
20230331,-95.2011727386341,-85.40717281674279,-70.09827571975669,-75.70528956005055,42.01241254061356
20230403,-63.92337237233142,-83.91179606186986,-68.97039399678069,-74.75322636026267,46.68041592438363
20230404,-38.40695105152178,-82.08289537436788,-67.79988109740432,-73.69513104252576,25.938317094760635
20230406,-17.815501214773267,-80.71638590689588,-67.04825778872963,-72.78519585671293,9.042512487420536
20230407,-0.9012318649946441,-79.55949868384684,-66.38431803253748,-72.05055581736129,-4.725698177939703
20230410,12.93723964533248,-79.08783691105778,-66.19452171915727,-73.15645934508166,-16.019168432005323
20230411,24.249216243106034,-78.44323728781475,-64.81280587345864,-73.77118050284307,-25.12001279518812
20230412,33.50023695589793,-78.60760600453656,-63.741538878792056,-74.05016669799622,-32.46964549727584
20230413,40.53750062651771,-78.5856960769339,-62.77382633297218,-74.4356488505196,-37.84721295613114
20230414,46.02495068216242,-79.9450019495147,-62.089964493339295,-76.21027960730247,-42.24599410965352
20230417,50.60420099791615,-81.05584885475284,-61.49963493005286,-77.76454735605533,-45.815120193986715
20230418,55.51774800176757,-80.72874125395505,-60.967777814442,-78.12573421905451,-48.770484280282076
20230419,32.52209390822624,-80.09402465561054,-60.53152241463746,-78.92814246722686,-51.01280635143828
20230420,13.785024271512222,-79.80219533227225,-60.88071020479543,-79.0923883991169,-52.20163241105045
20230421,24.280685858401537,-78.434921809238,-61.14443139470687,-81.69648218670498,-53.28145643514887
20230424,32.84764184840387,-77.3033706593791,-61.34594881424805,-82.88445757859104,-33.250440142147085
20230425,39.89703278424191,-76.36759615129131,-61.487190025155016,-83.91848245236703,-16.929961123387557
20230426,45.52332033776096,-76.37771209012338,-62.06014248154229,-85.51477720475441,-3.6802993204549557
20230427,50.1162065307274,-75.95249098730247,-61.83758688997379,-86.55458527808051,7.18716610786942
20230428,53.524425632574314,-76.18618797850554,-61.91382129133519,-87.8830626291721,15.705057922819925
20230504,56.27287506349672,-75.55291523487638,-61.76583662479073,-89.84742902374501,22.289501573132334
20230505,60.847022724935755,-75.9285247991153,-61.64771062236866,-91.35755993987235,29.122825086436357
20230508,64.63265099072788,-76.49212984015428,-61.36330413743457,-91.06690883710576,34.64266388094379
20230509,68.10229114972425,-76.75385452035339,-61.12494822622832,-90.68843556953179,39.298534113828715
20230510,70.70297617182852,-77.04604764467537,-60.9402033474877,-90.37467068937615,42.90869666323425
20230511,72.85818022762707,-76.43627796001856,-60.23351906762408,-89.40197359467602,45.86039318927166
20230512,73.99463961475672,-76.25801978513638,-60.85734167548814,-88.95361140440856,48.01118333234028
20230515,75.05738116421246,-76.06935737068207,-61.26507893838799,-88.11070537794994,49.87800054002934
20230516,76.08895570113309,-75.74124955214826,-61.522936049776426,-87.45547980666858,51.66964137758089
20230517,76.51491331015883,-75.35316104364097,-61.67553340718682,-86.74016947753981,52.832850476538326
20230518,76.8493777926087,-75.09142845620691,-62.025922040591155,-86.23183096803989,53.4841796313407
20230519,77.19329692714493,-76.39161511000563,-63.45988907938591,-86.68617433579836,54.13547813657202
20230522,79.71334106659604,-77.04541067562097,-64.37764835601898,-83.75273384409742,54.81956502695743
20230523,81.6747792632128,-78.00015502012496,-39.977274086265645,-81.50634123305976,55.92895810984779
20230524,83.24159424970377,-79.87486081814991,-19.55546920826771,-79.87028296205307,56.37903599688101
20230525,84.65814119422039,-80.65176992158256,-3.4291398849474266,-52.25971112423123,57.031695735011716
20230526,85.7530723402335,-80.30223173787242,9.5136793569815,-29.824632404889382,57.62464275338385
20230529,87.1391971719954,-51.46716030419124,19.74828183720195,-11.346336408449321,57.97240021545714
20230530,88.39282020055536,-27.59363899282403,28.61295989804327,3.897683800980967,58.25369160725364
20230531,89.91585426509792,-9.864385530809752,34.14424152490128,14.608959593015358,59.18234961301326
20230601,89.78392274044229,4.3830562191384015,38.70686102440763,23.000808641748268,60.34687466242304
20230602,89.93844004729219,15.864708558050859,42.85713695606629,29.638131066402885,61.01258180457301
20230605,87.61408249554114,25.35957408594576,46.64485035182316,35.617281267360354,59.95417156030726
20230606,85.7452042487718,33.31944907788364,49.75496243847483,40.53749714401277,58.97688858046155
20230607,84.46533821265515,39.83222682090717,52.30211423563598,44.57634939129382,58.416913325845705
20230608,83.41817221699264,46.138184262360525,55.04595977537858,48.28481912746554,57.9177821778279
20230609,83.11258511105505,49.81006475837108,56.14916363493836,49.81289829805344,57.69250097017933
20230612,83.01448588722108,52.81512478471404,57.18157826742503,51.155148831012404,57.53865525921793
20230613,83.05354439326652,55.487265611146924,58.248604377721364,52.10857007531538,57.295248192353306
20230614,84.46918554002575,57.73719101846042,58.50789222428678,52.74973397520008,57.40773554200827
20230615,84.91294105353931,59.482830802601875,58.732678162743824,53.27532592039812,57.59217908210767
20230616,84.86727767320848,59.17733785428264,57.01597257116147,52.88022598974421,57.38878158546046
20230619,84.81645308900094,59.5000129308138,55.94506861154683,54.3382552318812,57.141332346574025
20230620,84.80134954561532,59.76192805810308,55.069803722287894,55.58337120230777,57.05155187176896
20230621,85.13675342194972,59.74318040219191,53.87583461006635,56.32612525052642,57.435406190902434
20230626,85.0855475143223,59.792771837084075,52.97268847592261,56.863016341475344,57.76432193197048
20230627,84.49257659567408,60.01686666965284,52.29440090035443,57.19795951436799,57.74069046975183
20230628,84.26384532885352,60.45450530569101,51.703081337472476,57.505247634441325,58.163884889497524
20230629,84.12041921729605,60.87144018676372,51.387536421918384,57.79679566979499,58.52369530362986
20230630,84.74808593997088,63.72666818906634,52.8161816471914,60.69827858615493,58.86571030583773
20230703,80.84230040633724,62.662716859918966,52.746222875241294,59.75827086509804,56.34697922463007
20230704,78.18932578679568,61.413676526709764,52.287517004011555,58.703610730334255,54.60826561785176
20230705,76.75768984778651,60.37309827719785,51.848151491922145,57.77224959728841,53.719275516795285
20230706,75.51724450870418,59.49028769635637,51.540230450881374,56.974167489332544,53.15091724598411
20230707,74.63713787970231,58.58573064474631,51.052827786115195,56.17816922550193,52.64706494072261
20230710,73.937691593139,57.87898787331272,50.72949192643393,55.65173313401109,52.39620822449007
20230711,73.37436422844381,57.67893949571975,50.71766471193725,55.81159951970277,52.19176310364502
20230712,72.84473402120057,57.60252037809749,50.89372670260938,56.256082118513774,52.04712368055199
20230713,72.08628364557653,57.226820440263225,50.8263165821762,56.623068039119374,51.91345057166177
20230714,71.50478161631754,56.908472316038925,51.01331670645818,56.832067553453214,51.92503186120543
20230717,71.15604705281709,56.57889836479149,51.14511044710288,56.580807933271586,51.7171644775482
20230718,71.1442779802888,57.71785364400642,53.352792366142644,57.189872314232666,51.48603211864696
20230719,70.77018340957142,58.48053981642464,55.002353251262534,57.665005957337634,51.236623589613885
20230720,45.252882646332374,59.06826914757608,56.2828256411132,57.87847040244592,51.11168897940355
20230721,49.655342915651616,59.684303918569945,58.28609055829811,58.31222578681039,50.833647775897106
20230724,53.52397257240233,59.937118138085324,59.41584728777139,58.02594013642179,50.50252557331475
20230725,56.840633166714646,60.124511873181895,59.9918009026297,57.90656081413654,50.23271223044773
20230726,33.30322112862298,60.188449203312196,60.84818931683272,57.75819722261737,49.914897326601455
20230727,40.55916809925144,60.399404295385196,61.369272945855926,57.489169913466604,49.668581045995325
20230728,46.07046228140079,60.53801308472876,61.6247818733913,57.18149853933343,49.33939999579746
20230731,59.4798551859997,66.356797379329,64.43067316469795,59.896696173952535,53.18332754924588
20230801,69.70183080385186,71.04214697294763,66.59760556107463,62.30386243987857,56.68111453603109
20230802,77.99052684027762,74.48718730987257,68.1903191645784,64.23967918846138,59.52332894367146
20230803,44.49245534777065,75.78357917445116,68.04916595837356,65.76724092945227,62.70138163418247
20230804,17.00553312473597,76.68665744822565,68.03379768435502,67.13435996313045,65.26193627522949
20230807,-4.334841236393123,77.24211735956794,68.00772831336724,68.46730522657442,67.3431381710529
20230808,-21.573664392231425,77.09910626737985,67.40362998608894,69.57347892921459,68.72540188627599
20230809,-35.16065398235179,76.61519833107744,66.71638051123834,70.81884792568752,70.04117881570626
20230810,-46.83713181634985,76.60011544836533,66.3154182442422,71.76430793710074,71.66754626830698
20230811,-20.219300914023943,76.80483142371487,65.929144173118,72.50624615627213,72.99653299891179
20230814,1.7202822115483136,77.04064231673117,65.79557311277107,73.28797527623323,74.24163490391663
20230815,19.640549710904978,75.79775509325596,64.31353541342976,73.89945802361346,75.59523783195151
20230816,35.73664352888115,75.13498028834218,63.31071326539475,74.40637514714302,76.49209394033231
20230817,48.113073144620834,74.60252593911515,62.54312833813533,74.90007015354838,75.97444565908258
20230818,58.590957631803384,74.625633436359,62.04096537889428,75.28954425312202,76.09808337981538
20230821,66.09062800250176,74.85824740317666,61.92403193153775,75.80509407085944,75.81768554697295
20230822,69.1736908812183,75.05117283565416,62.209313508400975,76.0053579688487,73.20516062631316
20230823,71.76512071857807,75.76222112618774,62.92138005259365,47.46300508659993,71.13544264442497
20230824,74.01576478675258,75.63329543447621,63.55236878094194,25.09702456081437,69.44650774036029
20230825,75.48821778751196,74.7508566227851,63.8825206064345,6.838993749681425,68.0675179335245
20230828,76.77922448284923,74.9034025499283,65.11279510788391,-10.222745161478592,67.81010176401529
20230829,47.57117858912197,75.21217852143177,66.47330120346672,-23.831170250802266,67.56095531161778
20230830,54.098646609673914,75.61146977120768,67.70217379529277,-35.067342714252526,67.32459753557876
20230831,60.310828827745794,77.66021133785176,70.71798307668826,-45.994048307227715,67.22128015750936
20230901,33.603660298474054,79.34248452881535,73.3646059379086,-55.04398683593842,67.13486368970958
20230904,12.458298752940909,79.32252543426142,73.86627054099844,-60.31523995099713,65.02159078554077
20230905,-4.752787967998463,80.2526483176279,75.49637294985182,-65.10305675765916,63.39259262057689
20230906,-19.246236272754448,81.34270016878551,76.96290686511131,-69.42641401127415,61.98638919499221
20230907,-31.074006221753216,81.77715171097772,77.52030622606702,-72.6407050371574,60.82240056697102
20230908,-39.603210709419095,82.11502593848216,78.33393347081416,-74.82103319042838,58.4768547370884
20230911,-46.487394077693445,82.43414189434013,78.41802913089403,-76.51834089897005,56.467367137881425
20230912,-51.792452637401965,84.97681853195014,82.3108074499456,-78.06389516058819,54.437020823338855
20230913,-55.62768019237966,86.16197546240831,85.1812837455973,-78.01292510495804,52.84701753096555
20230914,-59.16251910017373,86.60036396628391,86.98422162298004,-78.1177626661548,51.90454396684835
20230915,-61.52218677061608,86.95623727679846,88.4974570204303,-78.003940749143,50.98659194276742
20230918,-64.04744072865061,87.05505581032033,89.50788616449572,-78.36477316906438,50.764293437429764
20230919,-66.76133900759508,86.02773786534745,89.74499753365153,-77.44682599174199,51.47710070044373
20230920,-68.65792473071069,85.1174160764361,89.57290116317768,-76.54147285491246,51.763952352463924
20230921,-70.05713968698728,83.41979914759179,58.23373598985769,-75.94599787663024,51.82195612648754
20230922,-72.14152679829547,53.33879524532459,32.20649924133695,-74.75674658253114,52.19689595358168
20230925,-74.27242092800677,28.748841983684613,10.910455475478988,-73.77777914627288,52.529156264178745
20230926,-75.87491375093138,8.553467009255694,-6.666050382845086,-73.4109805512993,52.79482650477015
20230927,-76.92790836252966,-7.395480891059936,-20.539433491405802,-72.52614985940886,52.8597479752591
20230928,-77.79609577057602,-20.006650774491128,-31.087619236582057,-71.2498866366847,52.87472387623893
20231009,-76.65072829872736,-29.755323406752872,-37.60975743782458,-70.16562414285308,52.27266032254976
20231010,-75.66913455759376,-37.71058857355862,-43.485794048660104,-69.52430886595421,52.3939045371733
20231011,-75.37532925030315,-44.10343352069681,-48.2404803104577,-69.00394321824447,52.65889491892942
20231012,-75.3831224896417,-49.013706330870264,-51.90287278937039,-68.01420617831614,53.1411214153064
20231013,-74.74802442018432,-52.45129390632934,-54.46277661699386,-66.94747593456088,53.53554255474143
20231016,-74.61030657040729,-55.31119548786977,-56.46462882019267,-66.28912224330742,54.99317190442935
20231017,-74.80108427728446,-57.62417974770456,-58.3716983384946,-65.79975826256704,56.72466913445675
20231018,-75.07817174465629,-59.529543277447225,-59.87100118406314,-65.35973558940694,58.749785011040245
20231019,-75.64273578499392,-61.33349082839607,-61.19273893820228,-65.64887126791363,60.4491716544228
20231020,-76.1227802018747,-62.99748712055923,-62.32997357947862,-65.54491411264472,61.8758279727223
20231023,-77.72937558409666,-64.29096240264579,-63.21310721386233,-65.60809780124197,64.06917861857295
20231024,-79.08140219984487,-65.36108278118691,-63.94454863326552,-65.13204375727761,65.8694087573433
20231025,-81.18876104183394,-66.78020923948836,-39.883157312013196,-65.65086244618071,67.32647448502264
20231026,-83.45132145866171,-66.4629377326871,-21.647486455230105,-65.51048134889844,69.49798959195392
20231027,-85.49914010403056,-67.66133134743822,-6.0661654606856725,-66.13018833888745,71.63891432881567
20231030,-86.2634696677356,-68.83422714874493,6.84893487282169,-67.2343928847805,72.86704981366546
20231031,-85.83659220055966,-69.53825227309629,16.892296667620908,-68.04206342819482,71.80815830874899
20231101,-85.37456039201113,-70.02093547183915,2.584681190054082,-68.74457496155689,70.952924701357
20231102,-84.89326903739463,-70.20986059785612,-8.65358755344469,-69.74826338238289,69.79526024780405
20231103,-84.24383860987024,-70.53875497419351,-18.270288993832217,-70.90329181089479,68.72089616344108
20231106,-86.57740339186765,-72.4331087326254,-28.50105166205005,-72.09555250631388,69.34958294522372
20231107,-90.72907151460193,-75.47079608525439,-37.26730668661695,-73.41019813070572,43.050906374090296
20231108,-94.31961624179871,-77.73480333204692,-44.34197998148525,-74.4509885397272,20.724493378339396
20231109,-97.05278769914379,-79.61964607783604,-49.72182906213047,-76.03383304010984,2.4920591006766846
20231110,-96.84387185921425,-82.10707126795015,-54.230997912157584,-78.76960210078215,13.454824427344724
20231113,-96.55847939898364,-84.1451300946486,-57.958696372576405,-80.33250364558356,22.416440584673573
20231114,-96.18721082624401,-85.20404382191522,-60.631175237330744,-81.07757980924897,29.5660837153643
20231115,-95.64127355344482,-85.65080342085066,-62.26415966808988,-81.50795262538492,35.60973643403718
20231116,-95.0757804846724,-85.94399333857392,-63.58760544165275,-81.59736190099227,40.6018669930907
20231117,-92.78849069070506,-85.88619185746886,-64.66934902708714,-82.58899443343519,43.6026288253451
20231120,-90.61641896114376,-86.32634081638484,-65.6359208155051,-83.278154850034,25.25885895299891
20231121,-88.8393303434054,-87.1077657873201,-66.71916900749977,-85.79917221430357,31.068243245682833
20231122,-87.2897235557643,-87.95499152293839,-67.43325223947086,-87.41703669412232,35.68472539362214
20231123,-85.72847514925289,-90.47996823208007,-69.36217191323932,-88.50345212582265,39.46089653726339
20231124,-84.48720370914995,-92.25089312191143,-70.4411052590093,-89.51288945569719,42.47043521226695
20231127,-83.44333064552133,-93.75056418450153,-71.17198891842477,-90.11982935213847,44.72553127658875
20231128,-83.45570954627193,-95.89636065288492,-72.81891092344874,-90.65520876040986,47.74366562814007
20231129,-83.78001808100505,-97.48778851594193,-73.47238422217745,-90.87640255041056,50.22309787171819
20231130,-84.42646102666022,-99.79158323443576,-75.03693985568984,-90.53560459064133,52.72234375365308
20231201,-84.735196012832,-99.9203317773427,-75.42618326005638,-88.93290487072728,54.04334412439832
20231204,-86.88374461934379,-100.09480739037143,-75.71590957210968,-87.56457888250434,55.524123134430674
20231205,-88.56039095197377,-100.39501659128564,-75.65674820151652,-86.7278299743762,56.907720178831994
20231206,-89.84313058457475,-100.78300047241267,-74.80988472837723,-85.04783715055433,57.81351351140345
20231207,-90.88433088515227,-101.06509307867319,-74.34086873536164,-83.78180473481791,58.46179429805118
20231208,-92.84112798952567,-99.22603056454022,-73.65217189709489,-81.55463714898558,60.836843456381644
20231211,-94.90631891904879,-97.73162875102217,-73.0415784836777,-80.06715756455353,62.864703717923334
20231212,-95.24296522718001,-97.39226585204122,-73.04205525367853,-79.08525202952207,64.47811288741372
20231213,-96.29105224577339,-96.99518641738504,-73.62584630414753,-78.23445252086333,65.8370868490657
20231214,-96.42141970626358,-96.66838146051897,-74.0748485109245,-77.71339968562322,66.55055966442075
20231215,-98.3266310403854,-97.31252630471191,-74.63918108051324,-77.76768281496527,39.93184345198771
20231218,-100.25778688280242,-97.50705934252606,-74.5409696607278,-77.9869458429807,18.75017401525751
20231219,-102.87020379865598,-97.71910891928665,-74.4650488505456,-78.18862436800276,1.4252984024554507
20231220,-105.04739065281251,-98.53608444233186,-75.39842173337267,-78.9956863231649,-13.071351495038087
20231221,-107.25276910710093,-100.04194810199536,-76.48523058002864,-80.27621193805388,-24.314950316440093
20231222,-108.889093684379,-101.13263531921855,-77.71093953620989,-81.345884337447,-33.34457606801586
20231225,-111.3566939114711,-102.14929201510762,-79.09087777537603,-82.34272328104669,-41.67732998571703
20231226,-113.38158982676731,-102.9344700373259,-80.01306083573145,-83.51341130586472,-48.52356435968657
20231227,-114.3889438865401,-102.7137223709963,-80.80734086772635,-84.16539388842145,-52.65241835733087
20231228,-115.22772629660878,-103.02432520177656,-81.88007620691461,-85.64317858519378,-56.02096598534723
20231229,-116.69651430813663,-103.48969278171144,-82.72458887043904,-87.50032999896482,-60.084229371862605
20240102,-115.44604167910816,-103.73704069662745,-83.47008053817308,-88.82808566135816,-61.41793279831909
20240103,-114.45409596722014,-103.33839132122306,-83.90595360972614,-89.83243822293534,-62.70794417748153
20240104,-114.03451942542877,-103.40368310744451,-86.29402064811016,-92.54371427139162,-63.89921609173245
20240105,-112.45592439920776,-103.59562316541059,-88.11870386799575,-94.78259771955808,-64.19288586681733
20240108,-111.19680274400174,-107.69992806449186,-91.8841600450266,-101.84361674061564,-64.7486710188439
20240109,-110.08390809397415,-110.34327580722987,-94.69972037370727,-105.8943598499847,-65.30982931638174
20240110,-112.70124140399592,-110.0519803668444,-94.13795425503483,-108.689795851386,-66.39684811442856
20240111,-114.80291174582581,-112.1462620849921,-95.4496245738012,-113.05320976800152,-67.29644558715471
20240112,-115.97771010704489,-113.8729435860161,-96.09970452034563,-116.50541627231374,-41.837021538971854
20240115,-116.96667679220651,-115.27182892241397,-96.4249076890877,-117.59247851255097,-21.541172877649096
20240116,-117.29306074406668,-116.8335806107938,-96.86686920230271,-118.48445137378015,-4.642820499850838
20240117,-117.67116927263511,-116.70148444208746,-96.53564203959631,-118.92925341411176,9.287649500415439
20240118,-117.9279540828024,-115.74247938130691,-95.49081684554707,-118.47048172301804,20.67461121624354
20240119,-117.83278857970927,-113.28730573747386,-94.11448847861297,-118.13686146692746,30.915603306167274
20240122,-117.74179139279815,-111.5731018238244,-92.97427280434296,-115.75615065927065,11.114643536315603
20240123,-118.25406842446888,-110.10141986154832,-91.84406957820234,-113.03194353055721,-5.170631100217377
20240124,-117.50567630894359,-108.57651428620805,-90.83575654601809,-110.1860647604343,-17.998792692608728
20240125,-117.99520727998804,-108.1702262589612,-90.42541569902534,-107.6957266441804,-31.400340981027863
20240126,-117.88505557039872,-107.76471989236796,-90.35382855250207,-105.4390754654549,-42.77431450319255
20240129,-117.12625464613386,-105.92857143240099,-90.75240659627264,-103.88142334233147,-51.59308545373514
20240130,-118.06238324328771,-102.23065008031494,-88.39109663173774,-100.97302075435218,-61.285986791591725
20240131,-115.72403413782183,-99.59539550399084,-86.92142269275638,-98.72271819887727,-68.43811490594956
20240201,-112.70797238762955,-97.4802131921714,-85.70762555215454,-96.61391606084116,-72.39866831094322
20240202,-110.73296752597136,-95.53576991721798,-84.53088759454559,-94.79851746756972,-77.14459825853385
20240205,-109.87764501165663,-93.94624402990425,-83.58460269811596,-93.45815432575718,-81.24245680840941
20240206,-109.099077988123,-92.85260212817109,-82.75364307523735,-92.81140800963708,-84.70160846037501
20240207,-108.42282719840571,-93.38666132797326,-83.74232955807682,-92.31144984698687,-86.50617625537862
20240208,-107.26033437335806,-93.2079585326645,-83.88810215567759,-91.32674894282476,-87.00886986631642
20240219,-106.94021064742168,-92.55091746937578,-84.22602772821286,-90.54988702653121,-87.3000260924954
20240220,-106.56852644222576,-91.98360888712058,-84.43397087968347,-90.51948120047034,-88.47635198147634
20240221,-106.09235158688219,-91.52487590912149,-84.78555514280485,-90.4909812426947,-89.20774043071519
20240222,-106.03291881173129,-91.70721411184824,-85.45761407170221,-90.10318261956506,-90.0119806213708
20240223,-106.27650794799933,-92.24854694605185,-86.69038415258117,-90.03661136501512,-90.7550681121511
20240226,-106.53522098992828,-94.17863615688012,-88.70499835119783,-90.08084711704586,-91.40720502143476
20240227,-105.6094010163149,-94.62746593577099,-89.74200648783321,-90.00108472534984,-91.41228170191802
20240228,-104.83590829087606,-95.1569202401703,-90.60416487920561,-90.63008613661118,-91.44651816872306
20240229,-104.59687278583078,-95.49825278176527,-91.08287469879153,-91.67709667033502,-91.94780000138243
20240301,-102.5186811751932,-95.1293277953939,-91.08353093517019,-92.67746298393766,-91.15183201290313
20240304,-100.71491963378021,-95.02170173031281,-90.98870529078549,-93.70020563072725,-90.31942979400951
20240305,-101.09207090967396,-97.97209381018615,-92.17487150360044,-96.23686852754118,-91.79783585447294
20240306,-101.41001321436082,-106.95020131440104,-97.8213386410854,-101.13350524377461,-93.02501306041563
20240307,-102.76225493257864,-114.24481594207735,-103.72108260548538,-105.12676654098168,-94.20242148338806
20240308,-66.97303262146174,-117.08994032070528,-107.25973260068147,-107.59718182453179,-59.91703442946232
20240311,-37.098156985112944,-120.67073767794243,-110.83508384717668,-108.84723006156949,-66.699846328376
20240312,-12.545223151413943,-123.72893983923923,-113.67651497222207,-109.51083854476113,-37.46159774922671
20240313,7.410306741615973,-126.311715816924,-116.09294038362948,-110.0216245747298,-14.159584444464329
20240314,23.726641698547237,-128.80238108484753,-75.64775983522003,-111.8788462648996,6.892520523652793
20240315,37.08964488518038,-131.19831746737697,-42.963753761997,-113.9573661660131,24.590023725550033
20240318,47.65214151314499,-133.64309301481052,-16.2054070597037,-115.63620268801574,38.784850002566394
20240319,56.62340646143529,-135.06297659939017,5.695739113635365,-72.40810724617548,49.42057719610668
20240320,64.53294942106187,-135.89874242461335,22.349213146519496,-80.94044348731137,59.400469543209404
20240321,70.70159030734104,-136.59869402888677,35.42877700242659,-44.14934144633233,30.383382408582985
20240322,73.30084032114198,-136.60357170885567,46.59921862956899,-13.198349246668599,40.753855270847005
20240325,73.9815482796573,-138.05064179287342,55.93977154376968,13.373691623029947,19.551832975706866
20240326,74.76266871344285,-138.91240873647038,62.23050215107396,33.809438342781135,2.1053053001803375
20240327,75.51082623787796,-136.84644771663864,65.91310666665723,47.87756342294336,-12.228707658220959
20240328,75.81284072124038,-135.5784939744826,68.98076731903805,59.12623921558942,-23.185362560652663
20240329,76.68083942202533,-133.7651770043425,71.47740106217888,68.19242301699109,-32.5285009034762
20240401,77.88413401165812,-132.12698459276302,73.57437831818606,75.72508296353776,-40.21442687732786
20240402,78.50123819324557,-130.6656591587276,75.05135222165902,81.74238928400125,-46.360273046233225
20240403,78.84257867935008,-84.47365559877895,74.70615041784646,87.61722865232002,-51.39618671424552
20240408,79.0318775033935,-50.21900142348716,71.68215114138992,91.84440666195171,-55.37110760031446
20240409,81.32874919919819,-20.454405294506948,69.34431304999687,96.40442858579117,-59.69050218634664
20240410,83.29766020301864,4.101267031744478,67.51748159700742,101.22472454427368,-63.276757608046495
20240411,84.50727716266498,24.635319683350087,66.0761403705679,105.38355856820458,-66.84875551139908
20240412,85.11371954510744,-0.3782437760932569,64.61116682163272,107.76348499514327,-70.0005755058781
20240415,86.01864198839999,20.748909291054535,64.00082332461673,110.60179555714741,-71.75779136805853
20240416,86.73921052085905,37.770728942730656,63.47756089488398,112.26510595945372,-72.55717498923995
20240417,85.13570591942823,51.19651748681621,62.736176681968146,113.60947283931512,-70.31442321218421
20240418,83.6587240999002,62.06121135773593,62.18679684664714,114.62407271853914,-68.89281699363772
20240419,82.53940119862966,71.3944004071355,62.37303580847199,117.48376401239466,-67.46730017946548
20240422,82.4853307276332,78.85223944739826,62.56644410133342,119.50464047394071,-66.66961920193421
20240423,83.37603762305282,83.06578286430654,62.42876942532091,112.62397467432417,-66.2513083141458
20240424,85.36518612388608,86.28734028943539,62.4481031430965,107.03140809911987,-66.73722795180375
20240425,86.79702331566168,88.23700244334496,61.9801757439647,102.13340774939992,-67.11667993594314
20240426,87.95959123150169,90.23015383447077,61.5834845019002,98.59953136683667,-67.42860997945462
20240429,89.20711543292387,91.79610636066886,61.218652285405696,95.57948575425672,-68.23873772214111
20240430,90.52745025930074,94.10448989204447,61.05100852614471,93.15003457311128,-69.03608483700384
20240506,90.18238987718131,96.03869764149339,61.11200274417583,90.80921093886948,-69.15163434540483
20240507,87.85772514395167,96.51752841287012,60.62926282438239,88.33629274104197,-44.71047478880424
20240508,86.23060331030494,97.55667348858601,61.80477999312218,86.50017751372812,-24.805470631308676
20240509,84.70527281968444,100.15708330343412,65.40360764581409,85.00872907027437,-8.558040059935239
20240510,82.86730783014009,100.78812510227603,68.44568077357754,83.58773152817112,4.442429556950782
20240513,81.3738976823817,99.10792655416525,69.4077707047104,81.31763704677988,15.059439143929776
20240514,80.33601242098669,97.7132510554648,70.12218745126741,79.56422971802121,23.854749046686855
20240515,79.57434429806251,96.84117355185698,70.91836294577351,78.20894661037819,31.046482843532214
20240516,78.92095604694249,96.07703972075178,71.74545433926421,76.93464565143476,37.18089940511116
20240517,78.28325673342371,94.37926223400396,71.38150293542412,76.04730862795365,42.51327848996948
20240520,80.53107401188744,93.64474873166608,71.80137353274299,75.51702406022498,51.23747932596972
20240521,82.43729612674385,93.04393578721414,72.14906249304913,75.10968606192276,58.155597658843114
20240522,83.88265667900538,93.15046927433735,72.67043655766513,74.8387568258769,62.39818647032286
20240523,85.26716467024245,93.02581726543143,72.97953089497953,74.39354864286533,66.03209095069101
20240524,85.87325385183178,93.58653755005199,73.49237958351753,77.01773409102205,68.8199154990245
20240527,86.49918713979528,93.95939572347588,74.05309580261812,78.76984275455736,71.14582746201371
20240528,86.8873790304993,94.16817160639658,75.37395873084121,81.12566963737589,72.89363607019752
20240529,86.35874192618226,94.39609793221001,76.49494193213951,82.7141659282088,45.84651073102153
20240530,85.73292668277307,93.35798171462434,76.69646644295007,81.81369979193579,23.631147194923276
20240531,85.28923764332868,92.23788819247845,76.47764691385063,81.01160140590049,5.422961877891428
20240603,53.82817566080384,61.98331762531031,74.32199000539711,78.92840001699979,-9.88139204242194
20240604,65.80700058839794,36.905425609331495,73.06480129703888,77.6320359447998,-24.959563889021943
20240605,75.18704816311072,16.40679167243321,72.1189854200866,76.58446104781805,-36.93874116725987
20240606,40.198031212573056,-0.28689061680535927,71.2270210932303,75.75899806817976,-46.77067487109937
20240607,10.21146088625226,-14.628907051797167,71.01151540063071,75.21568640030846,-55.09363929656123
20240611,-15.351420617845488,2.3718818061330817,70.25745393588326,76.17977507660511,-62.24012258183266
20240612,-36.485698048673925,16.074022556279193,69.30529190757333,77.05106300423384,-68.03392433788912
20240613,-51.55407437975552,27.313748644813057,68.53621415409856,77.46107396845754,-70.47049428559045
20240614,-62.59869261749666,36.49721183569576,68.04389584871441,77.86206980504632,-71.72731415828184
20240617,-71.45560121123337,44.767987226616064,67.69826053595416,78.07907140284273,-72.12656386273933
20240618,-78.29798013042391,51.26680859910871,67.17975513302738,78.13838992440607,-72.355738287243
20240619,-83.6600435345448,56.35467373940907,66.55592164562516,78.08766632514168,-72.53397539658478
20240620,-89.37178269141513,31.662674558375283,66.04401937082278,78.31226490796399,-75.53024300079632
20240621,-93.50440559953805,11.555990287437965,42.42481595728414,78.23180291317085,-45.71326561040596
20240624,-96.68433855322851,-4.906206274241881,23.099978989761233,77.84015936071694,-53.18183182614718
20240625,-99.06310850587978,-18.181599814781503,7.34498063839609,77.40604642307915,-59.22855612171409
20240626,-101.06774845098724,-30.07996775029079,-6.145389748131946,77.58143230136835,-63.859481918947836
20240627,-103.58851008973993,-39.98934071812002,-17.343350037327273,78.629966542714,-36.62259916046766
20240628,-105.74128021486644,-48.33724845518846,-26.58780203825082,80.65780078695664,-45.47280858401023
20240701,-107.74277217494706,-55.712328871065125,-33.80653885624029,82.31978313362498,-52.49864585468001
20240702,-109.91561772907602,-63.383542675812464,-41.1939037682495,82.46824526143472,-27.204467431104476
20240703,-67.87001491184289,-69.75712733956492,-47.2386937811769,82.86026746706841,-6.215915625436378
20240704,-75.18223014729757,-39.10153114568111,-24.98968935696231,83.18971939253102,-19.911151425054314
20240705,-80.61764337597424,-13.306038307458419,-6.420435243938785,83.36053159395479,-30.763520108422437
20240708,-84.92732419969471,-29.753872789135055,-19.279472336635777,52.91293690711947,-39.711918817372116
20240709,-87.52783140271902,-43.947762889095166,-0.6399167241981087,28.728436276344624,-45.763622378251554
20240710,-89.60871306620037,-53.2332027190991,14.148221059078859,10.641008111796927,-50.570420707316124
20240711,-92.18295828441278,-60.789763346107314,26.21051670465771,21.893930371935326,-56.01998328941085
20240712,-95.7167910536669,-66.64994177358358,35.47119714573229,30.886147792701742,-61.36085065089388
20240715,-98.17163605626975,-72.14653604482598,44.31837761338604,39.11918183156324,-66.03962094270477
20240716,-100.41310882767343,-77.12733076862864,51.56370898737773,45.852697468059766,-68.53509469473961
20240717,-101.59106096452948,-81.75527567035493,57.75699260697585,23.54400151309418,-70.37693904858018
20240718,-102.62216742659315,-85.09532468051589,62.800267384121796,31.607506501449155,-71.88044878579166
20240719,-102.75204674884439,-88.0723292166708,66.86815596489973,38.59059852562754,-72.17760992231588
20240722,-102.79345313763842,-89.8334831209177,69.81440435847864,44.33666774317608,-72.45140297915991
20240723,-103.03264642854053,-91.7558620256535,72.17458583777974,49.39845679411033,-71.96291633692589
20240724,-103.18415013563622,-92.87300188916993,73.17169441921396,53.39121838346824,-71.39621708630015
20240725,-103.37219906408215,-93.83540221123894,74.1300724098221,56.65050430649188,-70.81112599413207
20240726,-103.29174345727797,-94.2560629617497,74.5175343570938,58.89463929869551,-69.60108902859758
20240729,-102.11179821534695,-94.11158208670594,76.46749579181673,60.50782417777605,-68.62974072718099
20240730,-101.84826656763033,-95.95766959378786,78.88052981493503,62.68759864371739,-67.92818520001113
20240731,-101.37089756870635,-97.32537306101106,80.64425157101923,64.45933309135822,-67.2030491683699
20240801,-102.64131004501094,-98.16442850780692,82.11587974723811,65.70979608176818,-67.19338632535094
20240802,-104.41296251323475,-97.64012643427769,81.39506515838255,66.61377322937147,-67.44820077806246
20240805,-105.74683775963926,-96.94761076156684,80.45846559482908,67.34720884721405,-67.49530194747493
20240806,-107.6800594689316,-95.45880614039255,78.27540217480625,67.18940154766975,-67.6690039800756
20240807,-108.71427416358833,-96.71863306406316,77.17382082306847,68.43222286035298,-67.55484252151317
20240808,-109.96864631850133,-97.66151407543325,76.26752638890083,69.3498745487364,-43.095237024915875
20240809,-111.05228454329011,-98.35383546509784,75.37647149088275,69.88137711130274,-23.16658795114822
20240812,-114.16492816734181,-99.00589185850859,74.7118502292242,70.31622027541535,-6.313828827058898
20240813,-110.42245049470618,-97.71203949356794,74.00871274024284,69.71549849993565,-16.958351286082358
20240814,-108.04184570901646,-96.68767746724515,73.57410795821419,45.013356704929876,-25.91011120100041
20240815,-104.96950505770683,-95.86423862990873,73.04570977727703,23.007815329062776,-32.41062815134361
20240816,-103.47106761570761,-95.18596471450464,72.69492977240617,4.928187528330995,-38.63692194559118
20240819,-102.67626072949122,-95.16044279997482,72.467872286038,-10.047172536024968,-43.65529323283217
20240820,-101.23270835895592,-95.02884139195825,72.22865606133504,-22.356442305594594,-47.74478897070879
20240821,-99.74380189862904,-95.13501746568619,72.69888131762326,-31.969073782421695,-50.83289040191553
20240822,-98.52546113598241,-95.2235944452938,72.6393523225878,-39.834483751786976,-53.447557688349136
20240823,-98.0091790247411,-96.22963939821574,73.0831069214976,-47.54930563208896,-56.71641518252314
20240826,-97.72395766812707,-95.7666520238844,71.70797548196724,-52.0318973010968,-58.44456681262912
20240827,-96.98977207481593,-95.34417005575392,70.60910399939756,-56.390641771290085,-59.76196224485569
20240828,-96.05636657610071,-94.99862336001276,69.79093125014549,-59.96476089399719,-60.899324461763065
20240829,-95.34727015862799,-95.12198772622334,69.10769374466422,-63.339654448246506,-61.72776763232396
20240830,-94.38222307894502,-94.95741682209535,69.37343514859982,-38.26907723805204,-62.324260069587304
20240902,-93.74573804723212,-94.24029050017798,69.32450004818936,-18.65811703225941,-62.99328632059871
20240903,-92.84136128850652,-94.60468615518818,71.63001273339825,-5.437234571093928,-42.438778943494555
20240904,-92.39612198982974,-93.82808162778139,72.80273571686888,5.258780294804423,-25.45951584357274
20240905,-91.36157970437274,-93.15612949677634,73.71722520058778,14.009424893089564,-12.298342671497977
20240906,-90.03516665100845,-92.71982159436327,75.13301632533599,21.265811430328316,-1.5339892681461407
20240909,-88.77466130447134,-92.45628477565187,76.32144040484948,27.21258453386593,7.23550523003753
20240910,-91.68549659385373,-94.63879107318367,78.14331158578526,32.70613079345049,14.990958506594952
20240911,-94.36864759267678,-96.76361956167233,79.69768525633192,37.43009450312495,21.395704768625517
20240912,-97.05236792026675,-98.26006636374296,80.88281140274115,41.28966181545368,26.70255196854417
20240913,-99.2970721807871,-99.61864408967112,81.59409352103384,44.49050450929531,31.258491427345053
20240918,-99.91215542253249,-99.00927309212462,81.2085239587701,46.91362942126259,35.01906594984851
20240919,-97.74165796715036,-98.42069419598639,79.73121294306908,48.91374558529701,37.66812030660702
20240920,-96.00985212014876,-97.9317469971709,78.5254323530013,50.55576260300044,39.82256380540991
20240923,-94.69176871780152,-97.5354269428578,77.85297184432288,51.834719243528994,41.66280684359027
20240924,-93.28066967764799,-97.01634246045286,77.3117800211502,52.92474692461041,43.21708916314795
20240925,-91.26907266733751,-97.65450997865815,78.92239436007429,54.14433459545327,44.14800195878102
20240926,-88.8251876978886,-97.50347440414576,79.66589612192591,54.91714751678706,44.57868919514698
20240927,-86.66028847131625,-97.31318616813718,80.3834259635053,55.56148698366164,44.84185115920266
20240930,-84.27384171481157,-97.15652429467637,80.86685801032174,56.14823555337608,45.01150613385434
20241008,-79.85696967344103,-97.87627088897553,80.58758819057881,56.81463380411356,44.004525457691805
20241009,-76.23947206698968,-100.66390849180367,81.46774228304228,58.24663971900637,43.154627192013095
20241010,-73.46204581359848,-104.9586562909318,82.2793339475392,68.5751004272664,43.60133920913404
20241011,-71.05952148998502,-112.07995071765575,83.78577697685124,78.59067487242893,43.86870709117742
20241014,-69.29454838618115,-117.33453983655924,85.11898982531616,84.68812075847937,44.983965879501746
20241015,-68.12580914794344,-119.77599091338317,84.9426936854683,89.35980433383929,45.92992374356863
20241016,-67.18858043996605,-75.66606116689688,84.25191706244851,92.19634141840727,46.677577829831634
20241017,-66.44144885200096,-40.13085645714887,83.87836454646633,93.4382968775094,47.49981397065565
20241018,-65.73152339000173,-11.049226342254208,83.35590260565216,94.66757102884954,48.46117775498126
20241021,-65.15425794011593,12.98465945559748,83.32215206841899,91.7694559573552,47.976904846531326
20241022,-64.77852517372672,-11.429346354815982,83.71448209438078,89.24342168222829,47.58470645181399
20241023,-65.08666297569744,12.773144267232368,83.824447891886,86.80820610984212,46.95769530851187
20241024,-66.04375939716309,32.585406619648964,85.18567890609441,84.78255259364776,46.532111300697
20241025,-66.65011529774864,48.741738519868115,86.3207067697591,83.11550830000522,46.1657041341036
20241028,-66.84715789241163,60.60617541766285,86.91542506048043,81.71601986794818,45.82639996616992
20241029,-67.25247904205422,70.21028753552812,87.29950430038562,80.49782916499596,45.799838009530035
20241030,-67.95739376347272,78.05950812038465,87.75024459433125,79.51429066147064,45.87467606469311
20241031,-41.812694259459946,86.01813594677631,88.5594289312531,79.51792058562454,46.61033101829746
20241101,-20.452389637957793,91.29856264255433,88.55517931189239,77.57145696762386,47.1960965307186
20241104,-2.0841898988947145,95.33990567740472,89.01712075185178,75.84854670092741,47.906504235136225
20241105,19.391325987355682,98.04063780963939,89.27526791391941,73.78588032784894,50.1023167785298
20241106,36.24689998201538,100.1770507006066,89.87297361907694,72.10000848989068,51.7429808944109
20241107,47.11066883476763,101.11976676568682,89.72885091444346,70.89021932121818,51.8534307194086
20241108,56.603389270443394,101.93287172851632,89.64108156550817,68.5054725412992,51.760055174647384
20241111,62.32926423427946,102.97086823691544,89.60535332013421,66.74374680313775,51.139388982254104
20241112,67.02038434018128,101.29697773885908,90.65440296896503,64.31293844043562,50.555707877510045
20241113,70.90947087706373,95.94587925107277,87.27176836760822,62.152563561537136,50.10477376855112
20241114,74.85208006403748,91.68206765120186,84.54554059413587,60.493093341635706,49.96077719847999
20241115,47.01048884994843,88.15746968509886,82.25798655714885,59.23352370454816,49.28223287163785
20241118,24.219534304226475,84.72589547825727,79.30032270182826,58.959318623652464,49.96335529481728
20241119,5.612622125969245,81.57900589305844,77.00138953777447,58.79564317321106,50.55920746166625
20241120,-9.602998007521895,79.76185021260773,75.77483900065451,59.31207024665087,51.31694752931871
20241121,-22.048720468498793,78.14267773871842,51.470748042288065,59.555355949167826,32.232310696801086
20241122,-31.726809487350373,76.8843566238827,31.585026473848977,38.046631349591635,16.978865750434586
20241125,-39.806926108767186,75.63873642272094,15.432972007352426,20.48190768037726,4.535242320674242
20241126,-46.538516259918225,74.64677772537598,2.2120997146422483,6.504589296599498,-5.601131344338723
20241127,-52.051224014717576,73.53723600918931,-8.593377617315197,-4.759504783503017,-13.92335840250207
20241128,-56.67155307312959,72.6516920647196,-17.47326313411839,-13.973600604783023,-20.770687923686776
20241129,-60.66106134725667,71.64067799704989,-24.405623483464797,-22.838167969926044,-26.35946986081488
20241202,-63.96942278303131,70.74885159300399,-30.079841259745596,-29.929623380470492,-30.948562715168865
20241203,-66.70190636869305,69.99524936192928,-34.62497260363581,-36.093048342395306,-34.73312664412282
20241204,-68.52972398833518,69.52431869369761,-38.24086006937933,-40.35801484845719,-37.629269518481706
20241205,-71.24194083942812,69.61611709851624,-41.42452721475704,-43.743446418129885,-41.36311134342505
20241206,-73.6024153606206,69.75157352875271,-44.21142178846466,-48.06352114364096,-44.84994292013374
20241209,-77.7339927179971,69.85482043285965,-46.58110934347006,-51.57081827181808,-48.91453317537239
20241210,-81.24658525473266,70.50628766088353,-48.003139794109714,-55.801479963086734,-52.19872689031419
20241211,-84.19496403735339,73.35226962622586,-50.291350576458434,-58.578258484009226,-54.92558123041767
20241212,-86.61401531262209,75.29564964841336,-52.11228243265661,-60.568621506029764,-57.18965299234334
20241213,-92.9729607036934,76.88559799793917,-53.90824215435415,-62.18138593680731,-60.89856088194682
20241216,-98.08086938250035,79.30738555546671,-55.81916147362355,-62.840008155293624,-64.55082481222207
20241217,-102.01302236575502,82.42013246814173,-57.282817966575735,-63.52092297150933,-67.45691609833834
20241218,-103.86916250398626,53.91377640302686,-57.99851274091519,-63.08171207711112,-69.66192090353002
20241219,-105.15216664248854,57.165662333049944,-59.41886229495563,-62.91996102592828,-71.10938690202883
20241220,-103.6237661990352,34.29371621373765,-60.579936308323546,-61.685059832022624,-70.88240129277074
20241223,-102.95159269377412,15.283159795453335,-61.7902530033625,-40.317854801840866,-70.85544578808104
20241224,-102.46345257090911,-0.14792690430039887,-62.801878256986335,-43.772489141506526,-71.04646146823691
20241225,-101.65959855323436,-13.106258153034808,-63.84450228837468,-24.92882566850228,-70.80567375181703
20241226,-100.45765573627423,-23.715705542575108,-64.68804437206312,-9.471331065233668,-70.62076732424981
20241227,-99.46489432803972,-33.251450356191455,-67.21663895685832,3.1669219755453413,-70.49032102324958
20241230,-98.53538205391322,-41.41098891899618,-69.36702284502947,13.531543024276974,-44.837773006613354
20241231,-97.87015362807183,-48.1811571477289,-73.1212472526922,21.923203175841966,-23.8733097499269
20250102,-98.52532371988191,-53.71996747808507,-75.39320018584758,29.67593727152746,-5.282047663039704
20250103,-100.07986091529663,-57.89380489200601,-76.77972475931976,35.817167764853515,9.357432065177782
20250106,-101.33832526839599,-61.25837891085148,-77.91395641020003,40.95425642349141,21.46655438118811
20250107,-100.99685977362138,-63.99888444607529,-76.49660166483577,45.11216133759669,29.917572604861405
20250108,-100.74591428710254,-66.29827833323455,-76.10999079457241,48.46791904258939,36.746997914645824
20250109,-100.30125546863101,-69.61767451023942,-75.35355190510582,52.186930178382696,42.33469915818352
20250110,-98.81180356493697,-71.73722227901027,-74.40860650942275,55.1845684955667,46.878153323416
20250113,-95.04270187195229,-72.27850499750517,-72.40625712818697,33.56097678731108,49.00305536501724
20250114,-91.95027247571524,-72.64897124720653,-70.86086635396691,15.39606158835482,50.91687650325881
20250115,-90.02764514287628,-72.90887382217232,-69.1010809611403,0.5317833627498594,52.31544910249608
20250116,-89.61354954728688,-76.22734157852676,-67.8389125526236,-10.646042710120216,53.73503476263826
20250117,-89.26267917645605,-80.75687362593314,-67.64839316928187,-19.843490047030272,32.927905785306365
20250120,-90.18092040049649,-85.29087485235591,-67.44748028631186,-29.801137764308265,14.769600344949822
20250121,-91.00938103130325,-88.61169247301414,-67.37744759674277,-37.861185819997424,-0.3038740164564824
20250122,-91.54686776868395,-91.16591655815442,-67.2480353765268,-44.520655885808466,-12.597499134187453
20250123,-91.84466214228534,-92.52555466817235,-67.11206302561587,-49.936862250421235,-22.855197878066633
20250124,-92.18437236086353,-93.64551610768737,-67.0318843129614,-54.243765226213085,-31.077180613802035
20250127,-92.14753869657598,-93.32140378221675,-66.18765397949954,-57.3300756641613,-37.482002299740195
20250205,-88.80824521759318,-92.02057512850472,-65.06568944616797,-59.626849141145634,-41.13176266112021
20250206,-85.6959414041261,-90.3673874219142,-64.13424345118807,-61.61582495133507,-43.511470790388636
20250207,-83.171822029827,-88.06398669597284,-63.48427304631057,-63.51923160019737,-45.4610207683343
20250210,-81.37204017404908,-86.47031495288117,-62.94233281175337,-65.32452703929958,-47.504286466956046
20250211,-79.87748457723531,-85.35066692185372,-62.4607296938257,-66.97198028138337,-28.547481478169615
20250212,-78.87029167948819,-84.29387236781538,-62.75018646722267,-68.04035446322264,-11.846440391720114
20250213,-77.98603879969394,-82.60831669876332,-62.5126428640063,-68.30706924978129,1.7779717398404695
20250214,-77.59290206628367,-81.56760539924763,-62.99141341563018,-68.25475403590492,12.847641729184573
20250217,-77.0500087096175,-80.4356018552095,-63.45807306976906,-68.18994720929639,21.447970876619344
20250218,-78.49434622053818,-80.43718041124121,-64.68211860133432,-69.26014628462147,29.866007490411633
20250219,-79.21503188286273,-80.38923099243567,-65.22925225800095,-69.81969136078877,36.175219055508954
20250220,-79.7363932944488,-80.49789292801778,-66.87542961585827,-70.1234742372192,41.69294648062269
20250221,-50.19778662389446,-81.53759835224803,-69.18457250600618,-75.70242893887846,46.41859307367324
20250224,-26.675017738856383,-82.37665101742206,-70.27001943075102,-80.2330960080585,49.919906288225775
20250225,-7.1949391350497285,-83.20683753184761,-70.90405982529958,-83.45218624949378,52.876676093937675
20250226,8.837310781360772,-84.04263813647476,-71.433227472603,-86.15462165820895,55.18908680378398
20250227,21.279593538855494,-84.85760842898823,-71.48860651407855,-87.83530655473659,56.85186501716786
20250228,31.467894825648333,-86.26127131881722,-72.20037954042928,-89.56690519950182,58.01128572156534
20250303,38.74515224906803,-87.43008818126432,-72.28266968876721,-91.02363182712502,58.39427219734745
20250304,44.51685138104108,-88.82698293940467,-71.51219554260183,-92.0780047822857,58.30902175815539
20250305,49.97890906542238,-90.91063452560616,-71.35440094683999,-92.7523786996735,58.3433164156757
20250306,54.59892486269092,-93.0525867348838,-70.86552407280158,-93.0547504723868,58.963674368437665
20250307,58.3794553677903,-54.54244660985065,-70.85674789871841,-93.20723694901395,59.465226646767405
20250310,60.88846620044892,-22.397570818939464,-70.88921857531673,-63.91569729531793,40.214000038613165
20250311,61.72726741479447,1.6517110792883005,-70.81384567153506,-40.74330838325622,41.04927238355086
20250312,62.70317383984023,21.371726242854624,-70.63504752907265,-21.643778526820604,41.67868823230521
20250313,63.26240118664637,37.689636170699075,-71.30362058879209,-5.3737246702464105,42.16059258299292
20250314,63.863234643927555,50.6829132921989,-72.23147569375321,8.15068186717368,42.57777575840481
20250317,64.56879456067965,62.81777136269927,-72.56919309695067,19.50703492214364,43.008758187070704
20250318,65.13809258801334,72.70470300189567,-72.6949901322295,29.02617576701493,43.40177131918862
20250319,65.9429521619434,80.71315488183203,-73.23610259026226,36.88416948019305,43.96356551758614
20250320,66.24444766788476,87.29690968715916,-73.22414560555221,43.396988354931445,44.02894299796536
20250321,66.54151641144917,92.6506653256037,-73.15590178940955,48.734686057884886,44.08481191592832
20250324,67.02736576833227,96.35676136883806,-73.20939419370934,52.96354497602574,44.17346286368233
20250325,67.41230744629826,99.12533284341934,-72.7236196307724,56.63993649144011,44.17451381006613
20250326,67.44150278338428,101.46623419939124,-72.36170625826404,59.678444439683936,44.10186961432608
20250327,68.06808099933326,103.56063676269991,-72.37254729616087,62.437327276148174,44.10317077954098
20250328,68.58115375450352,104.98123132620934,-71.58333541702928,64.60554932876862,44.09274634739787
20250331,69.8217948501582,106.12132634172107,-71.13693350509558,66.27609581840287,44.33741910227565
20250401,70.76976993808485,107.34188448836821,-72.20415030908899,67.93624953879501,44.43798533412352
20250402,73.35971318339989,108.68446118276601,-72.62933089482438,69.40572677023688,45.21100765444153
20250403,74.58297235035232,110.15672940257461,-73.12845728509414,70.71305008568014,45.70106109381025
20250407,75.55177478966273,106.11400758924982,-70.48889956526344,70.27965959059719,46.04203126486452
20250408,74.57905461882089,102.84967456026742,-68.31808430957565,74.58731161929688,48.51328237370002
20250409,74.98149978518882,101.0867635093777,-45.36927492973346,79.25809641098289,50.83558187430487
20250410,74.87756236674049,99.24432126606688,-27.09422597141967,83.38040614652247,52.69830844440786
20250411,75.08655581781152,98.91248653068891,-12.087505690286996,86.72271178624935,54.23014444372504
20250414,75.2898559067639,99.20905386671889,0.1962816934515712,89.44317207501419,55.300288304169904
20250415,75.11379983144403,99.45680547077963,10.381415280942594,90.79476486524504,55.96215605504759
20250416,74.42550732552897,99.8332909001951,18.820617906169854,91.90981480887022,55.944521917084906
20250417,73.85274773473118,99.243790745359,25.65840859552651,92.79034965555553,55.9518095083231
20250418,74.05022800254157,98.70759125925296,31.768189913970605,92.14919823186678,56.55019047202747
20250421,74.11680117811697,63.31634077037063,36.75781217505422,91.50792292679762,56.821927666618976
20250422,74.17499175246485,68.98848442182518,40.84014308523364,90.87469656000508,56.960816678089
20250423,74.21429741883304,73.85296163898144,44.42668388466041,90.35741378011713,57.233170714823316
20250424,74.94543306384416,77.83511549420426,25.324859654852446,89.95212983764111,57.3604084632686
20250425,75.27907782076791,80.68361483790164,31.45747613092045,89.25773965826858,57.36316071350696
20250428,75.02829576843087,82.46125584710143,36.43946585555781,87.90539794160901,57.285712199773506
20250429,75.2158825347583,83.90305819921254,40.50361153294758,87.04809695654379,57.11379774653202
20250430,75.2507517432491,85.09702088595368,43.84233716470792,86.45395699921865,57.24812197789363
20250506,75.56212494357048,86.24863123059109,46.64087138264698,86.80110643000735,57.477349979030926
20250507,76.78218557679773,87.38078215743313,48.97448461355227,86.67165426272477,58.12905485825507
20250508,77.93134874221533,96.32516235998546,54.22655194282985,88.78708150349638,58.700383699688686
20250509,85.97745080362499,103.61210112711449,58.54558291389117,90.81699957426451,60.499308430657756
20250512,93.08043586675355,110.28724251161086,62.14643201331769,94.0224768098956,62.55368507266305
20250513,99.95050228458139,116.39109477056738,66.83797319108521,96.92780623870975,64.27693523717113
20250514,104.29659480529584,118.95867747861558,68.42197924972416,99.13599519456419,65.58972308514572
20250515,108.4642467181761,118.7403506689745,69.21600287683643,99.89509106999074,66.68263840732969
20250516,112.4816818221393,118.37731354672353,69.79519180597393,101.50643210892726,67.88495400647635
20250519,118.46839102320303,118.15644879389717,70.33041640306013,102.44663593555545,70.53559498341906
20250520,123.51291764053063,118.93044921201542,70.88566347579982,103.42772444534188,72.70122798605784
20250521,124.06415151707839,119.90239027861651,71.47793337839697,106.60435581007272,73.75221341880314
20250522,125.33247216221112,120.23721804756784,71.73499266835982,109.27057135109618,75.03459997935553
20250523,126.20150553858149,121.62565480717696,72.064202850963,66.29212759385524,76.44892666871704
20250526,126.90397266625884,122.24695768799067,72.55505912250986,31.123813488678447,47.31811910392332
20250527,127.24992583500028,77.52638291026355,72.66345958088796,2.745310456941441,23.04863157420516
20250528,128.18412505759233,39.51777644469315,73.43289940144216,-21.87287453412683,2.681145006971689
20250529,131.63649851043527,5.98163399045383,74.82103716862665,-46.739601977904506,-14.65858655786856
20250530,135.14026628144535,-20.17118037519931,75.45548224057163,-65.94908292081155,-30.443754062672568
20250603,139.77778915283366,-41.49412610880279,75.38854920387604,-80.59689709319888,-41.16513807206853
20250604,143.63653799550275,-59.896946748210176,76.24887137106957,-89.39056546144582,-49.89622260073056
20250605,146.14396861245234,-75.15559790878503,77.13712153122495,-98.25397593985912,-56.891257143391805
20250606,144.19927858362928,-36.198684622370045,77.84702002674892,-105.8345251360663,-61.88453260820477
20250609,143.5327371759599,-54.82425919189568,78.34408188530844,-111.63331061067132,-66.0631566968105
20250610,142.95361412455622,-70.3249465886358,79.21183625927219,-116.49176641409846,-69.48212703728991
20250611,143.78359282546884,-82.31334977010772,79.26635876670048,-120.34751987243267,-74.4566821672133
20250612,145.2355599811726,-96.37710469306634,81.85102723981187,-124.09652871102458,-78.19730460837371
20250613,146.0652062387935,-49.44621941183609,83.96465161439068,-126.92712089396059,-81.50270043225274
20250616,148.67423437721462,-17.19432904650712,82.53616320431777,-125.2024252066926,-48.545388707740244
20250617,150.98116707568815,9.216662522984471,81.36415364712762,-123.88933448312754,-21.471874981937162
20250618,152.015572537973,29.53072063280307,80.58341787432323,-121.942462565685,0.7169147509439922
20250619,156.40336831151157,45.86204261733643,79.9625770903534,-120.37268321116403,19.84203660023882
20250620,159.23203212676728,59.92461210310208,80.07598518150941,-119.25130889805644,35.139361069932946
20250623,158.8483134786873,71.11126935368172,80.11062643484571,-118.37200672613469,47.204137684403335
20250624,158.5796164038328,77.26357041326716,78.91085309398505,-77.77245443620224,57.09488850670528
20250625,154.97930949657302,82.30985531397197,78.09191992320002,-44.97106491778894,30.921705036378306
20250626,148.3878394588348,86.59911001451248,77.4306772637075,-18.019680531594663,10.0801900507208
20250627,142.88823526985416,90.09453940587865,77.21450240086368,4.03482786875641,-7.029061373169494
20250630,138.2108872235557,93.89888133453192,77.60547721301691,22.3110914983955,-21.118492670209296
20250701,135.44256603835353,97.09529137490505,78.54031919279076,37.51735578434224,-36.014353838388715
20250702,132.8698944774739,99.65734835711221,79.21886323514136,51.54276663226216,-48.32662354816355
20250703,130.92835479952893,101.67149411543741,79.77569167085504,63.028969542793625,-58.447126482761476
20250704,132.85486031994833,103.171920151441,80.25528644149051,72.43027517371806,-68.19157251054405
20250707,134.3722019093518,104.09857996624122,80.7550743291761,79.66659431630922,-75.93088964303146
20250708,136.01354807197347,104.69864078937893,80.5682163260196,85.535542817749,-82.54664403377636
20250709,137.57060232311366,105.62405300238137,81.7217878371518,89.77911892083988,-87.93085853058702
20250710,138.690962818043,106.40334113108504,82.43594782851692,93.02909314652167,-93.05554109807508
20250711,138.6043804403602,107.79482836796457,83.51820359103449,96.69819778887216,-96.6259795196701
20250714,138.10371025001498,113.31970852544671,90.18577074939073,103.53276718063447,-98.85560382555994
20250715,139.03208480822755,117.80962871232444,95.32287915474787,110.06203032180431,-100.79421131564358
20250716,139.8568010941956,124.15940507743848,99.94206311960879,117.10765081544115,-102.42872976771442
20250717,137.02780888406647,130.44121711217406,103.314901648376,68.8167837147689,-100.73067465306872
20250718,134.01326791698563,133.48076896497986,104.0982516988485,32.53179844252024,-99.49355478105426
20250721,132.2784749425483,135.16282393236685,104.4328918668344,2.8727684339830124,-98.83376494161774
20250722,130.64980271274047,147.7259115166612,110.0751318384777,-23.12193339124852,-98.27957196796206
20250723,131.90920064907561,158.50537180608856,114.53178576513348,-45.68399904967323,-103.32253346723708
20250724,131.15300051096605,163.3563531002542,117.47969013620892,-63.930876949543745,-103.14068100070094
20250725,130.50008078090107,166.94026792662638,115.91597202505142,-78.69992317565298,-102.86980733420887
20250728,128.97011855285854,169.73116837140137,115.11318652532616,-90.78288312312029,-102.40991193395979
20250729,127.65211995236656,168.73364455498472,114.50755793054584,-100.10190526246532,-102.09322218059397
20250730,126.35177436394832,168.31346379210672,114.55010512550908,-55.51553978006313,-99.31818712871194
20250731,81.49975536157612,167.2792836214032,113.64277138833091,-20.719957121042565,-96.44839222309238
20250801,44.81321061710986,166.28107490846853,112.95383761754205,7.7108494654099164,-93.82305435241898
20250804,14.56406427736018,166.43709910244743,111.78531654719701,31.348891655445208,-91.8770233788234
20250805,-10.209688862280718,165.23080064531248,109.81158320840488,50.31227961528363,-89.75067420627008
20250806,-30.52523969207056,164.55904259398426,107.49559913654004,66.51442801967056,-87.95781206530039
20250807,-47.15079709675258,163.81207919456176,105.70971997137785,79.39904256918514,-86.5476424721497
20250808,-60.94083693465649,163.2848900752247,104.28658225666184,40.43601772207419,-56.514758530682464
20250811,-71.77389388394481,162.67912228118507,101.03775582348861,8.563613019130726,-59.610791624593865
20250812,-80.71502519323907,162.15773834073264,97.98779948946634,27.64655762954677,-37.77432120965785
20250813,-85.01246293448777,160.3872918154199,95.40520515200295,40.36234202864451,-21.52216564372915
20250814,-89.84028778022368,157.48714447566942,92.6358751514844,48.62108471205115,-26.492213187827154
20250815,-93.79196360228511,156.1413153804403,90.93031780255941,55.6661319456325,-30.21300392700211
20250818,-96.94556270471521,156.7573475728822,89.49197785499267,61.362909578072525,-33.15050087141088
20250819,-99.6627258514937,157.661318077242,88.31281263450963,66.39797407188503,-35.550964461018424
20250820,-101.91140793208342,154.5110491223136,86.99403374178827,70.51706670877618,-37.510850482692284
20250821,-106.15844338920166,152.94498085804747,85.98371008618895,73.79529608616271,-39.183239246599676
20250822,-108.96630575689912,151.46268641518338,86.32684193545848,76.36651476283438,-40.51810673887672
20250825,-111.82868510814502,150.6202523634708,86.55996512914456,78.65637822094779,-41.64561907058533
20250826,-112.86120083399649,151.41005822380197,86.33041562364704,80.40353440210366,-42.511140307124506
20250827,-113.08892478631795,150.68757468932154,86.12572160879702,82.32267851776534,-43.49749720734218
20250828,-113.33020955342498,150.69676086826362,85.96363323994012,84.39672714549793,-44.37613693478087
20250829,-113.41734190811906,152.02202051509101,85.36604708778755,86.0432659327533,-45.09841159034907
20250901,-113.72409859544416,153.28543794016684,85.13006599100831,87.39103333615668,-45.6873265924417
20250902,-114.04748762398333,156.91033547470346,86.72361397899712,88.57269581746367,-46.27611493937583
20250903,-114.14375741010662,161.18709653775943,88.40923822321069,89.60795121489683,-46.752481583659005
20250904,-114.03350101338759,164.6527563635529,89.87312362860318,90.7204837832113,-47.14637334168488
20250905,-113.85478250152435,164.5172247513654,90.4983280775687,91.59680598029037,-47.50644857753232
20250908,-113.89902016878479,164.82755087997748,93.51991508086402,92.33000585658792,-48.071440842992246
20250909,-114.1870252399521,165.5297838942421,97.73977523400609,95.34932174847691,-49.92076505255183
20250910,-120.69689654047356,163.6728688060227,61.874662818378155,103.63123861376896,-55.17083478497675
20250911,-124.93544339294004,160.52909685004488,32.30349883408939,115.61518823353592,-61.09606218741872
20250912,-128.7654882384867,158.0707146137759,7.617718801814261,126.9706961970861,-67.11183070926518
20250915,-131.0027101558499,155.25781900724053,-12.51314138065487,137.06023336990467,-73.06992513523818
20250916,-132.99285749546027,152.5603519100079,-28.945970109791894,140.42722642924264,-77.93211614103069
20250917,-133.25006135208724,152.24403166159618,-42.593270722799765,142.6582243797678,-80.63994592239887
20250918,-135.5486968804889,150.7062280751616,-53.151359344201566,144.76337977626812,-84.99962450990365
20250919,-136.96869709232234,149.93242243105345,-62.3640249997842,146.9946022591964,-86.48271736030141
20250922,-138.8820780347221,96.18948218830911,-69.71248672027824,148.11719671029715,-87.68173461251293
20250923,-131.95186196530574,60.59375778857189,-72.2596726826027,146.42552945208269,-85.95484548960562
20250924,-126.69664787022289,31.371007833535007,-74.07798907236644,144.313554350191,-83.87625724954265
20250925,-121.43124196571317,8.190728155579064,-75.34354164027845,138.7722063095887,-81.37458651781515
20250926,-117.00202837776912,-10.7482417472291,-76.61460635740941,134.34340054896447,-79.27787660955485
20250929,-113.38807580885494,-26.243315844941247,-77.82148432348141,130.22248842518653,-77.49920884595433
20250930,-110.43283648797544,-38.94087138441654,-78.87562362384512,126.7542024190986,-76.04080623534553
20251009,-108.10076774153933,-47.272606599827654,-76.98865569624843,122.20941511749358,-74.92096290453145
20251010,-106.19561400170645,-54.0587214091701,-75.13470409967682,116.69392687731371,-73.60860725538602
20251013,-104.81356492600996,-60.00025997497642,-73.84816561870109,112.24689857192767,-72.8715572549443
20251014,-103.64694633056403,-64.8722578269367,-72.8301042025121,108.42127725772299,-71.92488366188978
20251015,-102.41541458121226,-68.840615770752,-72.00911911073358,105.25614784001293,-71.13545353352173
20251016,-101.4052587712816,-73.1585437201004,-72.45005176317034,102.95945113728412,-70.44050261797314
20251017,-100.57919217651651,-77.0743964209083,-72.97620048376739,101.42245491548759,-69.73403139452296
20251020,-99.23767686070197,-80.17132214926166,-73.43318731755585,100.0935207060138,-68.55571349544064
20251021,-98.47913271992971,-82.88980500868666,-74.20134662736962,98.95497404837465,-67.55985238506332
20251022,-97.873224713045,-85.10088047846412,-74.59016258469158,99.11359855605663,-66.85083771127587
20251023,-96.31006308260893,-86.91446108710709,-74.94471449345626,99.11633116358766,-66.38687304250014
20251024,-95.04317838371193,-88.73502141527096,-75.5292207341223,99.10819073360315,-66.05082759632147
20251027,-94.23601347583809,-90.24559228122966,-76.01492252967698,99.55960811761241,-66.53283380454802
20251028,-92.94151079719214,-91.4731828307364,-76.06822614596426,100.37370956887133,-65.81379105083455
20251029,-98.08097299300417,-100.45723707924776,-78.32898286522094,100.02365134474356,-66.36776549950424
20251030,-101.82236437330324,-107.61495218304614,-80.47425871833912,63.837287692048974,-67.26921898472058
20251031,-105.47227789208762,-114.94931785947296,-82.70774252223192,30.900786496866026,-68.78611155125985
20251103,-109.66283139969413,-121.06775123839908,-84.32833517075842,4.28702622981053,-67.6227285065308
20251104,-112.91052998962799,-126.09647107767798,-85.669593797872,-17.571628546852867,-66.67926130131765
20251105,-113.16155477125977,-130.00382844422427,-86.79549912563253,-35.47266964335186,-65.68884905725118
20251106,-113.27097048915385,-149.4244332861313,-96.25791986232139,-51.40977195246014,-64.88502618695128
20251107,-113.60567326317974,-165.82099846672475,-104.99509496740386,-66.85209144597125,-64.68237988793102
20251110,-113.88631884082672,-177.91399870344466,-111.57776831568056,-78.7520690329165,-64.45140052594196
20251111,-115.14527920131692,-188.3526587392809,-115.06350334789543,-84.82619507457697,-64.6084714676515
20251112,-116.22935138454662,-194.93593173834824,-117.96992002937147,-89.47150676007993,-64.69763990944676
20251113,-117.41571797609379,-199.81989542361927,-120.21885679247345,-92.14814151948904,-64.75309421330634
20251114,-121.19750700570523,-201.22657191217021,-121.33193523703353,-94.50063542153939,-65.94485966522383
20251117,-121.00198763577832,-203.0860549220909,-121.88122288875326,-96.49541375915497,-66.71031375911522
20251118,-120.93483992131893,-203.7163385546316,-121.94678287805816,-98.29241743170957,-67.54144704349356
20251119,-120.38307183948238,-205.8830036960037,-120.24277557672997,-99.5977604744743,-68.25165114554775
20251120,-122.32121690026437,-200.00876681839387,-116.36422731830228,-100.95099341583389,-69.03898269582109
20251121,-123.90988568166622,-194.76975960416746,-112.90435430048267,-101.98501611238771,-69.73557967429089
20251124,-125.21003194509905,-190.96479707082972,-110.00060810714788,-102.74727966138826,-70.28570786581027
20251125,-128.57747367516995,-188.61249553422897,-107.7031890761789,-103.31825626948833,-71.86249583739674
20251126,-131.44004208239696,-187.71072972501022,-105.59997622916,-107.34090806527459,-73.41955037545429
20251127,-132.49837316880777,-186.3272340950606,-103.26073531310189,-110.28573982075395,-74.66717189785629
20251128,-134.1937701028189,-185.4935850667286,-100.8905762422772,-114.2221735586806,-75.8082019296452
20251201,-135.3707978077705,-184.4340800080319,-99.35333646161347,-117.57056818897775,-85.72691105376363
20251202,-136.37296542086628,-183.62098009383368,-98.01134100812934,-120.33827300089258,-93.69916329589763
20251203,-143.88413454514043,-183.09786353665882,-96.96617390006149,-122.64097065203988,-103.96700543777646
20251204,-149.50070468807013,-183.106029406941,-96.9463944890324,-126.22307899755575,-112.77407305862069
20251205,-153.9259520649661,-183.13291076937097,-96.63834711004465,-129.33528239014993,-119.54459819684085
20251208,-153.40079484734508,-182.75152346551107,-96.20847705117676,-129.80901728021735,-122.98647524354078
20251209,-152.73640385974048,-181.55679787394598,-95.9462930828518,-134.97628196979812,-125.80459164766859
20251210,-152.2897269664384,-115.52357722363061,-95.30266878617657,-140.8351847325037,-127.40061953698938
20251211,-152.4478193985108,-61.7771825547379,-94.07264151993246,-143.50980325271172,-128.73226142946896
20251212,-152.44574986253832,-17.136859149191157,-93.20749708118298,-145.1284848241046,-128.21282382717598
20251215,-156.55841085205296,18.70343003803669,-60.07604880427431,-143.68898408155596,-130.2834508239349
20251216,-158.42985140087964,47.45000344039792,-33.1315947578873,-141.0310623007505,-131.63343468977544
20251217,-159.61464452950324,71.40998959535077,-9.927977898070885,-138.11360741242999,-131.47540992069688
20251218,-160.4797652445582,18.488667251762372,-27.273651784422512,-135.65243134304438,-131.20102809836067
20251219,-160.96434952367395,-20.80098127214003,-41.662924067169165,-131.40695991786106,-131.3162489929792
20251222,-161.1542623276803,-50.18312214848129,-52.37719913108162,-126.05561153517397,-131.43328760752337
20251223,-161.24397047596497,-74.27696220540827,-61.97080231602768,-121.98864132924382,-131.44416958825883
20251224,-160.8736153571804,-94.09140229457729,-70.28268977893886,-117.09126411987674,-131.6052205409944
20251225,-161.42830583658875,-109.73943892698773,-77.4903538831639,-113.05066562726886,-133.71223453423224
20251226,-104.7119702921,-123.3504773908201,-84.22219157758569,-109.35110180830418,-86.7999143527832
20251229,-58.5658086008317,-136.13736823198994,-89.55836686963374,-106.37000732824876,-48.237183917874454
20251230,-20.385576132320622,-144.19897494394516,-92.41359344288958,-103.71255764698812,-16.952464073646684
20251231,9.625973837743661,-150.82044164463468,-94.41367947643226,-101.52358699386862,6.790593476607044
20260105,34.17902635358712,-156.29785615742028,-95.71639571292917,-99.91866106321172,26.39073106776159
20260106,53.277971784607175,-159.12233460743553,-97.68515091436566,-98.15817537563224,41.73180023213601
20260107,69.84184960488653,-161.05407912530194,-99.0795443752551,-97.31461549973177,55.129857655965985
20260108,82.28616433736994,-163.35516908827054,-100.37024965426227,-96.27226174846155,62.89137027132752
20260109,92.63523487919898,-164.35585885927009,-101.93669964411528,-62.50136800486288,68.97413958637534
20260112,101.15371843527022,-165.68101036402228,-104.1680925878817,-33.79160020565518,73.92768142097025
20260113,107.30836567998301,-167.39162707438842,-106.75199859278639,-10.28754129338619,78.27524150970251
20260114,112.40876433153036,-170.03087736618662,-109.25606422471623,9.734528307643451,81.4174225854332
20260115,117.06564569732005,-172.59960392749923,-109.09820037069224,-10.301984679328061,84.33062545403625
20260116,70.28108733685022,-108.57324305638507,-108.95940619047622,7.556160199095081,51.31793043051289
20260119,31.897874381952253,-56.17511684123573,-108.71465534776297,21.207306919791126,24.86782267683933
20260120,0.41428147262573933,-7.444839864971997,-108.75606949959867,33.96612755301068,3.2656993414102797
20260121,-25.21195291183098,34.100598519409274,-68.54048011053732,45.04002603449083,-14.669436053182638
20260122,-43.445452289905056,67.7719134315031,-36.07393616315728,54.00932009514653,-28.97338780888828
20260123,-12.72234628747838,95.77065849982915,-9.730692769397878,62.24967778238166,-40.59986492688291
20260126,-34.15139819428558,112.0601133310628,10.210360164832743,64.54287782684922,-49.17024779957244
20260127,-53.07066808219471,125.36906365826012,25.81689936207184,66.44757030779954,-57.41309526774679
20260128,-18.334629199094103,136.21633081514207,39.08180924546029,68.01369788239583,-63.45290432219198
20260129,9.526744052323508,145.3271580150937,50.595965600576704,69.0941037128735,-67.97452917903195
20260130,31.769472517204637,147.9919908167295,59.376520465725676,69.83501645267428,-71.62363785597027
20260202,49.57323814628966,142.57585790711045,32.75086392232201,69.2918561594908,-74.57762165920633
20260203,64.23115428848996,138.3815435005644,11.05428131188723,68.86842006892351,-77.41561914071089
20260204,78.5412167458754,134.87815776882067,-6.738516315617419,68.54450319991075,-80.61995080269172
20260205,91.20944258669645,131.83353774961313,-20.785231183417665,68.46907352486917,-85.6821744104897
20260206,101.57238575534814,129.56841320376228,-32.32990205950032,68.52228169542687,-90.00894151107829
20260209,110.12078815405914,127.71515761114738,-41.771882028972215,68.6543819917064,-93.54481128637696
20260210,118.56921190045523,126.16351836650082,-49.306754751537646,68.73700626455262,-96.4809612189667
20260211,122.50840923530514,124.89792456057586,-55.46191550455866,68.90163632636312,-60.71622822683612
20260212,125.62768222514302,80.05406469574906,-61.06775961718229,69.21569642353684,-31.603725614529758
20260213,128.56110224457817,42.74628431170278,-65.666161228958,70.78336525868178,-6.933215585429037
20260224,130.1554468888529,13.038899267532116,-68.90569096036842,72.18870061174404,14.296959171061657
20260225,128.6469756146993,31.938255694585827,-71.87556529082578,73.34433413417716,31.305313078701136
20260226,127.7132423729268,47.231081811656715,-73.91226046423779,74.1524286373838,44.81528819846936
20260227,128.97468413345317,59.819467234922946,-75.89245184088757,74.8647109298872,56.15103172461222
20260302,130.5002869133811,70.04472768399319,-47.17732489414827,74.82338299447731,65.75663732731428
20260303,132.03236570882245,79.51969612655597,-22.804187164498707,78.66148659276448,74.75173719530538
20260304,133.18129087335373,87.33478350198398,-1.891726963195955,81.82565361996056,82.00292571475008
20260305,134.21152447216647,94.27222748147237,15.018219623133978,84.41401384155748,88.55787373596925
20260306,130.1470779668904,100.13206452850085,28.241744433691274,85.81398092328696,91.24399951049715
20260309,124.78706549625723,100.15284658517739,34.169769046810956,84.87357763643732,92.57609695100889
20260310,120.27702959540534,99.35910344304943,38.89579041373801,84.36597760663206,92.87003851230901
20260311,114.41415387069722,98.14365898235128,42.78599273289473,83.99829580681167,91.20002368999586
20260312,109.44019810496609,97.13238044272256,45.77771527575461,83.65783000206662,89.93540529990587
20260313,104.4789810138873,96.48762278690782,48.39879175242249,83.91086331825043,86.64056248762517
20260316,99.08146307143484,96.01778236174256,50.18294527659002,83.93105547128842,81.1225878879822
20260317,94.71949327168768,95.12732219553362,51.5735072658214,83.35945575271496,76.62196823234908
20260318,90.64250174006956,93.71676239190762,52.04534590245321,82.8524684790045,72.55861214686699
20260319,87.44605710208543,92.45571862075222,52.45594195428896,82.40225019440535,69.41516385822987
20260320,84.69544474223605,91.55417638893194,52.941599227072125,82.48946482480623,66.75197574419522
20260323,82.22387911180297,90.71102110920988,53.3027714973313,82.62717458854644,64.45633712241421
20260324,79.79712514577461,89.01086573285376,52.76426892706431,82.39888835790585,62.46178104265046
20260325,77.94814123269556,87.65729554560043,52.13093813868858,81.75804846504138,60.77138278081057
20260326,76.39928897167772,86.44085538379218,51.81553064040676,81.17425076437596,59.432474950541646
20260327,75.06089781966831,85.4356022885645,51.49124906126121,80.72705189506127,58.22636018055281
20260330,73.99082328922371,84.61765178737406,51.19070548143456,80.96167501042787,57.24346908025955
20260331,72.98709298586205,83.98643822623443,50.88239153699319,81.32761371516163,56.404743486848396
20260401,71.85666123468708,83.35310868429468,50.56726726045344,80.78284934493182,55.58129873536739
20260402,70.95626217283868,82.70374711750188,50.20464976182015,80.11843965446708,54.93836938248541
20260403,71.21792896252026,82.19404611039504,49.96058496246921,80.13181185002973,54.725990868695746
