trade_date,FU.SHF,SC.INE,LU.INE,BU.SHF,RU.SHF,SP.SHF,L.DCE,V.DCE,PP.DCE,EG.DCE,EB.DCE,PG.DCE,BZ.DCE,TA.ZCE,MA.ZCE,FG.ZCE,SA.ZCE,PF.ZCE,PX.ZCE,SH.ZCE,PL.ZCE
20100104,0.0,,,,0.0,,0.0,0.0,,,,,,0.0,,,,,,,
20100105,0.0,,,,0.0,,0.0,0.0,,,,,,0.0,,,,,,,
20100106,0.0,,,,0.0,,0.0,0.0,,,,,,0.0,,,,,,,
20100107,0.0,,,,0.0,,0.0,0.0,,,,,,0.0,,,,,,,
20100108,0.0,,,,0.0,,0.0,0.0,,,,,,0.0,,,,,,,
20100111,0.0,,,,0.0,,0.0,0.0,,,,,,0.0,,,,,,,
20100112,0.0,,,,0.0,,0.0,0.0,,,,,,0.0,,,,,,,
20100113,0.0,,,,0.0,,0.0,0.0,,,,,,0.0,,,,,,,
20100114,0.0,,,,0.0,,0.0,0.0,,,,,,0.0,,,,,,,
20100115,0.0,,,,0.0,,0.0,0.0,,,,,,0.0,,,,,,,
20100118,0.2175650057329176,,,,0.2175650057329176,,0.2175650057329176,0.2175650057329176,,,,,,0.2175650057329176,,,,,,,
20100119,0.3433079984022745,,,,0.3893071888448118,,0.3921433991895236,0.3725894467693584,,,,,,0.39270681452839923,,,,,,,
20100120,0.4468066058039112,,,,0.5262716065483993,,0.5371003223149866,0.5006094799036538,,,,,,0.537154924372106,,,,,,,
20100121,0.5139517824259691,,,,0.6409888443352529,,0.6401205630296174,0.5989206658896797,,,,,,0.633903652306666,,,,,,,
20100122,0.5755465646656318,,,,0.7324848899792862,,0.732842987922328,0.6684697068159748,,,,,,0.726494418988501,,,,,,,
20100125,0.5784797479991949,,,,0.7936021957373665,,0.7950927328035107,0.7148868227125436,,,,,,0.7955553507758301,,,,,,,
20100126,0.5781114229269401,,,,0.84726671321592,,0.8467703443259141,0.7601676926846337,,,,,,0.8537756234078523,,,,,,,
20100127,0.5632007124092847,,,,0.890804342393953,,0.8570589317767491,0.7664844089544924,,,,,,0.8965491446803902,,,,,,,
20100128,0.5493866008362671,,,,0.9195533829945972,,0.842257672667937,0.7761214259342833,,,,,,0.9027003866808989,,,,,,,
20100129,0.5435552052268693,,,,0.9426691881609509,,0.8262961630594483,0.7889871448359572,,,,,,0.9144670790900543,,,,,,,
20100201,0.5635393183104306,,,,0.9676843452272407,,0.8052361353464031,0.7873636500100422,,,,,,0.9002002985810525,,,,,,,
20100202,0.6107409099200676,,,,0.9640731180954,,0.7867189937260909,0.8075075993207769,,,,,,0.8858406158356864,,,,,,,
20100203,0.6650467299160315,,,,0.9826109373420764,,0.78010110948606,0.8705485895412164,,,,,,0.910494462741486,,,,,,,
20100204,0.7114911646325822,,,,0.9804857510819135,,0.7491401298807197,0.9207752929021698,,,,,,0.9316346671344206,,,,,,,
20100205,0.7674670576288446,,,,0.9595629426255976,,0.7118948899171222,0.9657640571578673,,,,,,0.9270734212956252,,,,,,,
20100208,0.8477275628687598,,,,0.9495776243341439,,0.701977731113278,1.0155958087627759,,,,,,0.929304317120532,,,,,,,
20100209,0.916997967879082,,,,0.9496861817711454,,0.6992058469558662,1.0480158130663249,,,,,,0.9371392964867543,,,,,,,
20100210,0.9820888261945455,,,,0.9715036194199742,,0.7089736259131162,1.0878751578973511,,,,,,0.9424248778324238,,,,,,,
20100211,1.0389778202820141,,,,0.9827492347893869,,0.7203173379922785,1.088454620205539,,,,,,0.9407117037557104,,,,,,,
20100212,1.086147488904241,,,,0.9934052863697374,,0.7379820407015817,1.0703886026314997,,,,,,0.9475178303530094,,,,,,,
20100222,1.102649939398759,,,,1.0022146287400506,,0.7640297377908293,1.0356599910516158,,,,,,0.936902376281416,,,,,,,
20100223,1.1173267676416507,,,,1.012307322285165,,0.7713964948642466,1.0121049857225803,,,,,,0.9298165889461169,,,,,,,
20100224,1.1205137568863086,,,,1.0164835425331527,,0.7795185313091539,0.9559609421885937,,,,,,0.8950968530214329,,,,,,,
20100225,1.1207331045156703,,,,1.0156897369956897,,0.8125851680821282,0.9212865037185974,,,,,,0.8807172666207889,,,,,,,
20100226,1.0436500594791864,,,,0.976141792453989,,0.8381203767198998,0.8815301876586418,,,,,,0.8669847413990077,,,,,,,
20100301,0.9785024698803527,,,,0.9472803643189834,,0.8609345721057575,0.8449801287100152,,,,,,0.859550387993125,,,,,,,
20100302,0.938953980656863,,,,0.9626821175125002,,0.9089995819277789,0.8301175232804899,,,,,,0.8595048159885343,,,,,,,
20100303,0.9061096042373016,,,,0.9481678153853345,,0.953151181679593,0.8185689076363574,,,,,,0.8625460570507042,,,,,,,
20100304,0.879120344952378,,,,0.9374514592977989,,0.9966330113709112,0.8365101072924112,,,,,,0.8700609027114109,,,,,,,
20100305,0.8540910516664498,,,,0.9212343770943066,,1.025419159054912,0.83572260590238,,,,,,0.8299819272940219,,,,,,,
20100308,0.7718605192135864,,,,0.9140894649611045,,1.0036033708889232,0.8225563829988101,,,,,,0.8301694041607337,,,,,,,
20100309,0.7012656956736556,,,,0.9056101289653304,,0.9830917342159649,0.811432439441429,,,,,,0.8310147291684776,,,,,,,
20100310,0.6445497915376595,,,,0.9027331348457691,,0.9757866075833811,0.8321393296250521,,,,,,0.8561382611744465,,,,,,,
20100311,0.6041684890478075,,,,0.9023889216898208,,0.9687518071107508,0.8411612282929545,,,,,,0.8654226932515198,,,,,,,
20100312,0.609923515764858,,,,0.918547166282398,,0.9689595199072056,0.8594045442077,,,,,,0.8787452847892218,,,,,,,
20100315,0.6102821617439455,,,,0.934842562410948,,0.9809568599062242,0.8893386373733277,,,,,,0.9092660654661296,,,,,,,
20100316,0.5888022249846648,,,,0.9408288662648181,,0.9832004363673369,0.9143912798407662,,,,,,0.9382978195506588,,,,,,,
20100317,0.6149789547034931,,,,0.9700703843639362,,1.010639183311178,0.9515046561982403,,,,,,0.9769517561466309,,,,,,,
20100318,0.6392921706455401,,,,0.9911613322197491,,1.0292890756451816,0.96291190778442,,,,,,1.0069962397439904,,,,,,,
20100319,0.6627632077110512,,,,1.015037362882239,,1.0512098926444866,0.985961851241999,,,,,,1.0518505587619966,,,,,,,
20100322,0.753829513731968,,,,1.0155669562716636,,1.0844086221909885,1.0083624567760332,,,,,,1.0633433104517573,,,,,,,
20100323,0.8325486175385334,,,,1.0191603712507784,,1.1113375549453242,1.0271178833495886,,,,,,1.0709244796181177,,,,,,,
20100324,0.8985733750499179,,,,1.0235900385237948,,1.134095962210826,1.0436458508227302,,,,,,1.0797702559878604,,,,,,,
20100325,0.9486963786330951,,,,1.0369383540139059,,1.1379324920696303,1.0569938148316762,,,,,,1.087132582634213,,,,,,,
20100326,0.9907711133954512,,,,1.0407619903809475,,1.1394874212467807,1.069010879593689,,,,,,1.096530408510198,,,,,,,
20100329,1.022564910037417,,,,1.0024102074931784,,1.0723947440785764,1.0367893188404298,,,,,,1.022638652573065,,,,,,,
20100330,1.060983891669462,,,,0.9840326080721189,,1.0362217440508332,1.0345081635258906,,,,,,0.9713427036753455,,,,,,,
20100331,1.0106009315475841,,,,0.9675388270468186,,0.9648902898604128,1.0119189911781703,,,,,,0.89523147757967,,,,,,,
20100401,0.9841107441151321,,,,0.955961479754538,,0.9002021189080991,1.0043173225419961,,,,,,0.8356938672263862,,,,,,,
20100402,0.9673816504885282,,,,0.935906799360573,,0.84187059253972,0.9443766560575592,,,,,,0.7885987298563245,,,,,,,
20100406,0.9176752546309336,,,,0.9334665279763918,,0.8113280719967774,0.9227958027847627,,,,,,0.7594845668536354,,,,,,,
20100407,0.8871466126285494,,,,0.9110695059529204,,0.7871120705578484,0.9221534746841216,,,,,,0.7371986315177366,,,,,,,
20100408,0.8797159464174504,,,,0.9090531960535102,,0.7703452073423089,0.9210013718275761,,,,,,0.7390026407195525,,,,,,,
20100409,0.8757969966425372,,,,0.866701950080759,,0.7696923636101631,0.9333390364061437,,,,,,0.7458322187053811,,,,,,,
20100412,0.8698036009799186,,,,0.8356676430045374,,0.7710137357492594,0.9379970398156625,,,,,,0.7417359060931515,,,,,,,
20100413,0.873224238973653,,,,0.8319191756051673,,0.8092043145189948,0.961269578788381,,,,,,0.7803765220335935,,,,,,,
20100414,0.8786831097391359,,,,0.8326910052996658,,0.8292004781823458,0.9561420518003743,,,,,,0.8086417515860193,,,,,,,
20100415,0.9074924273807848,,,,0.8179429480524609,,0.8543765052754225,0.9413765874059103,,,,,,0.8559605179570476,,,,,,,
20100416,0.9219884783339979,,,,0.8193066961813902,,0.8901084029727261,0.9475761082815508,,,,,,0.8844085902873577,,,,,,,
20100419,0.9625226293260779,,,,0.8644927143857071,,0.9532890951939565,0.9827258400930761,,,,,,0.9264199382376179,,,,,,,
20100420,1.002628200066307,,,,0.8861087936941545,,0.9867908110404118,1.0048431488587048,,,,,,0.9549641915998286,,,,,,,
20100421,1.0349148746628885,,,,0.9082201396589006,,1.0141971734107966,1.0178035238644798,,,,,,0.9806835796999361,,,,,,,
20100422,1.052227116055391,,,,0.9180864307850675,,1.0346969135929747,1.0327419944313008,,,,,,0.9927414920947464,,,,,,,
20100423,1.0482563453019607,,,,0.9519113573277052,,1.0433124007189305,1.027973640563389,,,,,,0.9963720156300502,,,,,,,
20100426,1.0529461913590348,,,,0.9785727861020266,,1.0526705095078082,1.0274433320829666,,,,,,1.0101293415779673,,,,,,,
20100427,1.0584527756218298,,,,1.0049979679731629,,1.0652830238005768,1.0395083370624396,,,,,,1.0296378658339271,,,,,,,
20100428,1.0630574771076133,,,,1.0160969686112513,,1.0623431198200954,1.0496907118580863,,,,,,1.0444030692979578,,,,,,,
20100429,1.0655195238602273,,,,1.0266635399650614,,1.0642137469939235,1.015264597933246,,,,,,1.0543124930201169,,,,,,,
20100430,1.0976644839559544,,,,1.0404081627760795,,1.0744128505737416,0.9962476534416683,,,,,,1.07530199504694,,,,,,,
20100504,1.0826347552027333,,,,1.0005415766246728,,1.0272425767857802,0.9736962335234927,,,,,,1.0357069998732307,,,,,,,
20100505,1.071869282641184,,,,0.9532190322642486,,0.9762514947929909,0.94725736863374,,,,,,0.9789034943266592,,,,,,,
20100506,1.0723070322021016,,,,0.9160414113248284,,0.9344218335667399,0.9301219692018338,,,,,,0.933353404701816,,,,,,,
20100507,1.08660978339021,,,,0.8971300234847415,,0.9398083797560663,0.9204325752416301,,,,,,0.9365334126919183,,,,,,,
20100510,1.118726670058777,,,,0.9129180392328948,,0.9561906582649087,0.9166830568406393,,,,,,0.9541187309471092,,,,,,,
20100511,1.1399599717933746,,,,0.9221114714861474,,0.9687018890049963,0.9212082870486769,,,,,,0.9594768817443596,,,,,,,
20100512,1.1574978862998733,,,,0.9294801232233962,,0.9727130483705038,0.9033352381530084,,,,,,0.9769785325081324,,,,,,,
20100513,1.1705332588252682,,,,0.9388021008238205,,0.9904963682168342,0.8946534093315868,,,,,,0.9925869665126591,,,,,,,
20100514,1.1832291746941261,,,,0.9610388906913707,,1.0087792998065968,0.9244578978563968,,,,,,1.02896335853414,,,,,,,
20100517,1.1870603031332005,,,,0.9806347765020995,,1.0320166385461838,0.9859600799159548,,,,,,1.0574543750782734,,,,,,,
20100518,1.199076826789058,,,,1.03598946960879,,1.0684044476774432,1.04691987769037,,,,,,1.0980423211285109,,,,,,,
20100519,1.212190095533146,,,,1.0888049674971791,,1.1059590479026344,1.1012901910832653,,,,,,1.1418908592141335,,,,,,,
20100520,1.228415275387828,,,,1.1310116913050328,,1.1469001131395837,1.149357683967359,,,,,,1.183783605055651,,,,,,,
20100521,1.2388889958369604,,,,1.1554194569995055,,1.163514329267707,1.1845369859840844,,,,,,1.2068931958514408,,,,,,,
20100524,1.2389460250834092,,,,1.1657357477374488,,1.1771894738113478,1.2193068041068835,,,,,,1.222182946071071,,,,,,,
20100525,1.2401839220249848,,,,1.1635696264579782,,1.1863688204062044,1.2452259279491682,,,,,,1.2402812759129143,,,,,,,
20100526,1.2445158376231265,,,,1.1663151077282157,,1.199062363763217,1.2672733505382656,,,,,,1.2500809854189514,,,,,,,
20100527,1.2479387942236517,,,,1.1708553380027262,,1.2067356207798439,1.2852421111136736,,,,,,1.2650154555173132,,,,,,,
20100528,1.2563186437504086,,,,1.1445195468900315,,1.2066878937411698,1.2934650068403126,,,,,,1.255242580876446,,,,,,,
20100531,1.2319807497600377,,,,1.0845771655519434,,1.1380854915037122,1.195173148366899,,,,,,1.2078384464799696,,,,,,,
20100601,1.2094028735895368,,,,1.0147604215202157,,1.0918309416452285,1.143490044308101,,,,,,1.1722043984313912,,,,,,,
20100602,1.1820422594195887,,,,0.9800507668406907,,1.0631365730278854,1.1021620878283187,,,,,,1.1416315172653033,,,,,,,
20100603,1.1584571981526195,,,,0.9535209210055002,,1.028639963515667,1.0613483475724572,,,,,,1.1156730574416123,,,,,,,
20100604,1.0880744671024878,,,,0.9358895932436374,,1.0122236399532991,1.0291639834951394,,,,,,1.0931286522429957,,,,,,,
20100607,1.0719302862932674,,,,0.9511270031299406,,1.006985463664268,1.0290170144711703,,,,,,1.0978465011325982,,,,,,,
20100608,1.0584061521035557,,,,0.9742452463827296,,1.0025771481512404,1.0447949205158347,,,,,,1.077823785061776,,,,,,,
20100609,1.0451006524438244,,,,0.989596771358161,,0.9933073079642395,1.0595988563406147,,,,,,1.0615426293062904,,,,,,,
20100610,1.031655799686967,,,,0.9941447799044419,,0.9809661954730506,1.0660202552583047,,,,,,1.031411217194487,,,,,,,
20100611,1.0152010872397448,,,,1.016531078834371,,0.9803331458064553,1.0726458547853097,,,,,,1.0128786419858737,,,,,,,
20100617,1.018234532079821,,,,1.0472638579568028,,1.0041328492090897,1.1089952546437252,,,,,,1.0173189077895635,,,,,,,
20100618,1.0218592828509534,,,,1.086983236890343,,1.0236164870348252,1.127154043468735,,,,,,1.0170644391211185,,,,,,,
20100621,1.0282963846049384,,,,1.1084021666023882,,1.0593440636402747,1.148768810695868,,,,,,1.0313669604276374,,,,,,,
20100622,1.0344628718992253,,,,1.1275702060153812,,1.0926904092843643,1.1689001649398392,,,,,,1.0437128088616079,,,,,,,
20100623,1.0662982074590255,,,,1.1438393540920087,,1.1169934540098574,1.1856710235773893,,,,,,1.0568954753278514,,,,,,,
20100624,1.0013680363711235,,,,1.0589480018430821,,1.0953806120152807,1.1195057020456562,,,,,,0.9822663880366264,,,,,,,
20100625,0.9353356544760041,,,,0.9878448769844386,,1.085961206591377,1.0399580839934046,,,,,,0.9399027893361563,,,,,,,
20100628,0.8770281034470389,,,,0.9242599020946838,,1.0769893022780832,0.9730544601968942,,,,,,0.8985703804126388,,,,,,,
20100629,0.8369383912943568,,,,0.9062474378118643,,1.0842876189275483,0.9259568571504123,,,,,,0.8911399211553369,,,,,,,
20100630,0.8006284939021387,,,,0.8715729196206751,,1.0854721685660782,0.887333429523138,,,,,,0.8876835685152097,,,,,,,
20100701,0.7763703981186947,,,,0.8521823665918881,,1.0905332074633887,0.8574118089045802,,,,,,0.894012879737168,,,,,,,
20100702,0.7546867054286978,,,,0.8445508093659033,,1.0891147780482053,0.8417421395316,,,,,,0.9058942217441428,,,,,,,
20100705,0.7024397555829568,,,,0.8349318143409097,,1.0385400952998236,0.7620092242095816,,,,,,0.8598131468857234,,,,,,,
20100706,0.6575970233181365,,,,0.8155624288240457,,0.995079875333991,0.694563016426567,,,,,,0.8223180148333282,,,,,,,
20100707,0.6199053053939418,,,,0.801143498004927,,0.9625301861020471,0.6404018528023498,,,,,,0.7911766802646736,,,,,,,
20100708,0.6516953642275223,,,,0.8389223389895226,,0.9415603300155164,0.6206143590341716,,,,,,0.8143302574962127,,,,,,,
20100709,0.6963342523979167,,,,0.8752437355874015,,0.9277439209833401,0.6357526713095277,,,,,,0.8404042280216517,,,,,,,
20100712,0.7172128268775085,,,,0.9170734313011423,,0.9153222415725815,0.6517486906191765,,,,,,0.8687615746759476,,,,,,,
20100713,0.7237460965052642,,,,0.9299287089991413,,0.8784873579117878,0.6506111542344587,,,,,,0.8770994243130312,,,,,,,
20100714,0.7565247930486289,,,,0.9601873696333498,,0.8514904342715688,0.6529622077901597,,,,,,0.8897301399674525,,,,,,,
20100715,0.7680950697302633,,,,0.9708675782987124,,0.7981627975429884,0.6556575031036269,,,,,,0.9051442487071394,,,,,,,
20100716,0.7803048346289904,,,,0.9675077753423369,,0.7308785720768972,0.6336707540803955,,,,,,0.9103336070439734,,,,,,,
20100719,0.8234028918027261,,,,0.9719520696373034,,0.6991249701708221,0.6865993382140059,,,,,,0.9527709001920964,,,,,,,
20100720,0.8609695459782997,,,,0.9898975085398869,,0.7012883766523031,0.7602918355688689,,,,,,0.9898410960395215,,,,,,,
20100721,0.8940783531194313,,,,1.0016725942601163,,0.6915654873434264,0.8094681914534609,,,,,,1.0229266820844758,,,,,,,
20100722,0.885077374411019,,,,1.0123999566217299,,0.7090739506002154,0.849261291671153,,,,,,1.047489607588191,,,,,,,
20100723,0.8994365511426499,,,,1.0400466670148825,,0.7340630154272152,0.8971319838349202,,,,,,1.0654268433380094,,,,,,,
20100726,0.9136915210225974,,,,1.0271144301759347,,0.7524804711409259,0.932822024522211,,,,,,1.0681877508412767,,,,,,,
20100727,0.9219429442962135,,,,1.0087609840012364,,0.7915784622039211,0.975176584901106,,,,,,1.070895801840693,,,,,,,
20100728,0.9169823639637469,,,,1.0029423971434814,,0.8233470614825951,1.0085872521470853,,,,,,1.0716194917888915,,,,,,,
20100729,0.9239679316047966,,,,1.0080966512368632,,0.8567251111898113,1.0146066746713482,,,,,,1.002237046815524,,,,,,,
20100730,0.919759725800806,,,,1.0153870720169642,,0.8873713450177116,1.0177698823936703,,,,,,0.9477080463740185,,,,,,,
20100802,0.9220434446616733,,,,1.0065100984010729,,0.9033580592973154,1.0188177584784774,,,,,,0.9082469219835148,,,,,,,
20100803,0.9296572501926286,,,,1.0058572889396684,,0.9177617870126531,1.0298602226058338,,,,,,0.8794434187957202,,,,,,,
20100804,0.925828315943391,,,,0.9998112574948361,,0.9388017973860325,1.0447878471135794,,,,,,0.8448324583965988,,,,,,,
20100805,0.9415255380216955,,,,1.0108685117059963,,0.9583537919688508,1.06931316486969,,,,,,0.8509219218253826,,,,,,,
20100806,0.9387112492542581,,,,0.9945152570411696,,0.9479228186350608,1.050133351082132,,,,,,0.8506434141960949,,,,,,,
20100809,0.9428743303928742,,,,0.9905482148675712,,0.9492443842969517,1.045268353678177,,,,,,0.8610244451858848,,,,,,,
20100810,0.9665940299408409,,,,0.9987992298221992,,0.9420507267448563,1.0366320895329861,,,,,,0.8720132009715442,,,,,,,
20100811,0.9906398278311335,,,,0.9847725809100093,,0.9453645317679726,1.0248717712375397,,,,,,0.8817176622750833,,,,,,,
20100812,1.0180243282727133,,,,0.9659848271482028,,0.964780705187227,1.0318134207518044,,,,,,0.9353538510233693,,,,,,,
20100813,1.0441202608862827,,,,0.9540797544526523,,0.9933171167258538,1.0464571368639561,,,,,,0.9858048522592874,,,,,,,
20100816,1.0283501998024838,,,,0.9312276771304645,,1.0093355463972902,1.048393443804076,,,,,,1.0341457808067478,,,,,,,
20100817,1.0159604191311449,,,,0.9285303829434268,,1.0311642686329323,1.0471860743680432,,,,,,1.0738226171074206,,,,,,,
20100818,1.0135031220690665,,,,0.9091704315747006,,1.0478767098885315,1.048226207054053,,,,,,1.108590185093613,,,,,,,
20100819,1.032706020694364,,,,0.8756125565636687,,1.0565929285238598,1.0367114589378028,,,,,,1.1092838518816623,,,,,,,
20100820,1.0713826732131275,,,,0.8837585373884911,,1.0910906813859718,1.0600940264846883,,,,,,1.1271795766998098,,,,,,,
20100823,1.100579897698884,,,,0.8934178685144637,,1.1056211865967134,1.0597012469309763,,,,,,1.1388590611198162,,,,,,,
20100824,1.1220453930848475,,,,0.9120550618686127,,1.119832013483043,1.0608117599370757,,,,,,1.149353456329167,,,,,,,
20100825,1.1470342106625584,,,,0.9483806605311149,,1.1292498698391928,1.0811263972878336,,,,,,1.1607653682190762,,,,,,,
20100826,1.1667837188142092,,,,0.9897659800892221,,1.1252234408171298,1.0843050360294237,,,,,,1.1638955821438264,,,,,,,
20100827,1.1808632595611794,,,,1.0199233438528381,,1.1109470828817676,1.0792492544426804,,,,,,1.156357624329391,,,,,,,
20100830,1.2067088040967497,,,,1.0500256855348664,,1.0977942240229577,1.0708364870879177,,,,,,1.10710269901294,,,,,,,
20100831,1.229308705002836,,,,1.0663120135345323,,1.0959557032089957,1.077344149853135,,,,,,1.0802403304278412,,,,,,,
20100901,1.2451555262651788,,,,1.0917646446888254,,1.0998042916835287,1.0851002163831645,,,,,,1.064008824225115,,,,,,,
20100902,1.2428626587979832,,,,1.119485973095751,,1.1110324013760438,1.0912755854695373,,,,,,1.062395863281058,,,,,,,
20100903,1.1879157079797131,,,,1.1212502009453797,,1.0876418454836734,1.068345954481422,,,,,,1.0393371603662611,,,,,,,
20100906,1.1354469465010115,,,,1.118167764873073,,1.073888443106709,1.0577884905955426,,,,,,1.0172366491785694,,,,,,,
20100907,1.077552967134603,,,,1.0784881779873616,,1.0588681755134057,1.0481852965971947,,,,,,0.9923764794683189,,,,,,,
20100908,1.0277264477571966,,,,1.046194237226299,,1.0502955805176308,1.013470133591745,,,,,,0.9671386723397091,,,,,,,
20100909,1.0108057807083382,,,,1.0379147464906282,,1.0632470272837136,1.0051020234568058,,,,,,0.9582702383928202,,,,,,,
20100910,0.9979428263070397,,,,1.0333266249664261,,1.0791555423253412,1.0068456915936532,,,,,,0.9573325397634348,,,,,,,
20100913,0.9787470945754592,,,,1.0318581656261634,,1.0953970288806412,1.0156978512063248,,,,,,0.9826556694833298,,,,,,,
20100914,0.9464230527230191,,,,1.025215879505074,,1.0789136135500101,0.9911923524200873,,,,,,0.9618278750044701,,,,,,,
20100915,0.921444934765595,,,,1.0152972730233312,,1.066298806474361,0.9695450197336304,,,,,,0.9419162343466192,,,,,,,
20100916,0.9011294092165119,,,,0.9893446560243817,,1.0400043646454653,0.9582137929673422,,,,,,0.9106711829777014,,,,,,,
20100917,0.9160236270388842,,,,1.0030244209898083,,1.03481054652596,0.9613934980155164,,,,,,0.8971651337837306,,,,,,,
20100920,0.9237698174277628,,,,1.0215768454386682,,1.0107411528155137,0.9496241190101383,,,,,,0.8962157000677297,,,,,,,
20100921,0.9391354864786496,,,,1.0503302617026429,,0.9935893704433034,0.9395257456725227,,,,,,0.9036378830769498,,,,,,,
20100927,0.9507895559807018,,,,1.0756046663616357,,0.9967251767196988,0.9665890885504357,,,,,,0.9566250143078673,,,,,,,
20100928,0.9346517059976668,,,,1.052115831462738,,0.9495721200266463,0.9563440271697023,,,,,,0.9809841607275879,,,,,,,
20100929,0.9155947896685931,,,,1.0266152265523971,,0.9113702430868209,0.9521945931785053,,,,,,1.00603706579431,,,,,,,
20100930,0.909041637667707,,,,1.0051945183632829,,0.8793786538745811,0.9460535377916618,,,,,,1.0257139239634108,,,,,,,
20101008,0.8852816547578466,,,,1.0023405131671632,,0.8788052188174005,0.9526996090277986,,,,,,1.0618193192355274,,,,,,,
20101011,0.9172037582834087,,,,1.0009734841196627,,0.8912936352698391,0.9784402463582411,,,,,,1.0955392082559139,,,,,,,
20101012,0.9525576448569162,,,,0.9929063803020345,,0.9152148562245829,1.0107403737136844,,,,,,1.1171499658674253,,,,,,,
20101013,0.9886563249511077,,,,0.9854287147745244,,0.9360600019511094,1.0387168263577284,,,,,,1.1351379105911967,,,,,,,
20101014,1.0177814098055906,,,,0.9770159931396429,,0.9584303932307862,1.069233204165188,,,,,,1.1485327749230976,,,,,,,
20101015,1.0478559388510102,,,,0.9691032119444773,,0.9749368323388911,1.1009124416825868,,,,,,1.1504455407186711,,,,,,,
20101018,1.0893850587590237,,,,0.9653013352000738,,0.9949939744790703,1.100648716402135,,,,,,1.1253274866146288,,,,,,,
20101019,1.122458367696947,,,,0.9885594927824234,,1.0373374787903549,1.1116812450589109,,,,,,1.1134421501252958,,,,,,,
20101020,1.1555932325967457,,,,1.0152938448856157,,1.0766359091222069,1.1225592505315884,,,,,,1.1029918040417217,,,,,,,
20101021,1.1817373419037036,,,,1.0461899712901617,,1.1089540378528844,1.135563013361231,,,,,,1.0942628287481655,,,,,,,
20101022,1.2142320264131425,,,,1.0732163549696758,,1.128660217030926,1.1502932118870637,,,,,,1.0736395163586718,,,,,,,
20101025,1.2052062920165818,,,,1.0838222261234958,,1.0970814772270105,1.125911106134147,,,,,,1.0102669933102175,,,,,,,
20101026,1.1942993630862664,,,,1.0980171668417917,,1.0611841802881612,1.09928696736162,,,,,,0.9626387918383024,,,,,,,
20101027,1.1558136183028018,,,,1.0978762809209432,,1.0354704247628592,1.0790161000287954,,,,,,0.92039499267605,,,,,,,
20101028,1.1241155007676762,,,,1.0998816356924754,,1.0171421780878165,1.0654036335536001,,,,,,0.8827860086417364,,,,,,,
20101029,1.0964681742312536,,,,1.1024498304091843,,1.0050400046597274,1.0399726946449321,,,,,,0.8543305413218772,,,,,,,
20101101,1.0520143195814944,,,,1.1105223798696788,,0.9784821311329087,0.9874588808083172,,,,,,0.8483768294386947,,,,,,,
20101102,1.020977872412156,,,,1.1207298686783638,,0.959186541585746,0.9448877946313919,,,,,,0.8435167771665241,,,,,,,
20101103,0.9849117884012074,,,,1.1316635175786895,,0.9290637514424844,0.8985988505886476,,,,,,0.8257311263676138,,,,,,,
20101104,0.964257036811751,,,,1.1435651803042528,,0.9116052085709531,0.88515268047568,,,,,,0.8647661082334662,,,,,,,
20101105,0.957264369256395,,,,1.1540234270918504,,0.9122909692340618,0.9028095848513922,,,,,,0.9123405569604183,,,,,,,
20101108,0.9501646122222828,,,,1.1563145618562962,,0.935061428766312,0.9276856775403336,,,,,,0.9717381851755953,,,,,,,
20101109,0.9423341207822611,,,,1.1571396758327364,,0.979322268295979,0.9745912435330755,,,,,,1.0153070109674063,,,,,,,
20101110,0.9346713796718769,,,,1.1206208957831159,,0.9993920546482967,1.0039443764735596,,,,,,1.036912663976031,,,,,,,
20101111,0.9345526626350248,,,,1.1054909564747177,,1.0410275081571332,1.0574552575297507,,,,,,1.0703960584134873,,,,,,,
20101112,0.9745012742357386,,,,1.0573058585578463,,1.0853558784151849,1.1104620656966906,,,,,,1.1055245388457735,,,,,,,
20101115,1.0189731082116333,,,,1.0536549495708842,,1.1303593664096387,1.1632601315594497,,,,,,1.1582888176862338,,,,,,,
20101116,1.0554694990497273,,,,1.0500356340019197,,1.167006603508224,1.2065416725860436,,,,,,1.1989008056517865,,,,,,,
20101117,1.0945727004270973,,,,1.0497700503767304,,1.197205195086509,1.242211064207657,,,,,,1.2400486829668957,,,,,,,
20101118,1.1196208009595303,,,,1.0350313604558994,,1.2231799200050633,1.2666330051587724,,,,,,1.2642493274504996,,,,,,,
20101119,1.120858385713473,,,,1.0250230865565713,,1.2315853087828608,1.2658030516825662,,,,,,1.2741311817545495,,,,,,,
20101122,1.1353463795182959,,,,1.0221785816932065,,1.2393292453278733,1.2668897960308763,,,,,,1.2544996540007853,,,,,,,
20101123,1.1341251178806364,,,,0.9932341724799659,,1.181521973987979,1.2159538972119832,,,,,,1.236718204344041,,,,,,,
20101124,1.1431842830539263,,,,0.9732041304417934,,1.1468283581049876,1.179845153067227,,,,,,1.1939627397150578,,,,,,,
20101125,1.130034427496882,,,,0.95886746070058,,1.112872892271651,1.1304718326287222,,,,,,1.1572650953611798,,,,,,,
20101126,1.0807021126941048,,,,0.9546871320345589,,1.0820292626913646,1.0826991664977799,,,,,,1.1237854684696023,,,,,,,
20101129,1.0504603093788787,,,,0.9348214126512219,,1.04704692206127,1.0358159939331122,,,,,,1.0692764740970104,,,,,,,
20101130,1.0301584655047433,,,,0.923608780013628,,1.0159038072198137,0.999452964699154,,,,,,0.9947067848955332,,,,,,,
20101201,0.9669651596473382,,,,0.9107851562401178,,0.9870996280029849,0.9571502957314127,,,,,,0.8976206346660887,,,,,,,
20101202,0.9210583517580991,,,,0.9065655457692595,,0.9400271325206226,0.8953701656983564,,,,,,0.8122466728277923,,,,,,,
20101203,0.8903644458969435,,,,0.8892915170415396,,0.9089937575652608,0.8511996960555098,,,,,,0.7492297773598885,,,,,,,
20101206,0.8664653315796371,,,,0.8659782110678548,,0.8835493086038506,0.8112001940360822,,,,,,0.7101581178908452,,,,,,,
20101207,0.8018708739697604,,,,0.8399526448305233,,0.8492087403797798,0.7763721132101845,,,,,,0.6643721586016041,,,,,,,
20101208,0.7766465832373161,,,,0.8382209930162126,,0.8166204275496649,0.7411096613476118,,,,,,0.6373594184327834,,,,,,,
20101209,0.7626958054544566,,,,0.8227306267164126,,0.79532227519094,0.7369050433456693,,,,,,0.6150787715924775,,,,,,,
20101210,0.768723101193217,,,,0.7834184955211654,,0.7411006309921413,0.7137625634378093,,,,,,0.5702205369734212,,,,,,,
20101213,0.7670291229948425,,,,0.7800150481811138,,0.7393919092030785,0.726248823105579,,,,,,0.5778780749250004,,,,,,,
20101214,0.762936825039339,,,,0.7781672155241296,,0.7298414355749802,0.7145551495979511,,,,,,0.5841445298727511,,,,,,,
20101215,0.7989887975390149,,,,0.8035925012192396,,0.7321539976046577,0.7267545906444013,,,,,,0.6439647086594804,,,,,,,
20101216,0.8156085389213575,,,,0.826078771079323,,0.7508161606904782,0.7548580074650242,,,,,,0.6993981259839733,,,,,,,
20101217,0.8250547464779007,,,,0.852425137642084,,0.7658298574714322,0.7764938736728684,,,,,,0.743180789165811,,,,,,,
20101220,0.8199957987442366,,,,0.8879052588732855,,0.7843200258848176,0.7965597674411729,,,,,,0.7786104889628962,,,,,,,
20101221,0.8484561278295312,,,,0.9314106877964833,,0.8232879831987431,0.820165679316263,,,,,,0.8247279046823465,,,,,,,
20101222,0.8237621873484783,,,,0.9506693763902525,,0.8558321053841356,0.8431204510467473,,,,,,0.8578785976103862,,,,,,,
20101223,0.7938947519344872,,,,0.9770024560141157,,0.8913809556928955,0.8528635175360457,,,,,,0.8887967720870364,,,,,,,
20101224,0.7686285923959466,,,,1.0167139877398625,,0.9525407808230938,0.8841221490784678,,,,,,0.9495900422589644,,,,,,,
20101227,0.7532359088502818,,,,1.016990065164292,,0.9318082017787902,0.8655793665459379,,,,,,0.9567145300281222,,,,,,,
20101228,0.7560354404713603,,,,1.0243218902223323,,0.9261017623559888,0.8698620257482099,,,,,,0.980474003081661,,,,,,,
20101229,0.7684472411251302,,,,1.0166220423363044,,0.9260633624486978,0.838678923913987,,,,,,0.9782971234541464,,,,,,,
20101230,0.7767069358201155,,,,1.0110905123486864,,0.928216542829662,0.8158383166730349,,,,,,0.9793377620589259,,,,,,,
20101231,0.7904760365382472,,,,0.9943356587408676,,0.9334467810144386,0.8265618582439034,,,,,,0.9822015616910779,,,,,,,
20110104,0.8311498269718209,,,,0.9591710325229542,,0.9456027666716176,0.8479029191128015,,,,,,0.9941592075921007,,,,,,,
20110105,0.8660328382650231,,,,0.9321441017621686,,0.9580779916052975,0.8806268215907748,,,,,,1.0035409699740496,,,,,,,
20110106,0.9202092467170504,,,,0.8903809158011876,,0.9691131807830182,0.9064790579166606,,,,,,1.0053496311846368,,,,,,,
20110107,0.9673450552724344,,,,0.8887146185481207,,0.971697023620802,0.9647443290648468,,,,,,1.034650262411936,,,,,,,
20110110,1.0097564220022972,,,,0.8928009294768875,,0.9731753160342596,0.997839300031302,,,,,,1.0347953808268984,,,,,,,
20110111,1.0510078587516039,,,,0.915245463357773,,1.008235899623265,1.0427088815922905,,,,,,1.0519248545914675,,,,,,,
20110112,1.0825796408912678,,,,0.9060458542947257,,1.0370539187937247,1.0825924355669858,,,,,,1.06340501884182,,,,,,,
20110113,1.0864807912463996,,,,0.9094871970784867,,1.056408821830788,1.1213918678024244,,,,,,1.0817183970113495,,,,,,,
20110114,1.0966866828661568,,,,0.913393335386706,,1.0680923594227016,1.1528647963339123,,,,,,1.0962672325164053,,,,,,,
20110117,1.0973026026680865,,,,0.923619007307865,,1.07531526757297,1.171268093146556,,,,,,1.107694685830923,,,,,,,
20110118,1.0644182741894666,,,,0.9444155492456536,,1.0472743614342812,1.1723325201451125,,,,,,1.1025157628826352,,,,,,,
20110119,1.0317646809630434,,,,0.9812705977000008,,1.0384698065339597,1.176706514003292,,,,,,1.0975573871923974,,,,,,,
20110120,1.0049567432846098,,,,1.0288981215407131,,1.022659860072341,1.1710895872265183,,,,,,1.0999058090678862,,,,,,,
20110121,0.9835742876562676,,,,1.0006073035295573,,0.9687024170688638,1.066524264555245,,,,,,1.040158331587218,,,,,,,
20110124,0.9646595157934275,,,,0.9827794667358716,,0.9505328812963509,0.9913476053589161,,,,,,1.0410983119141357,,,,,,,
20110125,0.9764330878088746,,,,0.9837001584927556,,0.9687234869245661,0.9481393581797353,,,,,,1.0577814900538054,,,,,,,
20110126,0.9862872937625606,,,,0.9986462096970576,,0.9815192742604443,0.9175912006593139,,,,,,1.073073687095085,,,,,,,
20110127,1.0039144299329148,,,,1.0179177046998389,,0.9921288227048056,0.8926656078696501,,,,,,1.0868445957779418,,,,,,,
20110128,1.022822240559841,,,,1.0325028212597636,,1.0047346732469775,0.8742197098169283,,,,,,1.10082234256095,,,,,,,
20110131,1.0545745450302948,,,,1.041782807148723,,1.0149773934682214,0.8488523093142155,,,,,,1.1104399991973164,,,,,,,
20110201,1.0945447099065453,,,,1.0467247804602438,,1.0400407363340665,0.8289057902094427,,,,,,1.1211635705133716,,,,,,,
20110209,1.1250144904952357,,,,1.0029903118563184,,1.0517681621929342,0.8068033687754588,,,,,,1.1345576233863959,,,,,,,
20110210,1.1535109958522223,,,,0.9682911869290695,,1.0720251905590445,0.8038438454723075,,,,,,1.1287249302043427,,,,,,,
20110211,1.1595596209033192,,,,0.9731641705872389,,1.104582709933569,0.8681153995698005,,,,,,1.156880897474434,,,,,,,
20110214,1.164910740987583,,,,0.9731401746081415,,1.115765965634477,0.9185061859343276,,,,,,1.1176011590885588,,,,,,,
20110215,1.0906824219245757,,,,0.9644609145087906,,1.0471261429753764,0.9236016617036115,,,,,,1.0644222276243718,,,,,,,
20110216,1.0442640718241214,,,,0.9510874794059953,,0.9900117710328719,0.9245481976189035,,,,,,1.0144714412080278,,,,,,,
20110217,1.0062597748250175,,,,0.9151212476842986,,0.9499069598340629,0.9287225364491065,,,,,,0.9770221005632646,,,,,,,
20110218,0.9766269159489069,,,,0.8990759208767399,,0.925920720010937,0.932355862304146,,,,,,0.9526755313520869,,,,,,,
20110221,0.929171899509343,,,,0.8886991835036608,,0.9096897265224538,0.9630007064514985,,,,,,0.9212281233161208,,,,,,,
20110222,0.8962987855748326,,,,0.8665292177037804,,0.9058930258542232,0.9984111469459588,,,,,,0.8841236736484395,,,,,,,
20110223,0.8786928186570097,,,,0.8637114799822859,,0.9233832814037966,1.0333876496598906,,,,,,0.861230173030321,,,,,,,
20110224,0.8611693185738747,,,,0.8478879475744597,,0.8848995104320507,1.0381409284029777,,,,,,0.8225054718876555,,,,,,,
20110225,0.8647007771122506,,,,0.8384833051391026,,0.8644628995930275,1.0370548661315355,,,,,,0.7906921759494664,,,,,,,
20110228,0.8678948010693388,,,,0.8652727642314781,,0.8638973818338758,1.0379085690202707,,,,,,0.8336824991650088,,,,,,,
20110301,0.9146187479070694,,,,0.8876637791072721,,0.8935543061763271,1.059009358863849,,,,,,0.8622970721712775,,,,,,,
20110302,0.9474743714368801,,,,0.9051463724086001,,0.9238120126652004,1.080110340382428,,,,,,0.8956129226115002,,,,,,,
20110303,0.9744323117476373,,,,0.9396560646913876,,0.9488351878028952,1.0979723766758753,,,,,,0.9214239616671765,,,,,,,
20110304,0.9964239780505815,,,,0.9575595201082434,,0.9679893457525123,1.114200935311367,,,,,,0.9302068601674749,,,,,,,
20110307,1.0265473274369459,,,,0.9796941453953636,,0.9868612671792082,1.088007077587655,,,,,,0.9482639224780315,,,,,,,
20110308,1.031903369063423,,,,1.0306983558286196,,0.9924522450578718,1.0613735681840109,,,,,,0.9877649992266219,,,,,,,
20110309,1.018515072352282,,,,1.0792188143646477,,0.9434067058037433,1.040180299826859,,,,,,1.0087588167090482,,,,,,,
20110310,0.9917708133469909,,,,1.1147979700941737,,0.9510486349635326,0.9901467527255985,,,,,,1.0372210090639158,,,,,,,
20110311,0.9872094035518008,,,,1.1474898351824059,,0.9571647965161156,0.9401989273268805,,,,,,1.0642990987214003,,,,,,,
20110314,0.9906022532273592,,,,1.1534283430743884,,0.9473203452657245,0.9091108048163077,,,,,,1.0362803386110546,,,,,,,
20110315,0.9870206856882795,,,,1.1544363845054855,,0.9419641607731994,0.8667850997390546,,,,,,1.0275600178644666,,,,,,,
20110316,0.9738483159888067,,,,1.1726028144019487,,0.9308338186775658,0.8333117414999277,,,,,,1.0180686827736796,,,,,,,
20110317,0.9740123437983997,,,,1.1886876932842478,,0.9196010664821314,0.795452415992955,,,,,,1.011038648640226,,,,,,,
20110318,0.9873374911818864,,,,1.2089667719752986,,0.9213525683143168,0.7657440647885161,,,,,,1.0235389795734544,,,,,,,
20110321,1.0008211486719096,,,,1.2189319321958154,,0.8993317581556595,0.7537040262523022,,,,,,1.0292068141808524,,,,,,,
20110322,1.0208405033206558,,,,1.1758251727833957,,0.8821079443241527,0.7458837525362216,,,,,,0.9842881639288731,,,,,,,
20110323,1.046766641188638,,,,1.142504155001016,,0.9059572730313691,0.7460304665643807,,,,,,0.9519422177698513,,,,,,,
20110324,1.077005782842434,,,,1.1214009603651711,,0.8947305600919593,0.7558028281770138,,,,,,0.9093640872784556,,,,,,,
20110325,1.0765999982118188,,,,1.0913924107075563,,0.8835631177355003,0.7670685695680713,,,,,,0.8648000721469697,,,,,,,
20110328,1.0267354305725362,,,,1.0489822984759827,,0.9051511213631064,0.7913631825442994,,,,,,0.8987586492221579,,,,,,,
20110329,0.9919599827094245,,,,1.0105219884315662,,0.9187025604473779,0.8279851539281825,,,,,,0.9203453700493371,,,,,,,
20110330,0.9660088728423872,,,,0.9637149004357516,,0.931463645372001,0.8395078455999737,,,,,,0.9387743533148225,,,,,,,
20110331,0.9361145675637216,,,,0.9269785765375645,,0.9404259366028606,0.8624765236391194,,,,,,0.9579146828700216,,,,,,,
20110401,0.8906526512748948,,,,0.8885265972750035,,0.9386285774112498,0.8821192794982259,,,,,,0.9443520255635744,,,,,,,
20110406,0.8535028524171835,,,,0.8769158248675754,,0.9619178373700968,0.9107909581284781,,,,,,0.9451391968293887,,,,,,,
20110407,0.8240903900573595,,,,0.8955508408732724,,0.985877697923431,0.9287722812909465,,,,,,0.9656001074473718,,,,,,,
20110408,0.8418808984665498,,,,0.9101522121519652,,1.005958634918492,0.9434548442712839,,,,,,0.9958128009681381,,,,,,,
20110411,0.8514708139230567,,,,0.9207005569186535,,1.036901915467655,0.9655876111439651,,,,,,1.0308724831064338,,,,,,,
20110412,0.8942578873700606,,,,0.9391115582712858,,1.0657046868987685,0.9833387078000324,,,,,,1.0609055818307993,,,,,,,
20110413,0.9513753091887027,,,,0.9352339470848919,,1.0591665111240764,0.9854377377432102,,,,,,1.0498964934897397,,,,,,,
20110414,0.9979397008020708,,,,0.9498194510459758,,1.0727207942028483,0.9949255349276501,,,,,,1.045112720582511,,,,,,,
20110415,1.0358168375594363,,,,0.9647230691230408,,1.0887694381111577,1.0174667757207958,,,,,,1.042135870762654,,,,,,,
20110418,1.0669822801703306,,,,0.976913771568364,,1.1034703917068558,1.034375442368034,,,,,,1.034916737157963,,,,,,,
20110419,1.108492042683082,,,,1.0030458649008025,,1.1101575279597433,1.0519385740965375,,,,,,1.0215270203392164,,,,,,,
20110420,1.140515434715064,,,,0.9986392069068907,,1.1118121124863045,1.0642268789495668,,,,,,1.0106285435320264,,,,,,,
20110421,1.1693815607862679,,,,0.996603502360157,,1.114056543728639,1.0836803601901688,,,,,,1.0026128190724033,,,,,,,
20110422,1.138925808517006,,,,0.9802200357648068,,1.1041533962073509,1.0924847324062248,,,,,,0.9663288968187744,,,,,,,
20110425,1.1160434493911116,,,,0.9734201288341208,,1.0955619698923533,1.1005889897862917,,,,,,0.9308890645271465,,,,,,,
20110426,1.0650810307926641,,,,0.9667746191706873,,1.087557546891267,1.1042329911426951,,,,,,0.8959246425440057,,,,,,,
20110427,1.0259765908412544,,,,0.9691675494184003,,1.0697652792466468,1.1087677040095787,,,,,,0.8849534893684798,,,,,,,
20110428,1.0011918739802588,,,,0.9809302779485081,,1.0395419801622339,1.1207575431655639,,,,,,0.8930742111045857,,,,,,,
20110429,0.9823530829895402,,,,0.9986945427270684,,1.0081064657883627,1.12083413907097,,,,,,0.8987193373443246,,,,,,,
20110503,0.970495861708329,,,,1.01411098326766,,0.9795244908448062,1.1261325558731814,,,,,,0.9005369296682362,,,,,,,
20110504,0.9165892289606138,,,,1.0161020451936862,,0.9463998495111163,1.116664077363718,,,,,,0.9165817554807913,,,,,,,
20110505,0.866610347547289,,,,0.9998967664971402,,0.9134805612192989,1.109814459908564,,,,,,0.9387517487659389,,,,,,,
20110506,0.8598040764213344,,,,0.9893436069120175,,0.9305823580652839,1.1185587447219556,,,,,,0.9612495984302283,,,,,,,
20110509,0.8872715387940375,,,,1.0041289200860508,,0.9601328747861986,1.131775442683848,,,,,,1.001820031477483,,,,,,,
20110510,0.9118906879425361,,,,0.996647728794834,,0.9910223222617841,1.1428972894742326,,,,,,1.0381360280548415,,,,,,,
20110511,0.9551756789104954,,,,0.9913140899006322,,1.0181488506146814,1.1545070450243584,,,,,,1.0704214266942438,,,,,,,
20110512,0.9960972167360551,,,,1.0028554127217937,,1.0588471578551641,1.1696049600692324,,,,,,1.102533947343944,,,,,,,
20110513,1.0252071018967408,,,,1.0319538764469696,,1.0945858756919478,1.1476561808086094,,,,,,1.119894318198462,,,,,,,
20110516,1.047967952754913,,,,1.0487257766912392,,1.1233727907456739,1.1282378363184677,,,,,,1.133477642176281,,,,,,,
20110517,1.0663756426868691,,,,1.0623564692371468,,1.153758475383067,1.1132381849503652,,,,,,1.1460737437659012,,,,,,,
20110518,1.099113946785725,,,,1.0750266250394866,,1.1823169298111753,1.1082503613553982,,,,,,1.1577613683679078,,,,,,,
20110519,1.131499394618822,,,,1.0838040291838755,,1.2099327629254841,1.1055941841136505,,,,,,1.154883287183872,,,,,,,
20110520,1.088431971459507,,,,1.0913071211483616,,1.1866512740315935,1.081643096190173,,,,,,1.11483160807117,,,,,,,
20110523,1.047078336977855,,,,1.0986276699569564,,1.1634823982058042,1.0588475241898332,,,,,,1.0831596559402359,,,,,,,
20110524,1.0155578864375292,,,,1.116818483941603,,1.1407292511817189,1.0459401212255057,,,,,,1.0616370424895023,,,,,,,
20110525,0.9701438770248018,,,,1.1300032651821168,,1.1239803079312989,1.027274841747449,,,,,,1.0445752115317608,,,,,,,
20110526,0.90353856405518,,,,1.1005992630686194,,1.065321536050139,0.9923776430490515,,,,,,0.99298321408358,,,,,,,
20110527,0.8395416370960456,,,,1.0150385934887425,,1.0060448636348072,0.9572397812445631,,,,,,0.9371147816420283,,,,,,,
20110530,0.7894020332042778,,,,0.9464179443426181,,0.9496178002434246,0.9212812284002412,,,,,,0.8799943352007206,,,,,,,
20110531,0.7337484487141808,,,,0.8890350246484716,,0.8976517087016314,0.9041065610921403,,,,,,0.825378381188919,,,,,,,
20110601,0.7008257766240428,,,,0.8444391882002529,,0.8546640445167726,0.8930456288332271,,,,,,0.7855919305552103,,,,,,,
20110602,0.6796431065714797,,,,0.8139168939951004,,0.8249523275783789,0.893888214697179,,,,,,0.7724943755070648,,,,,,,
20110603,0.696309602291558,,,,0.8010552242536431,,0.8318173259416344,0.9149528536366681,,,,,,0.7916040674581274,,,,,,,
20110607,0.7106861062742121,,,,0.7689084296085746,,0.8169496457970854,0.9094330216349705,,,,,,0.8063937924475443,,,,,,,
20110608,0.697349026780402,,,,0.7401753199804936,,0.8053308632206699,0.9057881390545057,,,,,,0.8229111230806669,,,,,,,
20110609,0.6911340115290205,,,,0.7056941665059682,,0.8051346769459957,0.9137318897141832,,,,,,0.8391454467035012,,,,,,,
20110610,0.7227554078512796,,,,0.6898909988349654,,0.8080656205747,0.9167579633949261,,,,,,0.8354367423962502,,,,,,,
20110613,0.7632978672050895,,,,0.7279315164246939,,0.8212781424407408,0.9351707636301428,,,,,,0.8452682448844686,,,,,,,
20110614,0.7839273534677833,,,,0.7604653205704577,,0.8354653147000387,0.956803574324941,,,,,,0.8596242237768521,,,,,,,
20110615,0.8128452845533326,,,,0.8026168335368413,,0.8523847897680478,0.9184740867366026,,,,,,0.8774896493149752,,,,,,,
20110616,0.8560984953772672,,,,0.8392827007571614,,0.8773285489979203,0.8873515182260054,,,,,,0.89290476046883,,,,,,,
20110617,0.8908141061407212,,,,0.8691695654245023,,0.8725330141817386,0.8351221177525234,,,,,,0.8998247774258344,,,,,,,
20110620,0.9136654114231059,,,,0.8504279973717287,,0.8690163211390745,0.7943004227610913,,,,,,0.8620613154239896,,,,,,,
20110621,0.9446232024248968,,,,0.8481283761315572,,0.8735338824289983,0.7789759391315086,,,,,,0.8355118901613348,,,,,,,
20110622,0.970543377662244,,,,0.8760898205966104,,0.8712323030791688,0.7677309734969975,,,,,,0.8162368998313335,,,,,,,
20110623,0.9961661060859306,,,,0.9118407242974009,,0.8619488208248205,0.7581585386953507,,,,,,0.8077408755750722,,,,,,,
20110624,1.0158768905327862,,,,0.9471870851517069,,0.8772062414270794,0.7597365916355922,,,,,,0.831231801994658,,,,,,,
20110627,1.0347274509600402,,,,0.9949266360514851,,0.8898337987779388,0.7629788833328629,,,,,,0.8881226598253585,,,,,,,
20110628,1.0618401759599168,,,,1.0324222796601712,,0.906339105447109,0.7553174175321441,,,,,,0.9368336239702751,,,,,,,
20110629,1.0853009909143758,,,,1.0432976020748588,,0.9145712865367983,0.7857234455842377,,,,,,0.9733038496023974,,,,,,,
20110630,1.0781393565669364,,,,1.0690080694489803,,0.9186035470485218,0.8227531730708264,,,,,,1.0087791202199783,,,,,,,
20110701,1.0755367579039057,,,,1.0862020499175218,,0.9418547699301119,0.8771933465903253,,,,,,1.039127061759598,,,,,,,
20110704,1.0704076461860912,,,,1.1305421156699265,,0.9685837537670122,0.9025177351622006,,,,,,1.0918759539790792,,,,,,,
20110705,1.057282481730102,,,,1.1670572696025339,,0.9917010024671619,0.9262847654351646,,,,,,1.1347185748323354,,,,,,,
20110706,1.0547698246739972,,,,1.1769126832122778,,1.0114600559950815,0.942434237679306,,,,,,1.1661771197345505,,,,,,,
20110707,1.050185124645848,,,,1.179716774882294,,1.0283983161799937,0.9518333670541856,,,,,,1.183217359487801,,,,,,,
20110708,1.036782490131137,,,,1.181467378251941,,1.0389707856208767,0.9735789794367588,,,,,,1.1961504067011044,,,,,,,
20110711,0.9878988058045685,,,,1.1195937177646027,,1.026624165135267,0.9927629514477782,,,,,,1.145716917580107,,,,,,,
20110712,0.9492253065459145,,,,1.066190441419882,,1.0297362235138736,1.0133925907948094,,,,,,1.1130974869325154,,,,,,,
20110713,0.9237848229107867,,,,1.0350815069969685,,1.032190650785857,1.0302864748080465,,,,,,1.1252898057540353,,,,,,,
20110714,0.9157260447440342,,,,1.003428314001174,,1.0486793895403925,1.0425796042071993,,,,,,1.1364107261951233,,,,,,,
20110715,0.9105781772959017,,,,0.9792248315028144,,1.0642289544741197,1.053336591810865,,,,,,1.1347559002087948,,,,,,,
20110718,0.9034347132943191,,,,0.9338495784576311,,0.9777311756232755,0.9895132210449564,,,,,,1.1334314558791048,,,,,,,
20110719,0.8979353367568399,,,,0.9021065335172392,,0.9056026980069746,0.9411583436056832,,,,,,1.1314251525404326,,,,,,,
20110720,0.8984171259532958,,,,0.8873414856854532,,0.8534125038098088,0.896894139672601,,,,,,1.1322815627194576,,,,,,,
20110721,0.8943579423076726,,,,0.8778209890676695,,0.8129588435004719,0.8640282071829566,,,,,,1.133744566475031,,,,,,,
20110722,0.8964613551492258,,,,0.8702087965179713,,0.8099243188066056,0.8380821244879108,,,,,,1.1364743883382655,,,,,,,
20110725,0.915455641355175,,,,0.8862120589255842,,0.7989200813805057,0.834112810654608,,,,,,1.149907800827084,,,,,,,
20110726,0.9294617594034913,,,,0.9050696299724635,,0.835791996359348,0.8571802767462123,,,,,,1.14527433490981,,,,,,,
20110727,0.9247846936462409,,,,0.8724329534766434,,0.863957673092922,0.8579564802786052,,,,,,1.0156096092492986,,,,,,,
20110728,0.9243160333954944,,,,0.8660056065785713,,0.8872401866875663,0.8604035152790109,,,,,,0.9426449484249791,,,,,,,
20110729,0.8945269435465087,,,,0.8603260827757415,,0.906838509561827,0.8801678037371902,,,,,,0.8894812311172005,,,,,,,
20110801,0.8710595187452617,,,,0.889154902538244,,0.9762334985750826,0.9349788183884291,,,,,,0.8709444080748983,,,,,,,
20110802,0.855957198999121,,,,0.8966771014571995,,1.0349062792981811,0.9954308411083898,,,,,,0.8548041683784712,,,,,,,
20110803,0.8345197376315676,,,,0.9033888491391997,,1.0774984937443184,1.0458141566560053,,,,,,0.8428125531877557,,,,,,,
20110804,0.8407414740539971,,,,0.9081911204945569,,1.1211299185663783,1.0912423298338467,,,,,,0.8281484067073519,,,,,,,
20110805,0.8515847361979296,,,,0.9484886250698261,,1.1524766634953991,1.1418525534101667,,,,,,0.8585781351948095,,,,,,,
20110808,0.893880143967254,,,,0.9874951818249723,,1.1820660303468467,1.1800968912816983,,,,,,0.8890677728503641,,,,,,,
20110809,0.9298729909895663,,,,1.0014962345681608,,1.151574690896995,1.1912162164593898,,,,,,0.9106535354988154,,,,,,,
20110810,0.9806122995965921,,,,1.0392282247972975,,1.1450672675177038,1.2154020970455883,,,,,,0.9870415024915314,,,,,,,
20110811,1.0233119339542127,,,,1.0846612823081132,,1.1475802945962867,1.2389045413138478,,,,,,1.0554810311256513,,,,,,,
20110812,1.0668979339080273,,,,1.122441566432357,,1.1532250382917477,1.2426765364007344,,,,,,1.110748267846257,,,,,,,
20110815,1.104342133119119,,,,1.1408188755022848,,1.1548289993217977,1.2461942920918483,,,,,,1.1439397099869613,,,,,,,
20110816,1.133148056885713,,,,1.1626026117297414,,1.1531826284521571,1.247943067876398,,,,,,1.1711722937668876,,,,,,,
20110817,1.165672846496013,,,,1.182347888514445,,1.1634691659665146,1.251752800209576,,,,,,1.2012410313111814,,,,,,,
20110818,1.1824997400036688,,,,1.1981953670807837,,1.1667346484255168,1.2551831171427017,,,,,,1.2263236659309635,,,,,,,
20110819,1.2026263039615903,,,,1.139793848251166,,1.134900404894513,1.1987729693549631,,,,,,1.195201675652506,,,,,,,
20110822,1.2026132683039268,,,,1.0996347112609348,,1.100174883524307,1.1518091669513313,,,,,,1.1706216854453195,,,,,,,
20110823,1.2101620338061205,,,,1.0511437333464984,,1.070999388724225,1.0597806629548363,,,,,,1.117631526893391,,,,,,,
20110824,1.1977043722643252,,,,1.0098288667855493,,1.0384853857891885,0.965803030622774,,,,,,1.0753852151508638,,,,,,,
20110825,1.187065597416108,,,,0.9230129464264626,,1.007775005513767,0.882916798718132,,,,,,1.0297528385019183,,,,,,,
20110826,1.179038512652299,,,,0.8492531902885598,,0.9816372243366328,0.8191602766814018,,,,,,0.9920357336823729,,,,,,,
20110829,1.1729329118145464,,,,0.7952028852823377,,0.9605192828548721,0.7668212756284589,,,,,,0.9654025313643203,,,,,,,
20110830,1.1633015610926667,,,,0.7750042041220616,,0.9183328507059707,0.7204104230805088,,,,,,0.9341571039076729,,,,,,,
20110831,1.1543333258609005,,,,0.7556280026626513,,0.8752530425417766,0.6762889619534947,,,,,,0.8431078238396043,,,,,,,
20110901,1.1503468237646532,,,,0.7379772802777246,,0.8539361567945972,0.6478091021459732,,,,,,0.7731352439669187,,,,,,,
20110902,1.0734061025115986,,,,0.761113635490461,,0.8564197299013552,0.6428546129099023,,,,,,0.7299610390812831,,,,,,,
20110905,1.031591764881258,,,,0.7879897542699051,,0.858858240785271,0.6441924515099033,,,,,,0.6975088005329962,,,,,,,
20110906,0.9501042352818361,,,,0.8208200677833373,,0.8277348229403811,0.6487719021074941,,,,,,0.6648260813553445,,,,,,,
20110907,0.9275828637490261,,,,0.8651481125490317,,0.8230687356338224,0.6856091454901321,,,,,,0.6582440974450441,,,,,,,
20110908,0.9062440114768454,,,,0.9321570172847158,,0.8226048543907001,0.7256384972569551,,,,,,0.6477871263906022,,,,,,,
20110909,0.8885668120909022,,,,0.9845883094438187,,0.8219722492776513,0.7567803022736705,,,,,,0.640878059345175,,,,,,,
20110913,0.872374053436861,,,,1.032494781295349,,0.823159268348593,0.7818725818023342,,,,,,0.6340458885492543,,,,,,,
20110914,0.856720481139646,,,,1.0493712480166946,,0.8259611265870168,0.7977366771862957,,,,,,0.6381543765011566,,,,,,,
20110915,0.8444525898819238,,,,1.0646781791731696,,0.835819884226475,0.8195496408861404,,,,,,0.7036987553581955,,,,,,,
20110916,0.8399388715113182,,,,1.085640805816972,,0.8081581330094982,0.8099840360628291,,,,,,0.7618806210740241,,,,,,,
20110919,0.8843305467593038,,,,1.1197170625500417,,0.8669694618800685,0.8911753790070603,,,,,,0.8319364860683172,,,,,,,
20110920,0.9168157893347115,,,,1.1388817422132025,,0.917542731644088,0.9619526262616791,,,,,,0.8895918309715379,,,,,,,
20110921,0.9681103557119514,,,,1.1564793722297022,,0.9833574369426473,1.0326180014215953,,,,,,0.9457611110764949,,,,,,,
20110922,0.9744817748914384,,,,1.1550355179064877,,1.0236118122590965,1.0789668892831614,,,,,,0.9752777909786872,,,,,,,
20110923,0.9810233561647642,,,,1.1559835840024568,,1.0528275038959884,1.1152029024362382,,,,,,1.0011174578712383,,,,,,,
20110926,1.0314941851575317,,,,1.1436824473748326,,1.0699883993417079,1.1374333220279935,,,,,,1.0310446897640344,,,,,,,
20110927,1.0953358859594358,,,,1.1524814492626232,,1.1146680789768668,1.1777584074412115,,,,,,1.0732946260139131,,,,,,,
20110928,1.1491704377400096,,,,1.1693653321061983,,1.1560887237034385,1.2123984735759974,,,,,,1.1081675168338727,,,,,,,
20110929,1.1932883825454992,,,,1.1773492689207972,,1.1885405699552525,1.2366603564443266,,,,,,1.129642635795059,,,,,,,
20110930,1.2296267746891951,,,,1.188239387025421,,1.2203720498883,1.2577261759690022,,,,,,1.165850761216835,,,,,,,
20111010,1.256076856757359,,,,1.1862022294978198,,1.2180804965377006,1.2485625991131986,,,,,,1.1936081756628578,,,,,,,
20111011,1.278091308829279,,,,1.1902705326834029,,1.216317451714071,1.2346346780397215,,,,,,1.2137284056162665,,,,,,,
20111012,1.2965161889881711,,,,1.1961941972062862,,1.215007262028814,1.2243582300248135,,,,,,1.233789159016038,,,,,,,
20111013,1.3141575723104844,,,,1.1900516752358359,,1.1843803377348614,1.1956105275967708,,,,,,1.2449875860420578,,,,,,,
20111014,1.328262289447896,,,,1.15407128045868,,1.1534911485238475,1.174247700306418,,,,,,1.2530571653866913,,,,,,,
20111017,1.2740659704408448,,,,1.0979176990895005,,1.1044408606250302,1.1234512173594375,,,,,,1.183292830683818,,,,,,,
20111018,1.173865664444785,,,,1.0666315018737345,,1.0229484605803587,1.0397924754540875,,,,,,1.1223724620947335,,,,,,,
20111019,1.0893483754276643,,,,1.040566870314426,,0.9519484951874299,0.9702966705210863,,,,,,1.0660053555329079,,,,,,,
20111020,0.9794881590966102,,,,1.0241545364028959,,0.92075173227427,0.9479620061050387,,,,,,1.051859555364768,,,,,,,
20111021,0.8753997784827467,,,,0.9886121947532531,,0.8795689352279777,0.9274641153665325,,,,,,1.0157335717809335,,,,,,,
20111024,0.7899903914673418,,,,0.9963723920042695,,0.9061541284937765,0.9577716849892903,,,,,,1.018011559700352,,,,,,,
20111025,0.7207160260756603,,,,1.000371567779625,,0.9301747850976765,0.9848984742952392,,,,,,1.0206658255197438,,,,,,,
20111026,0.6690471038823893,,,,0.9973919479116798,,0.9520190642590103,1.0081430862613299,,,,,,1.0216961710633643,,,,,,,
20111027,0.6097926628728595,,,,1.0078228865953571,,0.9835993886108924,1.0378249435887132,,,,,,1.0273114131703993,,,,,,,
20111028,0.5652349753349261,,,,1.028432010257439,,1.0100782886751125,1.0601730425224811,,,,,,1.0322718447821768,,,,,,,
20111031,0.5497167769611387,,,,1.0570407266132165,,1.0443829032393868,1.092666119329943,,,,,,1.0719207710332448,,,,,,,
20111101,0.5548341502160051,,,,1.067405599999682,,1.084070542683636,1.126820898383643,,,,,,1.1041293256062101,,,,,,,
20111102,0.565466675431751,,,,1.0746189717430576,,1.1172709994165426,1.1522402486463557,,,,,,1.1334244398406106,,,,,,,
20111103,0.6312000196289973,,,,1.0753012892132048,,1.1136403220185738,1.1204192259342907,,,,,,1.1193809747516255,,,,,,,
20111104,0.7024333750781505,,,,1.0823742062928208,,1.092708939681619,1.0942386695924926,,,,,,1.1158809710433644,,,,,,,
20111107,0.7596668618643423,,,,1.0653195825293933,,1.0441859069179733,1.0153219678570211,,,,,,1.069767372308315,,,,,,,
20111108,0.8028861774190956,,,,1.0531034747398829,,1.0006698769187699,0.9422907930565512,,,,,,1.029481386052821,,,,,,,
20111109,0.8299082801398359,,,,1.0466559560106985,,0.9601207289495365,0.878953716803927,,,,,,0.9942625508696835,,,,,,,
20111110,0.8436532242067001,,,,1.0358181063751686,,0.9448426875223511,0.8742181047916368,,,,,,0.9666571039803596,,,,,,,
20111111,0.901118252803467,,,,1.0247842032144932,,0.9315073618701221,0.8762909697090743,,,,,,0.9507161320081388,,,,,,,
20111114,0.9601980743501142,,,,1.0358739432197912,,0.9355245042233563,0.8882953320071707,,,,,,0.9265909199248502,,,,,,,
20111115,1.0114596386533525,,,,1.0496527933084845,,0.9441931706145927,0.9034255670874158,,,,,,0.9093139428467962,,,,,,,
20111116,1.036101259093379,,,,1.058799732380043,,0.9425299167765219,0.9187925031457433,,,,,,0.8904816519880406,,,,,,,
20111117,1.0607956430024819,,,,1.0669566934118506,,0.9530410644455397,0.9563790731612308,,,,,,0.8900172337451605,,,,,,,
20111118,1.082385604471638,,,,1.0433946525808186,,0.9458290014104948,0.9737349809578484,,,,,,0.8831467928294744,,,,,,,
20111121,1.1053047278980725,,,,1.0374072870951978,,0.9646510389902528,1.021957037869499,,,,,,0.8644349313096622,,,,,,,
20111122,1.1284585171716046,,,,1.0332191187697097,,0.984898682325102,1.0658315333334436,,,,,,0.8540519943747109,,,,,,,
20111123,1.148193261187401,,,,1.0289569932303548,,1.007679420868937,1.1037592676011292,,,,,,0.8515457111610464,,,,,,,
20111124,1.175719078250423,,,,1.0079310046798875,,1.0132937071273582,1.0708378457188297,,,,,,0.8229600914459996,,,,,,,
20111125,1.1700452984498475,,,,0.9914841180167283,,1.017884185122356,1.0329252805565474,,,,,,0.798201780934279,,,,,,,
20111128,1.1517106544944942,,,,0.930984880338357,,0.9855774900806071,0.9761699256310664,,,,,,0.7760936363599706,,,,,,,
20111129,1.1443226004812361,,,,0.8834938846184017,,0.9588015342509479,0.9315214755869506,,,,,,0.7522063525840921,,,,,,,
20111130,1.1497456551221457,,,,0.8439337721968501,,0.9243330177991479,0.8867482463734666,,,,,,0.7367111658284167,,,,,,,
20111201,1.1968965667082945,,,,0.8247289833188249,,0.9123449214568603,0.8670407306797502,,,,,,0.754772372721156,,,,,,,
20111202,1.2351579549566283,,,,0.8186388169420485,,0.8965112650302385,0.8581215324768897,,,,,,0.7745988082681095,,,,,,,
20111205,1.2669355068274957,,,,0.7979754799208388,,0.8826505961214666,0.8486270824351585,,,,,,0.8234977908575745,,,,,,,
20111206,1.2913336423074169,,,,0.7826535301428784,,0.8744501486813296,0.8418046486458378,,,,,,0.855977265338846,,,,,,,
20111207,1.3107926381012587,,,,0.7727549884242861,,0.8526062319700658,0.8025632081910224,,,,,,0.8731473824444086,,,,,,,
20111208,1.3264321150236547,,,,0.7818311161848693,,0.846454014672244,0.8061332183952125,,,,,,0.894518345058906,,,,,,,
20111209,1.3417008826146208,,,,0.7920350830410384,,0.8530383467238372,0.8238994189040076,,,,,,0.901217312713018,,,,,,,
20111212,1.3524731859499117,,,,0.829989943925225,,0.8670511883013805,0.8578950157425561,,,,,,0.9208300525447461,,,,,,,
20111213,1.358184851028444,,,,0.864558766962959,,0.8802389738873826,0.8853177881623073,,,,,,0.9540763761885622,,,,,,,
20111214,1.3573010863426727,,,,0.8902994882227167,,0.9026719629978743,0.9091762099779553,,,,,,0.9785676800431656,,,,,,,
20111215,1.1632740464766007,,,,0.8893018123358722,,0.868439381661718,0.8857215540583644,,,,,,0.936817165177509,,,,,,,
20111216,1.0097328992424786,,,,0.9062000326097455,,0.8705914851710569,0.8644908388057891,,,,,,0.9117152393699982,,,,,,,
20111219,0.8840166330521098,,,,0.9273419445771496,,0.870739957691846,0.8490999460148099,,,,,,0.8607336897158395,,,,,,,
20111220,0.7820917204927174,,,,0.9483760698439898,,0.8739403900789077,0.8374375397428503,,,,,,0.8280984473959015,,,,,,,
20111221,0.703445254239265,,,,0.950837514245648,,0.8723216571361684,0.8473015597468941,,,,,,0.803578356596389,,,,,,,
20111222,0.6391119934992769,,,,0.9532509173928785,,0.8786138095676157,0.8544967076766524,,,,,,0.7922818062422212,,,,,,,
20111223,0.5756663078671779,,,,0.957950546247782,,0.8702566500544369,0.8539865388705468,,,,,,0.7887334721998697,,,,,,,
20111226,0.5246272324681981,,,,0.969108199130249,,0.867875031819178,0.8481344338026306,,,,,,0.790015144750459,,,,,,,
20111227,0.48092221336661717,,,,0.9752125939210683,,0.8647390022930975,0.8441675270331063,,,,,,0.7784014972175615,,,,,,,
20111228,0.44591049174480685,,,,0.9825464097824472,,0.8628230646349666,0.8453029977677053,,,,,,0.7725765689369037,,,,,,,
20111229,0.5098290684644368,,,,0.9751217819918366,,0.856977959732931,0.862518965684049,,,,,,0.7622584993078182,,,,,,,
20111230,0.5469497071782887,,,,0.9426982723862584,,0.837044516107756,0.8666021322181927,,,,,,0.7791678696535357,,,,,,,
20120104,0.5731988834809414,,,,0.9237486165754414,,0.8101120106083317,0.8636215638935175,,,,,,0.7985704688864385,,,,,,,
20120105,0.6247412352712,,,,0.9298932417095505,,0.7918057792855955,0.8632087505617985,,,,,,0.8233066521143131,,,,,,,
20120106,0.6640200828148072,,,,0.9385346976109568,,0.7838109893797048,0.8590346473553728,,,,,,0.8440076625890219,,,,,,,
20120109,0.6955590491884269,,,,0.9455496923820089,,0.7798500120282444,0.8540639132070017,,,,,,0.8618874250070483,,,,,,,
20120110,0.7476310054031429,,,,0.9515685982190947,,0.7899916979349445,0.8534677713334775,,,,,,0.886279126510546,,,,,,,
20120111,0.7787159940156954,,,,0.9486499849470565,,0.7710696983880965,0.8367407455162895,,,,,,0.8843712841218698,,,,,,,
20120112,0.8183410822154237,,,,0.9463767831362714,,0.7576151149599842,0.822792496956618,,,,,,0.9084284458864273,,,,,,,
20120113,0.860157552672497,,,,0.9478470194369775,,0.7485013876831118,0.8173067019104965,,,,,,0.928777721774089,,,,,,,
20120116,0.915367148224764,,,,0.9611933866358605,,0.7844421747458443,0.8363556127529249,,,,,,0.9721601694513061,,,,,,,
20120117,0.9660760791925256,,,,0.9775654879224415,,0.8349230973653986,0.8862977045680465,,,,,,0.9811911634170458,,,,,,,
20120118,1.011828432435422,,,,0.9514833343508194,,0.885198580034974,0.9303532157287595,,,,,,0.9946783976753637,,,,,,,
20120119,0.9988007852124613,,,,0.9043052880230233,,0.9170786646108252,0.962653712553125,,,,,,0.9721764731730173,,,,,,,
20120120,0.9932624973658313,,,,0.8852168047904215,,0.9493812724053918,1.0018680498351253,,,,,,0.9664852964907497,,,,,,,
20120130,0.9909418624931234,,,,0.9032045074282528,,0.9739911973915045,1.0347150711315536,,,,,,0.9661337927334065,,,,,,,
20120131,0.9917660074777856,,,,0.9178280927045565,,0.9924154851928957,1.0639040036124163,,,,,,0.9467956667977615,,,,,,,
20120201,0.9978288771153239,,,,0.949369645632487,,1.0342047507099674,1.1010379500923033,,,,,,0.9587101801255785,,,,,,,
20120202,0.991641772745268,,,,0.9768568891436502,,1.0674949312217434,1.1318588725725511,,,,,,0.9624968400408803,,,,,,,
20120203,0.9722556166504241,,,,0.9881774081674025,,1.0940254965812373,1.1574214119191952,,,,,,0.9647259027237678,,,,,,,
20120206,0.9535591179715084,,,,1.0113341090328911,,1.0718666177611318,1.1564754259981256,,,,,,0.9719266241859256,,,,,,,
20120207,0.8964666246207377,,,,1.0310656461332006,,1.033643710405859,1.1388832656607895,,,,,,0.9909985768634368,,,,,,,
20120208,0.8648879621403366,,,,1.068417146091864,,1.0113877918542846,1.1284885663551836,,,,,,1.0144271709689807,,,,,,,
20120209,0.8575101699063241,,,,1.1104682248747169,,1.021276836117793,1.1329390377803648,,,,,,1.0542612592444185,,,,,,,
20120210,0.8392830274494361,,,,1.1161491289851937,,1.014800775813542,1.1225268440888647,,,,,,1.0733071576254645,,,,,,,
20120213,0.8260568002179147,,,,1.0959788012222955,,1.0062823478900886,1.1159232571772204,,,,,,1.079095570052172,,,,,,,
20120214,0.7923990604666118,,,,1.07385092025939,,0.9913730576512041,1.114135245739848,,,,,,1.0773406531469587,,,,,,,
20120215,0.7656765223321347,,,,1.0486748638697279,,0.9773625028353027,1.115432672136142,,,,,,1.0738476400265486,,,,,,,
20120216,0.7653741941250168,,,,1.0484953055645279,,0.9772343433508652,1.1166020882725158,,,,,,1.080041411500071,,,,,,,
20120217,0.7598627195516138,,,,1.0481578813017722,,0.980967704259782,1.0678376150670668,,,,,,1.0862372429144485,,,,,,,
20120220,0.7626380227283781,,,,1.0289617778915865,,0.9913310730972068,1.0299971748096741,,,,,,1.0745549717772669,,,,,,,
20120221,0.7978767380450325,,,,1.0266534504038374,,1.031176214467578,1.0324048350051689,,,,,,1.0740444060114067,,,,,,,
20120222,0.7746732534098083,,,,1.0049729046693616,,1.0386967929125388,1.0158491756616024,,,,,,1.0424167495825654,,,,,,,
20120223,0.7473816522297536,,,,0.9833642416987899,,1.021279878929838,0.9824072239833567,,,,,,1.0116687319993098,,,,,,,
20120224,0.7592990686520052,,,,0.9677301965581194,,1.0139077734663997,0.9638782227235111,,,,,,0.9977581192641768,,,,,,,
20120227,0.7722150557120592,,,,0.9710665151910026,,1.0159481219982924,0.9491697579021448,,,,,,1.0107131450010338,,,,,,,
20120228,0.8004035719041213,,,,0.9776128612549534,,1.0164939928606955,0.9347048007165936,,,,,,1.0267256742802633,,,,,,,
20120229,0.8703817823006165,,,,0.984052718525861,,1.018138403080659,0.9088605648120084,,,,,,1.026801955538069,,,,,,,
20120301,0.9135800859660553,,,,0.9275605814280146,,0.9514123543060041,0.8626867226929114,,,,,,0.9549527003431024,,,,,,,
20120302,0.9572137975595749,,,,0.8833491821052339,,0.9055178158357585,0.8494617173445678,,,,,,0.9082751122007346,,,,,,,
20120305,0.9905300909631382,,,,0.8690057756215466,,0.8811166586715543,0.834881731707925,,,,,,0.8802624163181259,,,,,,,
20120306,1.0165880846611497,,,,0.8363218081106495,,0.8453354931710004,0.8189674577392736,,,,,,0.8689339231093731,,,,,,,
20120307,1.0576384201738493,,,,0.8251362167028665,,0.8608963553980924,0.8355690509964233,,,,,,0.8949038960278446,,,,,,,
20120308,1.0845784157792184,,,,0.8137523243454631,,0.886127415571983,0.8563690738303238,,,,,,0.9101469956093399,,,,,,,
20120309,1.0940900139354128,,,,0.8423345200689175,,0.9265060473419169,0.8760041444974426,,,,,,0.9227271332556332,,,,,,,
20120312,1.1044285433798071,,,,0.8618629385994405,,0.952825969436924,0.8896721562190363,,,,,,0.9202747682964476,,,,,,,
20120313,1.1093584187587389,,,,0.8725891494542319,,0.9803383137021054,0.9021852251431094,,,,,,0.9175358281869185,,,,,,,
20120314,1.0491964294286291,,,,0.8840154698020148,,1.0060511373253516,0.9324782103557571,,,,,,0.9297428877348595,,,,,,,
20120315,0.9749812959826689,,,,0.9214450928568187,,1.0564100917866106,0.9670507005313137,,,,,,0.9681719202160035,,,,,,,
20120316,0.9154703866413085,,,,0.943018879205907,,1.0861230892050089,0.966180758728968,,,,,,0.9502864678611456,,,,,,,
20120319,0.8750985908634812,,,,0.9568121667985432,,1.107362479696943,0.9669899732224374,,,,,,0.9351603180254899,,,,,,,
20120320,0.8629612700993546,,,,0.9808440594392228,,1.1334861192092223,0.986821121535488,,,,,,0.9322468907068467,,,,,,,
20120321,0.8909519542632188,,,,0.9906110672074252,,1.1248079528192592,0.9885272857641625,,,,,,0.9264613322480738,,,,,,,
20120322,0.9250984305814023,,,,1.0062596104569073,,1.1200817083108856,0.9906763044132745,,,,,,0.9202006127512714,,,,,,,
20120323,0.955053339461318,,,,0.9616674496885811,,1.06364678099575,0.9518573583641939,,,,,,0.9046858987057628,,,,,,,
20120326,0.9816770481636066,,,,0.9269576456321763,,1.0265540916052551,0.9259352361888809,,,,,,0.9053615551290621,,,,,,,
20120327,1.0479344724402595,,,,0.8990202811427538,,0.9810165623542507,0.8896026193644553,,,,,,0.9157229465556946,,,,,,,
20120328,1.1078127304228764,,,,0.8798206500854621,,0.9492040794213665,0.8658194223107141,,,,,,0.911932789776923,,,,,,,
20120329,1.1663328479732005,,,,0.8672457485601571,,0.9281564714724633,0.848555876979618,,,,,,0.9053002163971267,,,,,,,
20120330,1.2142787941901765,,,,0.8636912742374457,,0.9011254670070519,0.8460729444390206,,,,,,0.9135553951401564,,,,,,,
20120405,1.2528912249298136,,,,0.8588453250317923,,0.8857571917837346,0.8823571121555227,,,,,,0.8750477937018852,,,,,,,
20120406,1.28087307580822,,,,0.8591720100993876,,0.8838036059972404,0.9101218641256085,,,,,,0.8426410918413518,,,,,,,
20120409,1.2936101926922663,,,,0.847747461325387,,0.9084283577210596,0.9414165719364161,,,,,,0.8416754901367104,,,,,,,
20120410,1.3033463807243757,,,,0.8239540969087885,,0.9280730409312294,0.9710423122667545,,,,,,0.8473728452692977,,,,,,,
20120411,1.3118443851099757,,,,0.8701509512254885,,0.9731124470698663,1.0134039037936806,,,,,,0.8564839314854769,,,,,,,
20120412,1.318726333662023,,,,0.9114001755129195,,1.0055945076452117,1.0514994674423954,,,,,,0.8747141151324697,,,,,,,
20120413,1.2352766317290382,,,,0.9408532388926532,,1.0301822269431442,1.0899702423431987,,,,,,0.8766403620276881,,,,,,,
20120416,1.1637098515836914,,,,0.9590769479817668,,1.0435866872200166,1.0964331615119698,,,,,,0.8939124576961626,,,,,,,
20120417,1.0847203250358077,,,,0.967401788454962,,1.0376611698869966,1.1061005719173318,,,,,,0.892260327610858,,,,,,,
20120418,1.0199415907587168,,,,1.0057227948821543,,1.0540917782166586,1.1110383179797019,,,,,,0.8967376663770561,,,,,,,
20120419,0.9701579451720693,,,,1.0406891074263667,,1.0629647555056259,1.0757654281025013,,,,,,0.9339226836508148,,,,,,,
20120420,0.9366370319403562,,,,1.0688075019062528,,1.0581860484958463,1.0448326384632383,,,,,,0.9649780156884753,,,,,,,
20120423,0.9024506869382484,,,,1.1004520235471678,,1.0124245604468116,1.0191960790671148,,,,,,0.9927587997541513,,,,,,,
20120424,0.8736847382403694,,,,1.1320450058956553,,0.9852745669547139,0.9927001550580665,,,,,,1.0082294837029073,,,,,,,
20120425,0.8414602546587886,,,,1.1206654704436998,,0.9570185862857222,0.9681092176048348,,,,,,1.0199087991766889,,,,,,,
20120426,0.8071064468563485,,,,1.1134865117316377,,0.9372373878321131,0.9301181532895356,,,,,,1.0226046228400496,,,,,,,
20120427,0.810760055275901,,,,1.1047851953972163,,0.9301237693622614,0.8877914403022177,,,,,,1.0304394907094032,,,,,,,
20120502,0.8219608642760206,,,,1.09756748640084,,0.9330869125115772,0.8712568994449517,,,,,,1.028732147746822,,,,,,,
20120503,0.8507285435436948,,,,1.1113585632175618,,0.9573588768899963,0.8628816078617921,,,,,,1.0402131069173626,,,,,,,
20120504,0.8895861248080921,,,,1.0501839725248623,,0.9508947239257008,0.8349265963511029,,,,,,1.0371440172276687,,,,,,,
20120507,0.9490242885394097,,,,1.0053716854379144,,0.975359500953282,0.8472541648610792,,,,,,1.0560630269621767,,,,,,,
20120508,0.9975356869868314,,,,0.9718627871400028,,0.9876448723263859,0.858589787858227,,,,,,1.0718704234302854,,,,,,,
20120509,1.039771472398567,,,,0.9645329868917386,,1.0146096930206772,0.8619429349119199,,,,,,1.0592351070845176,,,,,,,
20120510,1.0771284641373375,,,,0.9583043143516857,,1.0387278318662265,0.8750668380607226,,,,,,1.054301711469305,,,,,,,
20120511,1.1111042214054585,,,,0.9835273847150992,,1.0623577917879612,0.9172870084334838,,,,,,1.0708889946034743,,,,,,,
20120514,1.1459456056260497,,,,0.9883910953504171,,1.0673450112055034,0.9445947231413964,,,,,,1.0804575608384228,,,,,,,
20120515,1.1792803608251954,,,,0.9840380781125027,,1.0703983525612863,0.9842006963059535,,,,,,1.085461371034414,,,,,,,
20120516,1.1964578709248928,,,,0.9715200419715954,,1.0510741739123635,1.0016524419010375,,,,,,1.0763783345749023,,,,,,,
20120517,1.2192828638377076,,,,0.9908881801616709,,1.0596576414916112,1.0345316894734244,,,,,,1.1009636723559701,,,,,,,
20120518,1.2221864772633255,,,,1.0284146363619973,,1.077957256719881,1.0727890755058727,,,,,,1.123122751933974,,,,,,,
20120521,1.1805231239188105,,,,1.0797905419356408,,1.0689375201194717,1.1105716135932358,,,,,,1.1219226164326996,,,,,,,
20120522,1.1462291235357696,,,,1.1185886676180075,,1.0672073742997241,1.142567031921569,,,,,,1.1210065119281625,,,,,,,
20120523,1.1229463028884825,,,,1.1423265885455567,,1.0728179329073506,1.1709324101537673,,,,,,1.1361609377060387,,,,,,,
20120524,1.1014597728574886,,,,1.1594492268139658,,1.0765702584724248,1.190403398027009,,,,,,1.149063276810284,,,,,,,
20120525,1.063322952921491,,,,1.1620148884994859,,1.065939327147721,1.1767057351260237,,,,,,1.1402387055068564,,,,,,,
20120528,1.0324389743896623,,,,1.1532038874615171,,1.0638685564413441,1.1674979577008469,,,,,,1.1335174734159148,,,,,,,
20120529,1.0049469681889314,,,,1.1451258676585538,,1.0572015121117224,1.154601624835412,,,,,,1.1345533598509936,,,,,,,
20120530,0.9786553492609635,,,,1.1131935269620772,,1.0355379717188162,1.1334514375473101,,,,,,1.1406242335043093,,,,,,,
20120531,0.9449906626343251,,,,1.0793006332115718,,1.0296325381212441,1.1074609593305913,,,,,,1.128714035056198,,,,,,,
20120601,0.9206356640169995,,,,1.0504859097453878,,1.0166674356781042,1.0468273102550623,,,,,,1.1251855782962803,,,,,,,
20120604,0.9439029171590744,,,,1.0396063224779817,,1.0453906991101793,1.0674539171158595,,,,,,1.1377717640663219,,,,,,,
20120605,0.974806957075052,,,,1.0359939481940497,,1.0690225052502336,1.0885046443025512,,,,,,1.1494532200080787,,,,,,,
20120606,0.9997807308487723,,,,1.035530241802324,,1.086879737758766,1.1021969774394162,,,,,,1.1595704986409479,,,,,,,
20120607,1.0281028550824407,,,,1.035364825408757,,1.1011603578352809,1.1136075248451254,,,,,,1.1655750597180672,,,,,,,
20120608,1.0554971697814577,,,,1.0414001725974253,,1.1105135217908542,1.1330053463162386,,,,,,1.1727570506685963,,,,,,,
20120611,1.088022651081936,,,,1.064246841379779,,1.1273030380951479,1.1526140090954025,,,,,,1.1952917330516075,,,,,,,
20120612,1.1168204841529692,,,,1.077049157814232,,1.132629067668855,1.1640514016240229,,,,,,1.193931383827007,,,,,,,
20120613,1.143378653664012,,,,1.0968129318498747,,1.1483905122294387,1.17989254516883,,,,,,1.1977035399608937,,,,,,,
20120614,1.1630170935263544,,,,1.1208824798334298,,1.1620533740399335,1.1986932489980946,,,,,,1.2110992926982311,,,,,,,
20120615,1.180350577101905,,,,1.1484800628925433,,1.1797383412346563,1.225286640594971,,,,,,1.2260514418776394,,,,,,,
20120618,1.092243424081079,,,,1.1127555402084106,,1.1346779389514818,1.1200339000048398,,,,,,1.1895086066167087,,,,,,,
20120619,1.025359483802992,,,,1.0861807226791726,,1.0972430887502826,1.041215174097472,,,,,,1.1566478313567696,,,,,,,
20120620,0.9613479573478465,,,,1.0672052793222944,,1.04424876157472,0.9777901921781418,,,,,,1.1326841251833732,,,,,,,
20120621,0.9352914528743762,,,,1.069504062278493,,1.017749569524353,0.9576102599829891,,,,,,1.126866897023806,,,,,,,
20120625,0.9136796573067621,,,,1.0572065978192249,,0.9918985459288805,0.9355926263356924,,,,,,1.0922269341444304,,,,,,,
20120626,0.8823193600556638,,,,1.0221135695584682,,0.9434996419032867,0.9009281709656362,,,,,,1.042462447257656,,,,,,,
20120627,0.8550076065637219,,,,0.9834099302312442,,0.8865965728237144,0.8825472981359676,,,,,,0.9811287427843355,,,,,,,
20120628,0.8234693010318099,,,,0.9526016911514724,,0.8452360262135549,0.8587046857889791,,,,,,0.9358672435453124,,,,,,,
20120629,0.799951630441734,,,,0.9303576562381769,,0.8110210521512039,0.8401086608168572,,,,,,0.9048010660523014,,,,,,,
20120702,0.7916558923869097,,,,0.8928008466118503,,0.7804189980664064,0.8244813618270301,,,,,,0.8639214644175314,,,,,,,
20120703,0.8437483143377668,,,,0.905974915358968,,0.7977129993330344,0.8863185478948966,,,,,,0.8663422722335402,,,,,,,
20120704,0.8808189275230257,,,,0.9130671117098695,,0.8121162273848432,0.9350105112894473,,,,,,0.8693027832155079,,,,,,,
20120705,0.9172228499106521,,,,0.916830688839918,,0.8395150586118215,0.9790151235970945,,,,,,0.8706549189410853,,,,,,,
20120706,0.8620570152634801,,,,0.8623470138567777,,0.8057310524104903,0.9672816013804173,,,,,,0.8269533441008292,,,,,,,
20120709,0.8217326813145819,,,,0.8136533715121476,,0.7938064910425928,0.9690099956180209,,,,,,0.8157880896331409,,,,,,,
20120710,0.8083394659255886,,,,0.7908064939463447,,0.8184203770915458,0.9828950192297341,,,,,,0.8295556906596953,,,,,,,
20120711,0.7983181083481337,,,,0.7828086251817885,,0.8610744143213599,0.9750586667901074,,,,,,0.8585107276009395,,,,,,,
20120712,0.7971919087471612,,,,0.7778559793880563,,0.8804771651656826,0.972367078176417,,,,,,0.8724988682335618,,,,,,,
20120713,0.7993050940242752,,,,0.7825808738079676,,0.8996269480704141,0.9720017538608093,,,,,,0.8990613870937628,,,,,,,
20120716,0.7620006484623119,,,,0.7990273369571304,,0.9136132270707465,0.9731042448003714,,,,,,0.9301537287098643,,,,,,,
20120717,0.7465264424919297,,,,0.795831298656574,,0.9092475151992311,0.962653584045468,,,,,,0.9481319185010111,,,,,,,
20120718,0.7392228358400927,,,,0.8090386474601107,,0.9057843408868254,0.9623517077855428,,,,,,0.9620793572486572,,,,,,,
20120719,0.7405450818029844,,,,0.8214023963750392,,0.9194274683337104,0.951964103153507,,,,,,0.9815234289856634,,,,,,,
20120720,0.8036962923200663,,,,0.8643124358607894,,0.9502717737829851,0.970553180218844,,,,,,1.0230783507346977,,,,,,,
20120723,0.8487604493940735,,,,0.9272516573049064,,0.9911626582256594,1.007093042704745,,,,,,1.0591246727478298,,,,,,,
20120724,0.8693600007546509,,,,0.9760829791610445,,1.020358053880359,1.0359633663128904,,,,,,1.0841163405405692,,,,,,,
20120725,0.8820748088294691,,,,1.0125794246320674,,1.0447889390477678,1.0657768154503242,,,,,,1.1069329022503738,,,,,,,
20120726,0.8909825292984869,,,,1.0474004783206252,,1.0772806530629957,1.091147048359682,,,,,,1.1327041457597846,,,,,,,
20120727,0.8949194994126952,,,,1.0684325412592248,,1.1073844735736078,1.1051998087740214,,,,,,1.1354997279188472,,,,,,,
20120730,0.9300980529947278,,,,1.079901035609927,,1.1262623426723761,1.1045635323163172,,,,,,1.1331028057239163,,,,,,,
20120731,0.9274860806911123,,,,1.1076222822906563,,1.1534950327967834,1.1132957632452463,,,,,,1.1428144462492222,,,,,,,
20120801,0.9258331848792996,,,,1.1291696263692146,,1.1756243829103836,1.107255505741812,,,,,,1.1513268362287288,,,,,,,
20120802,0.900496087950731,,,,1.1441925377440145,,1.176661310091587,1.1047165174090767,,,,,,1.143284920545609,,,,,,,
20120803,0.8617552902540943,,,,1.1563962169346251,,1.1798701139304801,1.10099002959125,,,,,,1.1279733553385174,,,,,,,
20120806,0.8159296835472913,,,,1.0919013668379518,,1.1205098704463836,0.9876126175914187,,,,,,1.1043533657763496,,,,,,,
20120807,0.7824809619984269,,,,1.0133800364527454,,1.0745163223442968,0.8971920924360136,,,,,,1.0869654916605027,,,,,,,
20120808,0.7894569612587221,,,,0.969118712634149,,0.9946815258177266,0.8235560780345845,,,,,,1.031082307048411,,,,,,,
20120809,0.7947643678823806,,,,0.9355937666257443,,0.9351536025890703,0.7691842071356924,,,,,,0.9856475647766949,,,,,,,
20120810,0.80384675762424,,,,0.8936824461093489,,0.8820924105406349,0.733238774511829,,,,,,0.9605778440228055,,,,,,,
20120813,0.8105564761834322,,,,0.8777138927501588,,0.8367110499369808,0.7052293497317889,,,,,,0.9449868440116728,,,,,,,
20120814,0.8838900735388437,,,,0.8654238038990101,,0.8021795935831403,0.6846788521521056,,,,,,0.9206030458765329,,,,,,,
20120815,0.9444899337546163,,,,0.855147476255601,,0.7730431368455523,0.6721719003611517,,,,,,0.9006177049890308,,,,,,,
20120816,1.0156486114837229,,,,0.848295297241305,,0.7534860833898257,0.6614368124299778,,,,,,0.8842854290153588,,,,,,,
20120817,1.0793261569726529,,,,0.8535749352895268,,0.7420098900586767,0.6550731055520161,,,,,,0.8781949065301293,,,,,,,
20120820,1.1339548122638998,,,,0.895729497557818,,0.7699783794761729,0.7200625555187222,,,,,,0.8491520975864598,,,,,,,
20120821,1.179317656412984,,,,0.9414017190653383,,0.7876639773568986,0.773325873713608,,,,,,0.8221551920240632,,,,,,,
20120822,1.2090098790960182,,,,0.960001805066019,,0.8389672003142834,0.8120391785984508,,,,,,0.8173221127882515,,,,,,,
20120823,1.2332112248805602,,,,0.9788501065876745,,0.8596376967800753,0.8846666503205058,,,,,,0.8244992348522595,,,,,,,
20120824,1.2497935636814737,,,,1.0107036668518645,,0.8919628625864875,0.9321980594562632,,,,,,0.8228662317537786,,,,,,,
20120827,1.2635990317480408,,,,1.0215133192809427,,0.9264369991247471,0.9737529047931094,,,,,,0.8335995399056482,,,,,,,
20120828,1.2388684661530793,,,,1.024151221678713,,0.9502979502721133,1.0171696110809416,,,,,,0.8695885072389671,,,,,,,
20120829,1.213080254656272,,,,1.0508040367303586,,0.9716354688518081,1.05282565307906,,,,,,0.8994424553867277,,,,,,,
20120830,1.134400213257998,,,,1.0726811502368547,,0.9928738026831995,1.0822923377341735,,,,,,0.9260760994686156,,,,,,,
20120831,1.0624195879150407,,,,1.0861617111510986,,1.0005964283181823,1.106382927924793,,,,,,0.947713392637683,,,,,,,
20120903,1.028467916313742,,,,1.0955112502727886,,1.0145568031167178,1.1325531427146613,,,,,,0.9808116103392638,,,,,,,
20120904,1.0009490227197284,,,,1.1071675047212823,,1.0293728510292608,1.1537441445247325,,,,,,1.011402461875766,,,,,,,
20120905,0.9952806854921525,,,,1.1255432115498005,,1.015649242962078,1.1793755436086673,,,,,,1.0452639136185562,,,,,,,
20120906,0.9906783021493948,,,,1.1345383787773886,,1.012125021707168,1.0970418937052016,,,,,,1.060349423623896,,,,,,,
20120907,0.9871361732652075,,,,1.1414438635881374,,0.9776722237633414,1.0351625030491285,,,,,,1.0832901727356679,,,,,,,
20120910,0.9764935032079861,,,,1.1463479814405657,,0.957878081811159,1.0117641154385038,,,,,,1.0978534146103265,,,,,,,
20120911,0.9764703680795237,,,,1.1519070866907866,,0.9097223882356841,0.9687542459068751,,,,,,1.0787102634123258,,,,,,,
20120912,0.995090930121017,,,,1.1138392941718487,,0.8706803212374216,0.9336427038973263,,,,,,1.0629791410911356,,,,,,,
20120913,1.0368528174604028,,,,1.091066826647533,,0.8527289021751264,0.9056739243353836,,,,,,1.0507718101239691,,,,,,,
20120914,1.0610709908142903,,,,1.082804123454526,,0.9057471945474079,0.934354706871185,,,,,,1.0612863643228314,,,,,,,
20120917,1.067867877327775,,,,1.0771526491395673,,0.9519126174962398,0.9637160507863758,,,,,,1.0741591617501371,,,,,,,
20120918,1.0789041867236566,,,,1.0636752840435384,,0.9961445682927519,0.9886263997800168,,,,,,1.0865832012272194,,,,,,,
20120919,1.0585936325481426,,,,1.0445210571523726,,1.0410699298418884,0.9924772185113432,,,,,,1.0801605831290393,,,,,,,
20120920,1.0587227391070142,,,,1.0480626929662173,,1.0894433443819485,1.0443850762229638,,,,,,1.0987545308247229,,,,,,,
20120921,1.0610145438868188,,,,1.0516158685186974,,1.1370489119674998,1.086882972056338,,,,,,1.1137209312957856,,,,,,,
20120924,1.0609664093696822,,,,1.0513169603897239,,1.1742375738542157,1.1173187611014144,,,,,,1.1190813546352019,,,,,,,
20120925,1.059502905575631,,,,1.0508763105376875,,1.2110981747734604,1.1499883975033747,,,,,,1.1323284416949424,,,,,,,
20120926,0.9755113691957816,,,,1.0676510085176587,,1.2406107757726572,1.177460763548382,,,,,,1.1426586425919347,,,,,,,
20120927,0.8980844080741038,,,,1.0758730427194885,,1.2626691710921354,1.1994870633184422,,,,,,1.1520105996042607,,,,,,,
20120928,0.8661612133666489,,,,1.0391277320400558,,1.179991178438022,1.095680894368596,,,,,,1.0818051524981684,,,,,,,
20121008,0.8574198158607024,,,,1.0163184886433152,,1.1042789595685154,1.014974132384603,,,,,,1.040117361793338,,,,,,,
20121009,0.852383101830488,,,,1.0226555412445393,,1.0509483537509356,0.980905227181157,,,,,,1.030381518664351,,,,,,,
20121010,0.869652610639035,,,,1.030825529491368,,1.0051263113109208,0.9561584237587155,,,,,,1.0287491243325608,,,,,,,
20121011,0.8587333412305155,,,,1.0170638213449827,,0.9510468223692401,0.9142382141329402,,,,,,0.9971042468077655,,,,,,,
20121012,0.8442469910207089,,,,1.0075209728247776,,0.8999983333718469,0.8789931984783702,,,,,,0.9728400552166825,,,,,,,
20121015,0.8410587478601277,,,,0.9930900347094376,,0.8675194088565651,0.8572606951698594,,,,,,0.9551738462820094,,,,,,,
20121016,0.852195906661374,,,,0.9820684624599008,,0.8427366121491126,0.8519239755014135,,,,,,0.9416996011006152,,,,,,,
20121017,0.9083406355255815,,,,0.9732135229577928,,0.823610831260612,0.8540508362571542,,,,,,0.9269009008881742,,,,,,,
20121018,0.9482945444361172,,,,0.9694545073216567,,0.8149492710451364,0.8552187681217992,,,,,,0.9151620968936269,,,,,,,
20121019,0.9604409318296878,,,,0.9824424942985084,,0.8615273652071467,0.9161985506943999,,,,,,0.9447930172760731,,,,,,,
20121022,0.9519391905655777,,,,0.9865367179325982,,0.8580204787236985,0.9533998604840147,,,,,,0.9300288089696606,,,,,,,
20121023,0.9456105751205197,,,,0.9322903317677981,,0.8428942723301937,0.9652467139451475,,,,,,0.8580718810222463,,,,,,,
20121024,0.9247241887692671,,,,0.8991598935633225,,0.853314430266015,0.9756672788479539,,,,,,0.8137472949506878,,,,,,,
20121025,0.9320471038492174,,,,0.8933977672275014,,0.8743898102552686,0.9981996191297884,,,,,,0.7864536336645055,,,,,,,
20121026,0.9451178169888216,,,,0.8882402264539335,,0.8987177880298415,1.0246109550915325,,,,,,0.7607952944300511,,,,,,,
20121029,0.9484598179901906,,,,0.8908601651927515,,0.9358791550689767,1.0452522556200117,,,,,,0.742364171576277,,,,,,,
20121030,0.9111460199820202,,,,0.8921415462104113,,0.9684583813978073,1.0506690972101291,,,,,,0.7193981353248947,,,,,,,
20121031,0.8828341187256483,,,,0.8977125327090197,,0.9954910818734027,1.0316991970564864,,,,,,0.701933387967525,,,,,,,
20121101,0.8646418933704652,,,,0.8965602154312686,,1.01305044330968,1.0162742223438441,,,,,,0.6921492754576769,,,,,,,
20121102,0.8637828871735563,,,,0.890032261173845,,1.0266002412136341,1.0028876908492093,,,,,,0.6634558755467925,,,,,,,
20121105,0.86312106691221,,,,0.9020607371095631,,1.065664198011439,0.9805051230348749,,,,,,0.6625858254856024,,,,,,,
20121106,0.8724885511594173,,,,0.924654653458568,,1.1014390064710646,0.9838291932523376,,,,,,0.7048932271348999,,,,,,,
20121107,0.9189513614489735,,,,0.9335716662164331,,1.1144608952797224,0.9835687085219899,,,,,,0.7364624215516687,,,,,,,
20121108,0.9520391876150658,,,,0.9259297285435569,,1.1251531601469806,0.9836908948597752,,,,,,0.780462565857412,,,,,,,
20121109,0.9621071030654481,,,,0.9383688160274198,,1.1313093372997844,0.9505058393737181,,,,,,0.81980417008543,,,,,,,
20121112,0.9796392064335165,,,,0.9486326876598615,,1.0604447566959996,0.8906761641849575,,,,,,0.8494468335240873,,,,,,,
20121113,1.0106285073970211,,,,0.9587905683747193,,0.9945299156892345,0.8386103822957071,,,,,,0.8796703455653213,,,,,,,
20121114,1.0381060946488454,,,,0.9646303411536096,,0.9387445318232304,0.8144117515598619,,,,,,0.9093803429458321,,,,,,,
20121115,1.0534942485340246,,,,0.9753669000484659,,0.8919500556010498,0.7972764490774743,,,,,,0.9298140639760551,,,,,,,
20121116,1.0704619625660527,,,,0.9939890546317437,,0.8354219873795741,0.8107548801369588,,,,,,0.9692896597351174,,,,,,,
20121119,1.1025198425391876,,,,0.969432047576867,,0.8025402056688005,0.8345203831775083,,,,,,0.9978105285695,,,,,,,
20121120,1.134018922886322,,,,0.9713814190516055,,0.7683840167422268,0.8214003465986233,,,,,,1.0286168878847608,,,,,,,
20121121,1.1329908720038475,,,,0.9756888461067601,,0.7419795180572653,0.810293940623111,,,,,,1.0242161620405865,,,,,,,
20121122,1.134948858108862,,,,0.9429037864602716,,0.7250719779411765,0.8040963310443842,,,,,,0.9861299766671026,,,,,,,
20121123,1.142520054217132,,,,0.8878891602079365,,0.7182259462061047,0.8273965563446334,,,,,,0.9507359785581387,,,,,,,
20121126,1.1504903850841521,,,,0.8553384079849286,,0.7528207491310108,0.870270654011979,,,,,,0.935935161900186,,,,,,,
20121127,1.1600894197856053,,,,0.8348477069592614,,0.7891298214682758,0.9143003232552155,,,,,,0.9149465843383642,,,,,,,
20121128,1.1683887540692888,,,,0.8103940117574318,,0.8210773438737745,0.9442912057114876,,,,,,0.9142333748525496,,,,,,,
20121129,1.1820625028190863,,,,0.7809991427807328,,0.8496733656979603,0.9749657960546775,,,,,,0.9120024274523086,,,,,,,
20121130,1.1976432777455168,,,,0.7737008574152102,,0.8538581911937742,0.9536147251091837,,,,,,0.9072442473881973,,,,,,,
20121203,1.1620234676573946,,,,0.7863087598327466,,0.9039640655166358,0.93187573403691,,,,,,0.9075675085170152,,0.0,,,,,
20121204,1.130777943305349,,,,0.7949443478238251,,0.9489851238750736,0.9465009402644636,,,,,,0.9058061823740009,,0.0,,,,,
20121205,1.1190864252334567,,,,0.8116733523177238,,0.9806329291732848,0.9577144966374243,,,,,,0.9271726918902254,,0.0,,,,,
20121206,1.111275723372222,,,,0.8526346822172785,,1.0077838603037126,0.9730912796053914,,,,,,0.9746917884646279,,0.0,,,,,
20121207,1.1039015474203886,,,,0.9074621836636071,,1.0336273673099856,0.9790357040939228,,,,,,1.0118228952152946,,0.0,,,,,
20121210,1.0919686560747441,,,,0.9542942531718421,,1.0687953395614098,0.9875188882741974,,,,,,1.040767736218956,,0.0,,,,,
20121211,1.0858713658285133,,,,0.9827370329265308,,1.098085132841941,1.000724106264733,,,,,,1.078148663725655,,0.0,,,,,
20121212,1.084870835914116,,,,1.002550345289865,,1.117050625181197,1.0025755594299866,,,,,,1.0724624777177232,,0.0,,,,,
20121213,1.0723722784599319,,,,1.0275858709168353,,1.1446888090000606,1.0132293850270353,,,,,,1.1030595284298892,,0.0,,,,,
20121214,1.0545705828884135,,,,1.0448821870589027,,1.1779299045153873,1.040518964301836,,,,,,1.130163964062307,,0.0,,,,,
20121217,1.0552205852113328,,,,1.0572032448428441,,1.13650875627005,1.0617247993854217,,,,,,1.1586165047264803,,0.2175650057329176,,,,,
20121218,1.0573388483801258,,,,1.071010276365065,,1.1017244880896744,1.0668121738675196,,,,,,1.182114589895903,,0.3910299696806761,,,,,
20121219,1.047885882675351,,,,1.0781096937203931,,1.0759615197750976,1.0648577529708938,,,,,,1.2040612167346576,,0.5248957052073282,,,,,
20121220,1.0354585342428204,,,,1.08324820755306,,1.0589110981628522,1.0664417854074932,,,,,,1.2094378844552478,,0.6361533473312463,,,,,
20121221,1.027125874574644,,,,1.0873512687538094,,1.0483180378002364,1.075528252670386,,,,,,1.1977188298338375,,0.7322873293961848,,,,,
20121224,1.033764896712296,,,,1.0654532546803714,,1.0022065388176804,1.0721837730819388,,,,,,1.1884321553932071,,0.8166307684404144,,,,,
20121225,1.0325406773562151,,,,1.0431648787539287,,0.9702056051565372,1.05523616218766,,,,,,1.178290289240362,,0.8107692042047377,,,,,
20121226,1.0278983433889164,,,,1.0190536501727085,,0.9431227974322124,1.0448018418773806,,,,,,1.1827786748127045,,0.8124386398059329,,,,,
20121227,1.0093709314733634,,,,1.0116354481932879,,0.9071327338708894,1.024454424243254,,,,,,1.1523517684463005,,0.806875275340705,,,,,
20121228,0.9939348388143688,,,,0.9957790835005319,,0.8683430180877472,1.002979767790948,,,,,,1.1277199549609325,,0.803481576193844,,,,,
20121231,0.9913117702902139,,,,0.9874142548549517,,0.8651547771321261,0.9815739517766802,,,,,,1.0500606701176534,,0.7843248105542134,,,,,
20130104,0.9896266836174579,,,,0.9826874662719298,,0.8539608213015062,0.9906830301187363,,,,,,0.9854138618842356,,0.8322316340520997,,,,,
20130107,1.0019253614941341,,,,0.9887718014105058,,0.844108663783022,0.9916141177485982,,,,,,0.9397094047629713,,0.8668243138688623,,,,,
20130108,1.017525253421566,,,,0.968607378019334,,0.8593933164415908,0.9806997425694093,,,,,,0.9031302770174023,,0.8935445748771822,,,,,
20130109,1.032955659531922,,,,0.958561620450979,,0.8617209018514651,0.9458801333417615,,,,,,0.8958124841609221,,0.8966293700868437,,,,,
20130110,1.0148819173991692,,,,0.9635235799537011,,0.8849547108128474,0.9224362756399593,,,,,,0.8923779551899409,,0.9106733688109123,,,,,
20130111,0.9889735207513488,,,,0.9966351024023955,,0.9151759273088282,0.9504969334204671,,,,,,0.905263577497759,,0.972075533313582,,,,,
20130114,0.9732883608093054,,,,1.0284261913825536,,0.9457848458169925,0.9753098066907843,,,,,,0.9127654467545846,,1.026705193360963,,,,,
20130115,0.9637975822463918,,,,1.0174856598916744,,0.9751875521636943,1.007159688799472,,,,,,0.941494612066007,,1.0766746537375327,,,,,
20130116,0.9663106856975957,,,,1.0070404763005651,,1.0038571872909088,1.0395754430557493,,,,,,0.9668263189840168,,1.1154948675748013,,,,,
20130117,0.9638961777549945,,,,0.9808764494863056,,1.018069507800966,1.0691678357983567,,,,,,0.999726638900897,,1.1512389506981608,,,,,
20130118,0.9680438919378211,,,,0.9804469987225253,,1.0459534218813145,1.0657459428631364,,,,,,1.0418192661946075,,1.135136009217761,,,,,
20130121,0.9605471915109235,,,,0.9731147078220397,,1.064529696723523,1.0685812427880759,,,,,,1.05615287310406,,1.1223217138920565,,,,,
20130122,0.9517137767894466,,,,0.9890963795740075,,1.0515995554948423,1.0748313101643021,,,,,,1.0678974959826781,,1.1125281350566738,,,,,
20130123,0.9399283466110377,,,,0.9990680778421208,,1.0446470433928154,1.085635463154447,,,,,,1.0716888955901436,,1.1038434412487428,,,,,
20130124,0.9473241876496449,,,,1.009122531960724,,1.0424766965821566,1.0932053131858206,,,,,,1.0770363007580448,,1.0929962564583688,,,,,
20130125,0.9756763864979107,,,,0.9939106282703871,,0.9956178843667189,1.063295207571862,,,,,,1.0650683578855846,,1.0714558467049775,,,,,
20130128,0.9992822947505836,,,,0.979042990330379,,0.9685806007277883,1.035393817531908,,,,,,1.0554663508437363,,0.9604041939135294,,,,,
20130129,1.029131484674753,,,,0.9800645362499281,,0.949590146971935,0.9895981836791861,,,,,,1.0009460414911653,,0.8689029272691813,,,,,
20130130,1.0580781277730285,,,,0.9849701998472375,,0.9315045582830674,0.9485641971339271,,,,,,0.956078456143921,,0.7933733031194583,,,,,
20130131,1.0804548206263158,,,,0.9961052740931646,,0.9217790296964279,0.9190713994334964,,,,,,0.9341152734577353,,0.7315562179169341,,,,,
20130201,1.0919702443320018,,,,0.9912743174446454,,0.8992082045138181,0.8705663577320679,,,,,,0.8769588180993089,,0.7011573536108154,,,,,
20130204,1.1113835835956083,,,,0.9844247596922258,,0.8821354843219772,0.8340968944199726,,,,,,0.8445393609663823,,0.7144784851163767,,,,,
20130205,1.127030905975994,,,,0.968358589435831,,0.893862935007541,0.8226518753964124,,,,,,0.812549396966927,,0.718309363927449,,,,,
20130206,1.1424477396701653,,,,0.9613854121494491,,0.9110665839213807,0.8387350945094407,,,,,,0.7925546206634638,,0.7198964693148305,,,,,
20130207,1.155843638474969,,,,0.9172713823195876,,0.8983718047366162,0.8565387569038931,,,,,,0.7785528818558568,,0.7129068995478756,,,,,
20130208,1.1397244550704382,,,,0.9051518291861437,,0.9216109294694584,0.8817046182338367,,,,,,0.780364101139877,,0.7143072056480201,,,,,
20130218,1.1357196865815056,,,,0.9216265870229252,,0.9813395804141881,0.9000076763764981,,,,,,0.7926277101641218,,0.7973981208188744,,,,,
20130219,1.1226925350422998,,,,0.9245657388786782,,1.0276718261658417,0.9243094347062507,,,,,,0.8352178895312099,,0.8645535601556059,,,,,
20130220,1.0879129802213798,,,,0.9176648646311727,,1.0668942780342545,0.9231002517835076,,,,,,0.872140171881666,,0.9199862050387453,,,,,
20130221,1.0623087833625644,,,,0.9298641895513314,,1.10443419014704,0.9378859712311982,,,,,,0.9119700992672031,,0.9901124744203533,,,,,
20130222,1.0427968112160277,,,,0.9373126551743306,,1.1372395642691455,0.9824092145292174,,,,,,0.9656404978901254,,1.0451969795174278,,,,,
20130225,0.9776354156874696,,,,0.904052206236569,,1.1303783052598548,0.987856834536369,,,,,,0.9566027030236522,,1.043259378321044,,,,,
20130226,0.8938291204463356,,,,0.8719807474085011,,1.1223554546462486,0.9903761271775519,,,,,,0.975970635848329,,1.0390569770733393,,,,,
20130227,0.8322904931779597,,,,0.8912523182862314,,1.1138928610474033,0.9813027584459852,,,,,,0.9912102628411688,,1.0535206311398377,,,,,
20130228,0.7821943642457068,,,,0.9291709500086449,,1.1103932438728807,0.9869411935335137,,,,,,0.9963207917219065,,1.0806648645838266,,,,,
20130301,0.7435389684862568,,,,0.9609218716452547,,1.1041340786877616,0.9988242873086299,,,,,,1.0025948335343864,,1.095959343655102,,,,,
20130304,0.7007924554906948,,,,0.9891161041929913,,1.0815262306503939,1.0087070350331173,,,,,,1.0144174032814073,,1.114542765925312,,,,,
20130305,0.6659511060620817,,,,1.0364341455452537,,1.0731273409931839,1.0255372628400938,,,,,,1.0364276216580293,,1.1294258091722655,,,,,
20130306,0.651574388357518,,,,1.079909510385642,,1.0608159636694345,1.04564555974436,,,,,,1.0661016080116854,,1.1419434931298478,,,,,
20130307,0.6355420711186756,,,,1.0935661973460562,,1.0313548324575104,1.0169083664988787,,,,,,1.0848009909238743,,1.1155728441964465,,,,,
20130308,0.6281915670138217,,,,1.1116552025660913,,1.008491559046818,0.990568928713753,,,,,,1.1015565434668697,,1.0965584758496218,,,,,
20130311,0.6416024557188558,,,,1.1300830288762351,,1.0074514166677362,0.9716293999656731,,,,,,1.1358587744185769,,1.099586453251151,,,,,
20130312,0.6892445978110058,,,,1.1514797030045114,,1.0054672112275882,0.9826958101304297,,,,,,1.1378797762215205,,1.0963591405119573,,,,,
20130313,0.711355958715601,,,,1.1542059478644542,,1.0055773300435684,0.9995473856173543,,,,,,1.1418968685239526,,1.0834283679936894,,,,,
20130314,0.7405206777337369,,,,1.1453926937085839,,0.9771090424743339,0.9863563722323921,,,,,,1.1419982418844137,,1.0383050277585366,,,,,
20130315,0.7674503304961667,,,,1.1168029563812543,,0.9811327450101737,0.9865716188870738,,,,,,1.1298139885087053,,1.0216233701485748,,,,,
20130318,0.7747651251910298,,,,1.1165746708105397,,0.9940709932098624,0.9857530981882523,,,,,,1.1050981322575055,,0.9688540525007381,,,,,
20130319,0.8034365643733348,,,,1.1025165085817674,,1.0164138660401356,0.9805380707889835,,,,,,1.0804184806109187,,0.9316520886581838,,,,,
20130320,0.8327238062482858,,,,1.0986830345284215,,1.0348016617765259,0.9802375594969177,,,,,,1.0548024495154444,,0.9207479202195058,,,,,
20130321,0.8645362536929403,,,,1.1057808816653776,,1.042726924323243,0.9993884399873942,,,,,,1.0321884653573912,,0.9329335580911293,,,,,
20130322,0.9163805460279318,,,,1.1046857610366665,,1.0505446174911999,1.021873643997791,,,,,,1.0291945593049483,,0.9398370670103822,,,,,
20130325,0.9704727411662358,,,,1.1079444424423464,,1.059908957152656,1.0453534137320197,,,,,,1.0264924525252892,,0.9458449575436333,,,,,
20130326,1.0140309271553172,,,,1.0869857126408524,,1.0506239354308065,1.0101451276222955,,,,,,1.0321553000209511,,0.962466918110906,,,,,
20130327,1.0559539772634308,,,,1.0662558017981327,,1.0431714153800988,0.9788827084881934,,,,,,1.03570406785177,,0.9456850787357669,,,,,
20130328,1.0787228442431342,,,,1.0650659464649856,,1.0549610913390304,0.9806016777738026,,,,,,1.0451659604588697,,0.9433943371374747,,,,,
20130329,1.0981696748460053,,,,1.0659719817609994,,1.033964554052292,0.9769188459005,,,,,,1.0021086110478923,,0.9332911570886181,,,,,
20130401,1.128696013493208,,,,1.0385334894245768,,1.0229803883535933,0.9889840980365656,,,,,,0.9641737521865131,,0.9683759994114102,,,,,
20130402,1.125452349411892,,,,1.0178581521279546,,0.9530505134356325,0.9842470315855999,,,,,,0.9795785841075231,,0.996231316806076,,,,,
20130403,1.1228840195776864,,,,0.9820571619586176,,0.8954487387682843,0.9876775353684774,,,,,,0.9996728988533257,,0.9903447447982531,,,,,
20130408,1.1270421253385683,,,,0.9667535421856639,,0.8572333470768806,1.0155502834104575,,,,,,1.0182993023802565,,0.9858734891616168,,,,,
20130409,1.0642134021297223,,,,0.9579099892182876,,0.8260081260097658,1.0246031675847698,,,,,,1.0095678744369196,,0.9864000793420896,,,,,
20130410,0.9892917566088767,,,,0.9500242134198641,,0.8010303165813911,1.0321625051382257,,,,,,1.009508961250643,,0.9878935802150067,,,,,
20130411,0.92758955325969,,,,0.9598371719173974,,0.7906681091078717,1.0666788456308964,,,,,,1.0088029268781746,,0.9766679263355424,,,,,
20130412,0.8881305295439694,,,,0.9717987298675931,,0.7852562230396993,1.0961454658755319,,,,,,0.992970867513118,,0.9884701330444082,,,,,
20130415,0.9644725479785714,,,,0.993734436430607,,0.8086447468291531,1.1344885752773612,,,,,,1.0197675392579038,,1.0033081268340018,,,,,
20130416,1.0277754315419358,,,,1.0150852771453123,,0.8346156675309098,1.1625645194861447,,,,,,1.0625955782615741,,1.0239899403774315,,,,,
20130417,1.0819071220652094,,,,1.0384180132250058,,0.8398041026659884,1.1778350058398532,,,,,,1.0964919223137746,,1.0519419878573357,,,,,
20130418,1.1296291289851825,,,,1.0529706496849933,,0.8795012393716827,1.1962776146525325,,,,,,1.0984524128138218,,1.0660854285408017,,,,,
20130419,1.163649167562316,,,,1.094900027176633,,0.9422800806762416,1.209040270496483,,,,,,1.1115257572284818,,1.0955365176042686,,,,,
20130422,1.1930591466846645,,,,1.1119191826194084,,0.9941093963373624,1.1899846752262024,,,,,,1.1210656977448668,,1.1153070624775787,,,,,
20130423,1.2353367276085538,,,,1.1237180408975702,,1.0357536639453357,1.1737244102433642,,,,,,1.1354489527558922,,1.125577091763785,,,,,
20130424,1.2741927425147974,,,,1.1436927895107674,,1.0743972802527781,1.1672054740091067,,,,,,1.1375281858415085,,1.1356373831329578,,,,,
20130425,1.3059975083446371,,,,1.163762874157666,,1.1140416600159195,1.1667880723246231,,,,,,1.145742784726514,,1.1503042984101952,,,,,
20130426,1.330685125923303,,,,1.180461458468218,,1.1437077179094044,1.1661427532381132,,,,,,1.1541619256208735,,1.159871941197354,,,,,
20130502,1.3415772994514747,,,,1.1714308264661721,,1.1308835329529463,1.0971654447694459,,,,,,1.1170805249989735,,1.1612369602513806,,,,,
20130503,1.338411921239133,,,,1.165096316990549,,1.1284925019410759,1.0362176248565538,,,,,,1.0862293940628338,,1.166306533307137,,,,,
20130506,1.3346683467499323,,,,1.1432783017811463,,1.1326369981187874,1.0027304213837263,,,,,,1.0668648768438795,,1.0997010932692148,,,,,
20130507,1.3316449273130817,,,,1.1090725926661054,,1.1286197815333663,0.9740815219746156,,,,,,1.0463043363267104,,1.0601681637471696,,,,,
20130508,1.2946273705289553,,,,1.0725858632380973,,1.1080119212177593,0.94640789560485,,,,,,1.000254881671054,,1.017618290012862,,,,,
20130509,1.2652662351638544,,,,1.007120185582515,,1.078732189668134,0.9285485317106453,,,,,,0.960198485970166,,0.9786710173198411,,,,,
20130510,1.2232622527831432,,,,0.9460258850152099,,1.0380219422176031,0.910469735798333,,,,,,0.9183309368001003,,0.9308814847079108,,,,,
20130513,1.155248015184181,,,,0.9066644705803979,,1.0088366307639218,0.8927926036985143,,,,,,0.8838003885929757,,0.8919890745571143,,,,,
20130514,1.100241377894104,,,,0.8829395888280767,,0.9780908681356781,0.8832606171365218,,,,,,0.8481725690249261,,0.8674592278285368,,,,,
20130515,1.0067687491169979,,,,0.8733838321385823,,0.9621143910749319,0.9081765577108596,,,,,,0.8240068560497458,,0.8586274673213163,,,,,
20130516,0.8898289097243532,,,,0.8800754407044354,,0.9583419040631846,0.9629209891320852,,,,,,0.8235834490884905,,0.84359965111673,,,,,
20130517,0.7958542319589224,,,,0.8815420139331415,,0.9453387342707292,1.0101352957926386,,,,,,0.8239795749621587,,0.8245532892422028,,,,,
20130520,0.7076429574139349,,,,0.8946720485792506,,0.9243518341634617,1.0312527671617884,,,,,,0.8161590381255504,,0.8627066790554808,,,,,
20130521,0.6409211131483004,,,,0.9133705574200338,,0.9208247408674645,1.047243118003229,,,,,,0.8202980563667998,,0.875950841191201,,,,,
20130522,0.594095089124916,,,,0.9084943951424178,,0.9158979216520123,1.0640840098694013,,,,,,0.8253751970410939,,0.8924965896805519,,,,,
20130523,0.5555623652594787,,,,0.9477489957662603,,0.9466313687286217,1.0832249800810811,,,,,,0.839872370724734,,0.9272468503525257,,,,,
20130524,0.5102513449186976,,,,0.9588523699588862,,0.9825749200645639,1.0860488500931824,,,,,,0.8612580277970705,,0.9533147411005369,,,,,
20130527,0.4731159818606461,,,,0.971341565866266,,1.0130356311918887,1.091978999316583,,,,,,0.8835824734804868,,0.9663269182786585,,,,,
20130528,0.43017779366832964,,,,0.9832717538762744,,1.0422632310174191,1.0986210044403162,,,,,,0.9084249257229484,,0.9784310678887367,,,,,
20130529,0.40708296409598926,,,,0.9886516213573523,,1.0558744148917967,1.0527462674052732,,,,,,0.9155111472313799,,0.9740216296364674,,,,,
20130530,0.4211955452749227,,,,0.9920703906634439,,1.0735712913287758,1.018470556512259,,,,,,0.9252767150830591,,0.9520659329322405,,,,,
20130531,0.434606378626581,,,,0.9671289096546144,,1.0848500946497457,0.979367044001453,,,,,,0.9259078707276824,,0.9228514921426882,,,,,
20130603,0.45850425063853806,,,,0.9582475669165695,,1.100312585996993,0.9542052098995875,,,,,,0.9312548963794608,,0.9097418237122814,,,,,
20130604,0.41850558945057453,,,,0.9572321877256478,,1.094111425533503,0.9344596129923581,,,,,,0.9110848905019298,,0.9449394473039798,,,,,
20130605,0.3860414267924909,,,,0.9740780781613427,,1.1021630470880397,0.9192519154398195,,,,,,0.912163590332672,,0.9788698168979343,,,,,
20130606,0.530835191698794,,,,0.9298648980665266,,1.0313381564248816,0.8563645891596191,,,,,,0.8817100921378865,,0.9883448624428484,,,,,
20130607,0.6648327917709891,,,,0.9077580687894323,,0.9881782015085784,0.8059430771145323,,,,,,0.8448867298238109,,1.002413893737737,,,,,
20130613,0.7882246375614194,,,,0.9053242841475445,,0.9722158166622041,0.7526185657671388,,,,,,0.8306674742436498,,1.0183454746447476,,,,,
20130614,0.892614255957628,,,,0.9081081297511855,,0.9640308387427894,0.7310591090598192,,,,,,0.822281988011453,,1.0307972017182936,,,,,
20130617,0.9738391795523748,,,,0.9094824430467014,,0.9638357855979925,0.7457228363075873,,,,,,0.8226241580621879,,1.0460570148868715,,,,,
20130618,1.049674416817325,,,,0.9114118760367758,,0.9694508903248076,0.7730435308519358,,,,,,0.821586171704737,,1.0599991305171172,,,,,
20130619,1.112166109712523,,,,0.9327104533230758,,0.9788600089011031,0.8117201159824265,,,,,,0.8270243629303362,,1.0630658397942774,,,,,
20130620,1.163711548073865,,,,0.9537238923045,,0.996225024576664,0.8576738343912718,,,,,,0.8212925551274866,,1.0781871096120756,,,,,
20130621,1.2094607334563268,,,,0.962016659534814,,1.0199136331371024,0.9229924441458,,,,,,0.8436835439894095,,1.0244328022860507,,,,,
20130624,1.251570671553063,,,,0.9758882790693988,,1.0342895082794472,0.9726824477201256,,,,,,0.8654306822223521,,0.971026808140143,,,,,
20130625,1.2291268759546703,,,,1.0198285165465037,,1.0780878100645108,1.0397693583075929,,,,,,0.902533825044487,,0.9550712908489933,,,,,
20130626,1.2365486318676484,,,,1.0555494293015057,,1.0779550516385232,1.0939602523916432,,,,,,0.9333372130033375,,0.9477397774926591,,,,,
20130627,1.2405547226590168,,,,1.0691063631420472,,1.0675940912831228,1.1432990011829858,,,,,,0.9570856487091344,,0.9455859396227587,,,,,
20130628,1.2435924524993947,,,,1.0737891032447633,,1.0417499204065335,1.1615340427397303,,,,,,0.962715263701313,,0.9466918353685753,,,,,
20130701,1.2327161139917342,,,,1.0843835383100247,,1.0117868853208347,1.18386147095636,,,,,,0.9819155546364582,,0.9499780560770754,,,,,
20130702,1.226391590657847,,,,1.0923876814168108,,0.9990409648277527,1.202343053401816,,,,,,0.9981935142715883,,0.957797056906305,,,,,
20130703,1.2209207098146986,,,,1.096039899885506,,0.991473458610455,1.210540833077977,,,,,,1.0122431656408049,,0.9695748492865357,,,,,
20130704,1.2164054327356288,,,,1.0867813236930293,,0.9687874089991972,1.2122865661827982,,,,,,1.0300705856482095,,0.9545305007093559,,,,,
20130705,1.2057030971813931,,,,1.0815864920722864,,0.9517880485511435,1.153551428247897,,,,,,1.0432669358631506,,0.9807368295578491,,,,,
20130708,1.1914893199810421,,,,1.0700178900211637,,0.9081412257945486,1.0859655562887507,,,,,,0.9937512415131828,,0.9883001547363243,,,,,
20130709,1.180048803197627,,,,1.0416196929116217,,0.8632888657142646,1.005995568197398,,,,,,0.9519687077514135,,0.980250749935926,,,,,
20130710,1.1056206782726703,,,,1.0060512358211187,,0.8220893115298377,0.9501720987704464,,,,,,0.9148502637288879,,0.941184762933866,,,,,
20130711,1.0451119737696373,,,,1.0107153950319903,,0.8103693083230397,0.9070281864003894,,,,,,0.9325373345869601,,0.9090317593120155,,,,,
20130712,0.9959276804719305,,,,1.0267321676286956,,0.8094552465028348,0.8738421447435232,,,,,,0.949738359366575,,0.8890156340398105,,,,,
20130715,0.9895181423300397,,,,1.0284832615082409,,0.8121015911550781,0.8382504170239754,,,,,,0.9519726308204871,,0.8854888849072451,,,,,
20130716,0.9096715926811332,,,,1.0337567581039424,,0.8100556565399751,0.8115350973782685,,,,,,0.9566565635113012,,0.8743145368250866,,,,,
20130717,0.8424732904401168,,,,1.0477680133401994,,0.8080276901508743,0.7969980262584964,,,,,,0.9612743236076745,,0.8698460185495382,,,,,
20130718,0.8520708557119927,,,,1.0659023996939083,,0.8273629404143878,0.7876134613845917,,,,,,0.9586465853490546,,0.8814329864079318,,,,,
20130719,0.8626902629195952,,,,1.077021996644438,,0.8344228745380948,0.82042567132142,,,,,,0.9557803051178014,,0.8826979478418016,,,,,
20130722,0.8975715704040206,,,,1.0648138227439756,,0.8593409926485763,0.8408120460220856,,,,,,0.9983218098385187,,0.8996443208398048,,,,,
20130723,0.9375682159148516,,,,1.0668743312085918,,0.8855141600706349,0.8593090785727769,,,,,,1.0404154932552698,,0.9211214202288021,,,,,
20130724,0.9908519034603991,,,,1.0777224432048316,,0.9220678605807853,0.8600649750275449,,,,,,1.079645927792646,,0.9420720041663346,,,,,
20130725,1.0344476478158469,,,,1.0524178147661731,,0.9246495560022024,0.8593277901989571,,,,,,1.0593351975432843,,0.9312336096725834,,,,,
20130726,1.070116893197577,,,,1.0128705388570083,,0.9210080161379246,0.906760132344363,,,,,,1.0456852614386816,,0.9237655513792088,,,,,
20130729,1.0835959768615495,,,,1.0034944652006224,,0.9241290490802229,0.952883765328073,,,,,,1.0500581906855315,,0.8983101138932456,,,,,
20130730,1.1288331706275017,,,,0.9907431831489607,,0.9322943087851866,0.9900387905767711,,,,,,1.0535376149068305,,0.8869989631452286,,,,,
20130731,1.1664816701505354,,,,0.9527013851074251,,0.9433791372591949,1.0091785130432478,,,,,,1.0692833133974406,,0.8627431467480778,,,,,
20130801,1.117583437849769,,,,0.9249093522782655,,0.9341286615367836,1.0437771121292196,,,,,,1.0897621736013188,,0.845025685918223,,,,,
20130802,1.0775757932400514,,,,0.9028908632615045,,0.9308178704829737,1.073069875961186,,,,,,1.1077917431749214,,0.8384603058133832,,,,,
20130805,0.9445220132908216,,,,0.9012072787079707,,0.9343809477956477,1.1025117506407105,,,,,,1.0865883744942677,,0.7960670810535442,,,,,
20130806,0.7727907381470358,,,,0.8960227868404116,,0.9393947495408262,1.1278713690479663,,,,,,1.0636883326160524,,0.7638552382163553,,,,,
20130807,0.632283331211211,,,,0.8871134409750718,,0.9383907823916122,1.157249975928241,,,,,,1.0489418065646419,,0.7716254413778871,,,,,
20130808,0.5173227255364453,,,,0.9288018266075423,,0.9518671214129019,1.1873743745318124,,,,,,1.061204757679296,,0.7985366404889688,,,,,
20130809,0.42326404816618246,,,,0.9628793740052711,,0.9668800836631231,1.1669883351229609,,,,,,1.0662997851600884,,0.7839824828151124,,,,,
20130812,0.3463069484996038,,,,0.9453328666858569,,0.96552854199831,1.1021287516973626,,,,,,1.0372874805902739,,0.8065577267394984,,,,,
20130813,0.28334204877240304,,,,0.921587807589494,,0.9863611705085511,1.0456313022053618,,,,,,1.0273297615216836,,0.828944771535622,,,,,
20130814,0.2318253126319661,,,,0.9236528294891979,,1.0207581548299096,1.0467345904897023,,,,,,1.0114143957426132,,0.8558376506554622,,,,,
20130815,0.18967525578979041,,,,0.9333713208044302,,1.0507205468189817,1.0174446670497042,,,,,,0.9886642874394274,,0.886052630346756,,,,,
20130816,0.15518884564619215,,,,0.9332733940844381,,1.0770512856891916,0.9919756578847941,,,,,,0.9703794725831995,,0.9221744939520845,,,,,
20130819,0.126972691892339,,,,0.9364487125178064,,1.0908955965470497,0.9651934418114181,,,,,,0.9684267796208496,,0.9777561275424267,,,,,
20130820,0.126972691892339,,,,0.9601770367453857,,1.0995315953918317,0.9441573210102424,,,,,,0.9882848663321135,,1.038451169708465,,,,,
20130821,0.126972691892339,,,,0.9758245064559508,,1.116577268150171,0.9270458458522921,,,,,,0.9999580779686771,,1.0830660553600586,,,,,
20130822,0.4477886451944442,,,,0.9380073535406407,,1.1324444435042602,0.8982993216636992,,,,,,1.009836402776395,,1.117548038357874,,,,,
20130823,0.6734375470038978,,,,0.9208426481870846,,1.1443505976233415,0.892830587362242,,,,,,1.019398511049515,,1.156930577465271,,,,,
20130826,0.8379021676530775,,,,0.9273768312788773,,1.168031657494128,0.9197424654977071,,,,,,1.0563124700666136,,1.1602119392983845,,,,,
20130827,0.9609082439465678,,,,0.9360869618857369,,1.1745682934518131,0.9228756891258901,,,,,,1.0561464623726569,,1.1622069346288102,,,,,
20130828,1.0464458465461708,,,,0.9552387876155389,,1.1075072923766842,0.8718295476846476,,,,,,1.060205073320852,,1.1718536204691004,,,,,
20130829,1.1095074264569837,,,,0.966757594866721,,1.0633270136195296,0.836774684354206,,,,,,1.0692486775599,,1.179235024239967,,,,,
20130830,1.1562443225502759,,,,0.968478515179119,,1.0454301137255901,0.8117661172009245,,,,,,1.077071729828813,,1.1840806481073716,,,,,
20130902,1.1946748349472758,,,,1.0072008001617896,,1.0222973292456694,0.8021827797971323,,,,,,1.0891349109871595,,1.1514152365591954,,,,,
20130903,1.225226160447512,,,,1.023003356362754,,1.003735953876647,0.7808923196652616,,,,,,1.0475304349285854,,1.10942083425322,,,,,
20130904,1.239401405958831,,,,1.0431172375923154,,0.9936531921020695,0.7643366185955176,,,,,,1.0164659986951572,,1.0787175906515596,,,,,
20130905,1.1964164256018093,,,,1.0793926147058428,,0.9911199302146628,0.7605279478423629,,,,,,0.990806732849737,,1.056645131511999,,,,,
20130906,1.1617794088908489,,,,1.1023522554358967,,0.9870166025540157,0.7594664358334441,,,,,,0.9673865031455634,,1.0414375520280452,,,,,
20130909,1.1347001912798356,,,,1.1173483251167449,,0.9637247289338724,0.7291632436674594,,,,,,0.9166170687235891,,1.0277607838343596,,,,,
20130910,1.1235296476168486,,,,1.1308654943531773,,0.9414678311271197,0.7197102824784837,,,,,,0.9061439616368772,,1.0150396577442033,,,,,
20130911,1.1029180967564793,,,,1.1244458798427421,,0.9497961924189537,0.7641486786307318,,,,,,0.9148178562156943,,0.9664242214557605,,,,,
20130912,1.1101686096049639,,,,1.1277726536641832,,0.95332228656096,0.8197153189312032,,,,,,0.9215739977947008,,0.8931768684070145,,,,,
20130913,1.1147452191262652,,,,1.1335571116982777,,0.9264127142021136,0.8548321311661665,,,,,,0.9246697104440706,,0.8281400907633735,,,,,
20130916,1.1468295513441085,,,,1.0328981880272032,,0.9307538808919426,0.8814141552140674,,,,,,0.926905358869846,,0.7835486122055393,,,,,
20130917,1.1816039090720878,,,,0.9695458816480969,,0.9310680298459848,0.912236932539271,,,,,,0.9495114096665999,,0.7740482010329894,,,,,
20130918,1.1984982820724748,,,,0.9253541405310038,,0.9323212063144247,0.9445706920737962,,,,,,0.9689147795585604,,0.7648094760244564,,,,,
20130923,1.2307666033057922,,,,0.8912407317958015,,0.9036673644561836,0.9442381943736117,,,,,,0.9910752213948666,,0.7638406365583956,,,,,
20130924,1.25735162392843,,,,0.8721416252410807,,0.8798500702284048,0.9472205255798263,,,,,,1.0101546765963139,,0.7569289030733999,,,,,
20130925,1.2836432689369535,,,,0.8607589262434598,,0.8496892871217802,0.9751333303769755,,,,,,0.9943210503575347,,0.7490300493169489,,,,,
20130926,1.3012231468211308,,,,0.8418130070701259,,0.8560797901634305,0.9951419954316552,,,,,,0.9729834437641836,,0.7431747153852719,,,,,
20130927,1.316578219603901,,,,0.8391499912452163,,0.877350187311047,0.9484962961652408,,,,,,0.930580596839493,,0.7636495098947294,,,,,
20130930,1.3211538140772632,,,,0.8142062879850939,,0.8976711085585877,0.9124184343237381,,,,,,0.895063107348755,,0.7991375729472298,,,,,
20131008,1.3234135349666847,,,,0.8147184111241561,,0.9476235034675494,0.9001362358745226,,,,,,0.8668707388070274,,0.8476536037645319,,,,,
20131009,1.3131243642455317,,,0.0,0.8696743099773857,,0.9373498378856586,0.8968646434323683,,,,,,0.8301586100372825,,0.9134465356999432,,,,,
20131010,1.2890466867170696,,,0.0,0.9101333897501388,,0.9171312004379613,0.9045011301714525,,,,,,0.7958268969371978,,0.9462693316853894,,,,,
20131011,1.2722405896242779,,,0.0,0.9343555223908119,,0.8999140610834104,0.8847290373047008,,,,,,0.768722871212697,,0.9721692007586872,,,,,
20131014,1.2405640196205607,,,0.0,0.9676055830095202,,0.8958912759907286,0.8969651137474665,,,,,,0.7367723007237877,,0.9816027163865152,,,,,
20131015,1.190200717751251,,,0.0,0.9849656919578602,,0.9269918460604574,0.9171792373336286,,,,,,0.7106334071052597,,0.9983123818335585,,,,,
20131016,1.123993082978038,,,0.0,1.0059194633076691,,0.9556468520671466,0.936046884382049,,,,,,0.7212901939092123,,1.0232708818840508,,,,,
20131017,1.0694402581930225,,,0.0,1.0360178760056975,,0.9876298181846984,0.9482514219933592,,,,,,0.8073739028782704,,1.0461496843740739,,,,,
20131018,1.0253562839210912,,,0.0,1.050669059508165,,1.0103927188965978,0.9793788559860801,,,,,,0.8878778365929446,,1.0244769517558048,,,,,
20131021,0.9481020458615925,,,0.0,1.073040488441485,,1.0313670594082176,1.0132990043781887,,,,,,0.9556045736707167,,1.0143222794487894,,,,,
20131022,0.7756858700121187,,,0.0,1.0657209085673476,,1.0302564147737188,1.0647329498531248,,,,,,1.0092255558173289,,1.0080504933475638,,,,,
20131023,0.710419978796074,,,0.2175650057329176,1.0650038216076236,,1.0504375034222708,1.105510563508743,,,,,,1.0549363786105694,,0.9957768050915843,,,,,
20131024,0.6736901372281952,,,0.37750432698158015,1.0649549447757745,,1.0692390591452205,1.129984580729868,,,,,,1.0975285831172017,,0.9986400671249374,,,,,
20131025,0.6624890674710517,,,0.49901347593560175,1.0758216605480826,,1.0708336723117757,1.1565068961226244,,,,,,1.1272699317181518,,1.016548431561322,,,,,
20131028,0.6709160093486921,,,0.6195637240857726,1.0421667202798313,,1.0509422089431801,1.1590626869999834,,,,,,1.1530777189657095,,1.0437167526100593,,,,,
20131029,0.6913966601196833,,,0.7224953489332723,1.0206951890978697,,1.0369163634362866,1.1562714751192984,,,,,,1.1783052206993863,,1.061657158532292,,,,,
20131030,0.7235459673177563,,,0.8147744646023365,1.0064588346386685,,1.0261702102569146,1.1370265816195897,,,,,,1.2006247230412692,,1.074131491546862,,,,,
20131031,0.7519173476782829,,,0.8958989077937202,0.9851085738513006,,1.026129020070477,1.1230884241195909,,,,,,1.1188626803713293,,1.0842351209500045,,,,,
20131101,0.776714796191069,,,0.9687933129951137,0.9716162201495612,,1.0305826390527257,1.109963491230843,,,,,,1.044986647083499,,1.1099011928382534,,,,,
20131104,0.830868709444417,,,1.0185187868500087,0.9514721161955035,,1.033720798249864,1.106802038560816,,,,,,0.9665702904513729,,1.1049049687342771,,,,,
20131105,0.9434572516269428,,,1.0655457884001713,0.9507936185814548,,1.0360237320859913,1.0203732455904762,,,,,,0.8985393222465657,,1.0983427852487981,,,,,
20131106,0.9714601881929716,,,1.1102078017469756,0.9452582216605155,,1.0454897205366398,0.9560901008974187,,,,,,0.8370316768405904,,1.098468142492198,,,,,
20131107,0.9294994756569963,,,1.1437454576373003,0.9480993425889599,,1.051542011735497,0.9148554225832184,,,,,,0.7773306950827024,,1.0960317736879859,,,,,
20131108,0.8531602491310786,,,1.1669147388992607,0.8866140973680787,,1.0479011543167023,0.891006483453963,,,,,,0.731946560016052,,1.0486660516576745,,,,,
20131111,0.7449657197315831,,,1.0634185090206043,0.8550102719740431,,1.048247911688439,0.8808516813878714,,,,,,0.6959739710423021,,1.0072760290557552,,,,,
20131112,0.6543567870590494,,,0.983344423058597,0.8242541170388294,,1.0274404978869047,0.8741488810177919,,,,,,0.6730962442871928,,0.9699395384488562,,,,,
20131113,0.5802224967959837,,,0.8966657676522596,0.7898836754264106,,1.01044447075926,0.8662642380028016,,,,,,0.6575483076090456,,0.9383470576455761,,,,,
20131114,0.5091220370969256,,,0.8240687045942731,0.7625195065174284,,0.9788879068127742,0.8792845782764762,,,,,,0.6817753923962153,,0.8656486042638949,,,,,
20131115,0.42365552668953294,,,0.7591060385040189,0.7398865525395867,,0.9399716190305775,0.8977949836641577,,,,,,0.7090269060520648,,0.8021634132054462,,,,,
20131118,0.4038957985454627,,,0.7175917286108917,0.7204739559913544,,0.8996325080710813,0.910006393437258,,,,,,0.7464051434946705,,0.7710630102072318,,,,,
20131119,0.3921502293449412,,,0.6836686042184877,0.6942781310169086,,0.8800841889583759,0.9675280340998984,,,,,,0.7885991583507256,,0.789485518768738,,,,,
20131120,0.40106903730065085,,,0.6579741842010638,0.683159967914629,,0.8449091082346106,0.9989358373304285,,,,,,0.8243875159156685,,0.794945045951686,,,,,
20131121,0.530189705584979,,,0.6231832072857076,0.6641832867244067,,0.816509391623288,1.024975031520706,,,,,,0.8514283827740321,,0.8011931633433056,,,,,
20131122,0.6626709203230177,,,0.6068785543824008,0.6970837755026053,,0.7947673351986815,1.0430369807223177,,,,,,0.7977653706729653,,0.8287833592719988,,,,,
20131125,0.7943528114820861,,,0.6673278956568081,0.7392687179826262,,0.7880040890077364,1.0569867992763762,,,,,,0.798247781666959,,0.8604358407468486,,,,,
20131126,0.9034980216895964,,,0.7083617696817718,0.7783679511920784,,0.8008265338355709,1.0673471937245544,,,,,,0.812596582802073,,0.8893495923251857,,,,,
20131127,0.9983428545948819,,,0.7706970539858857,0.8181649930884141,,0.8119745994005537,1.0902583847469094,,,,,,0.8262197029816194,,0.9127746201102582,,,,,
20131128,1.0778042795631229,,,0.812138631406813,0.8737855238799699,,0.8309093893209211,1.0643190929316313,,,,,,0.8387770030093278,,0.9646311881147174,,,,,
20131129,1.145710240905024,,,0.8485837168096785,0.9214732921619363,,0.8457146247752394,1.0298502003406422,,,,,,0.8788623920191289,,1.004958560996028,,,,,
20131202,1.1889891687618594,,,0.8732683311835007,0.9657613716062347,,0.8683680524997212,1.0007219849245916,,,,,,0.918230629809574,,1.0154733824262985,,,,,
20131203,1.2225549872652526,,,0.8972432735522113,1.021824866291521,,0.8500752736063659,0.9756567613790115,,,,,,0.9563026721997167,,0.9821979427738512,,,,,
20131204,1.244564646004566,,,0.9162709514276457,1.0652677509306518,,0.854828309449172,0.9345562706163485,,,,,,0.9934750652791745,,0.9679630646554978,,,,,
20131205,1.2429505731075756,,,0.9477242332801972,1.1031742244193758,,0.8691965194464504,0.9154610962083387,,,,,,1.0483787167264538,,0.9430853125408204,,,,,
20131206,1.2468984149807976,,,0.9694685284372249,1.1323218408201052,,0.8821744362791696,0.8756896908288818,,,,,,1.1086617948414972,,0.925262860733766,,,,,
20131209,1.2500230063733992,,,0.9955949176867245,1.1300538900007366,,0.884824901610878,0.8442947124670688,,,,,,1.1143874443756596,,0.8724194660539271,,,,,
20131210,1.2569344179703938,,,1.0201565013841718,1.1364822398604908,,0.8882342160309972,0.853122291171841,,,,,,1.12656256503939,,0.8275740529709787,,,,,
20131211,1.2474365675371133,,,1.016482084403158,1.149649524315643,,0.9026877180713624,0.8522562888685161,,,,,,1.1358176323565483,,0.7943584352691558,,,,,
20131212,1.2396655994518293,,,1.0211616747683803,1.1567452126671558,,0.9158545629891466,0.8824502153820474,,,,,,1.1421944881368238,,0.8576034315854055,,,,,
20131213,1.2335972853777648,,,1.02822578923807,1.1478677270123199,,0.928560702216354,0.9197454184841757,,,,,,1.1572158214148274,,0.9257418349496698,,,,,
20131216,1.2320726811834857,,,1.0382803506383946,1.1412008632992126,,0.9289689320371942,0.9491601952401553,,,,,,1.1712877425707064,,0.9864510131717086,,,,,
20131217,1.1996866879284513,,,1.0316620817427586,1.1354247484379172,,0.9477009424265213,0.9799102001742516,,,,,,1.1757471279688156,,1.0492394204189577,,,,,
20131218,1.1254105417153575,,,1.0269652579218598,1.1294259312491015,,0.9500425612562915,1.0135742455784473,,,,,,1.173666286282095,,1.0992990543570806,,,,,
20131219,1.0673958778998378,,,1.0232824657609996,1.1225384909503724,,0.9502428987299391,1.0564178713849646,,,,,,1.1442203621416382,,1.143255061284855,,,,,
20131220,1.0278007757669798,,,0.9428252732295411,1.1126366252185071,,0.9621767067059167,1.1194265517156103,,,,,,1.1078722258195774,,1.1809825498708726,,,,,
20131223,0.9924496032539535,,,0.885059148471101,1.0863621842439362,,0.9557170303846639,1.1709909644888874,,,,,,1.0843869163939,,1.2206465104657993,,,,,
20131224,0.9435482767361872,,,0.8398787808887407,1.0621837213966392,,0.963280262270524,1.2007084173217282,,,,,,1.0650087293761883,,1.2535070509600421,,,,,
20131225,0.9305868567580378,,,0.822624926675418,1.051005667866804,,0.998249275394225,1.2261739756220016,,,,,,1.0571868171348624,,1.2805102520612135,,,,,
20131226,0.9385813370889936,,,0.8475876715583688,0.9685776125616038,,1.0325437431807112,1.2451283724216953,,,,,,1.028548285715839,,1.191354441780604,,,,,
20131227,0.9451643828130827,,,0.8891053999098345,0.9276448870228228,,1.060931191533114,1.2551935993420202,,,,,,0.9963705836520248,,1.0875778527398792,,,,,
20131230,0.9539677668966352,,,0.9272310421790982,0.8926558057271246,,1.0792394468000546,1.2640514021409388,,,,,,0.9723061756994383,,0.9964676936431772,,,,,
20131231,0.9698698973176849,,,0.9600574779717285,0.8490297563695111,,1.0992445261668164,1.272913667342843,,,,,,0.9667539715039918,,0.9669094979385513,,,,,
20140102,1.0026388090943266,,,0.9879819440738836,0.8142603960342952,,1.1043864807719104,1.2831221067813918,,,,,,0.955526066658558,,0.9422247290510439,,,,,
20140103,1.037597613037294,,,1.0115465081654167,0.8183807393171555,,1.1005905316332372,1.2459558295170938,,,,,,0.9761275653014632,,0.9269311215273626,,,,,
20140106,1.0382936293766543,,,1.065413374575893,0.8321458538102809,,1.091228749157566,1.1124660680308935,,,,,,1.0026788839086231,,0.9377983039190045,,,,,
20140107,1.039877806466062,,,1.1129981531131932,0.861124977052828,,1.0963325946896187,1.0244993536183284,,,,,,1.0258953386155298,,0.948322720935141,,,,,
20140108,1.0552077369424024,,,1.1545886655767277,0.8869119889363384,,1.0996491086196436,0.9587317075667507,,,,,,1.0486669668591717,,0.9535304173181672,,,,,
20140109,1.0182596878068033,,,1.1851240047950435,0.9037530625998711,,1.0925278180386957,0.9243391426097359,,,,,,1.0558915168249667,,0.9626570041225275,,,,,
20140110,0.8950028357234204,,,1.160441008066893,0.9662582236092764,,1.0907234862639972,0.8913727262697699,,,,,,1.071417270277819,,1.0197059917019666,,,,,
20140113,0.7946348494998778,,,1.123301563499926,1.014349909218397,,1.088876633371313,0.8647129254471033,,,,,,1.070385489537414,,1.0707027471625947,,,,,
20140114,0.7386310391822077,,,1.0982586044039788,1.0707540460707534,,1.1030305162098504,0.8561797843398535,,,,,,1.0324479254333663,,1.119038235719582,,,,,
20140115,0.6952697158978547,,,1.069250793147933,1.1214815192693885,,1.109230346109309,0.8453678926624884,,,,,,1.0011726511431442,,1.1363710846558266,,,,,
20140116,0.6597698821282489,,,1.0398733859821718,1.1636916620304771,,1.1213588695194203,0.8337956328464609,,,,,,1.0108166129533922,,1.1503839640204956,,,,,
20140117,0.6307245636006508,,,1.0139801610578283,1.180070618028238,,1.1339887629037553,0.8465231754811398,,,,,,1.00387183565036,,1.159484989050341,,,,,
20140120,0.6212120109317163,,,0.9948061277113134,1.1824365437288022,,1.1474238812104416,0.9239647230626634,,,,,,0.9767963184688111,,1.1094253943624102,,,,,
20140121,0.630866285345904,,,0.9401679007349046,1.1776986266277094,,1.1581331957534113,0.9564011872771588,,,,,,0.9859941214479303,,1.0948699493995573,,,,,
20140122,0.6387652371376666,,,0.8906760131298725,1.1736166546490012,,1.1682783228838394,0.9912297880960199,,,,,,0.9886296686888065,,1.087902780144428,,,,,
20140123,0.6765489622728961,,,0.8506311006329536,1.1701641286202111,,1.158806451916137,0.9921229357767778,,,,,,1.0026202886853204,,1.0871067994874677,,,,,
20140124,0.7760764414845609,,,0.8419059006374736,1.1656789666616951,,1.1254890387014587,0.9964438173838441,,,,,,1.0160451825425751,,1.0860535827562818,,,,,
20140127,0.8576982845215253,,,0.8320344371360514,1.150708466590155,,1.0802545005376536,1.0006398397307013,,,,,,1.0298843679234633,,1.0819385704928273,,,,,
20140128,0.8375015076417741,,,0.7895029142726877,1.113777083298648,,1.0161019498856392,0.9756974900424973,,,,,,1.04535053471317,,1.0780004435320383,,,,,
20140129,0.820976872014163,,,0.7162348112594081,1.0845858781757527,,0.9690009760766831,0.9657258014928249,,,,,,1.0588651530398103,,1.086811568025144,,,,,
20140130,0.8074567155924265,,,0.6759493104400556,1.0565272522166627,,0.9388660598053363,1.006567924544939,,,,,,1.0617505771542404,,1.0861201660748,,,,,
20140207,0.7963947694297593,,,0.6853039550743882,1.0409087459545807,,0.9137044281674024,1.04134009213592,,,,,,1.0731489495675899,,1.0983510119193944,,,,,
20140210,0.769970997943429,,,0.6934607677983528,1.0475074394848933,,0.8917517269453742,1.0606440892848104,,,,,,1.1106917437239263,,1.1285209725215086,,,,,
20140211,0.7281631760915266,,,0.7238400367653693,1.0489743302165213,,0.8508882037626696,1.084604372549087,,,,,,1.1058398559888099,,1.0994173027426144,,,,,
20140212,0.6959984676736984,,,0.8359491534172654,1.0435129013307511,,0.8201927040462736,1.1056635905723766,,,,,,1.1000473217398739,,1.0715525675056568,,,,,
20140213,0.6696818880597215,,,0.924850710443044,1.0404118371227085,,0.8007943598442455,1.1300989737480867,,,,,,1.0922972035489764,,1.024498024047954,,,,,
20140214,0.6481501411032394,,,0.9934532728637328,1.0389294092202834,,0.80042284622276,1.1491363760744198,,,,,,1.0832400816634444,,0.9842073877181977,,,,,
20140217,0.6305332572300273,,,1.0524770142211173,1.0484096720492369,,0.8060454845774364,1.1689284822790942,,,,,,1.078999434631509,,0.9529628080476688,,,,,
20140218,0.6807158711690384,,,1.108280006330279,1.0551259660199876,,0.8364063885586551,1.194093453980587,,,,,,1.0835628184067008,,0.9394073198692302,,,,,
20140219,0.7217743734823486,,,1.1593497393768513,1.060330295300297,,0.8715969842798439,1.2089642633021405,,,,,,1.082196377679468,,0.9168193003957283,,,,,
20140220,0.7553676935565897,,,1.1919132188243808,1.0823761352342665,,0.917941517027105,1.1148251368716113,,,,,,1.0855450855945308,,0.8960646085091757,,,,,
20140221,0.7828531372535052,,,1.195533284746555,1.0996112578784243,,0.9589910500376715,1.0377861403077693,,,,,,1.0877997639136006,,0.852445531236818,,,,,
20140224,0.8159705924376659,,,1.1952735854265404,1.1107253841801468,,0.9855224241767157,0.9746800847177123,,,,,,1.061137787309267,,0.8421045583317162,,,,,
20140225,0.7791826998112307,,,1.1954106289585613,1.1236258573772302,,1.0147851928062013,0.9156808556186321,,,,,,1.0485097339404534,,0.852777295184015,,,,,
20140226,0.6375131180262784,,,1.108566446877075,1.1384856975734434,,1.0408136054687676,0.8538208362837751,,,,,,1.036989800974525,,0.8431115535901457,,,,,
20140227,0.5216016420207694,,,1.0344541784182781,1.151894319799317,,1.057465944242641,0.806066126101427,,,,,,1.034345270874946,,0.8577328575096966,,,,,
20140228,0.6759803417290455,,,0.9687461957013866,1.164748042406676,,1.066016384047425,0.7756602913409214,0.0,,,,,1.0400362613154177,,0.8734252896304825,,,,,
20140303,0.802326885341869,,,0.9106701936249229,1.1229500513353687,,1.0851722402277044,0.7241117108811945,0.0,,,,,1.043842168872333,,0.8689144523201036,,,,,
20140304,0.9057013301158212,,,0.8623660409033569,1.0914878084433688,,1.0535081981517733,0.7016065135706387,0.0,,,,,1.046452733673705,,0.859917318803869,,,,,
20140305,0.9902804212943913,,,0.8332239988912359,1.089153801029028,,1.0337918648463231,0.6800882240843934,0.0,,,,,1.0672083428773071,,0.8820254406976509,,,,,
20140306,1.0594814958949608,,,0.8116653593556997,1.070019862103279,,1.0023714797586276,0.7143774735554502,0.0,,,,,1.0871932920111809,,0.9082743721686286,,,,,
20140307,1.1161005569317373,,,0.8025459992397447,1.0538412516851683,,0.9745594246058453,0.7653609900263423,0.0,,,,,1.1041845591083528,,0.9420158609847684,,,,,
20140310,1.1625827843629293,,,0.8089922168359746,1.0228324365092525,,0.9697858971303486,0.8257974103095811,0.0,,,,,1.0780576264209238,,0.9761073132604743,,,,,
20140311,1.207372740351784,,,0.8231811058049876,1.0221685789689254,,0.9764902463289773,0.8927671204575861,0.0,,,,,1.058017651664515,,1.0257138176087761,,,,,
20140312,1.2450514223291227,,,0.8442447534700468,1.0264704285777393,,0.9873889070872484,0.9685418041819632,0.0,,,,,1.0445337110778457,,1.0747971932166567,,,,,
20140313,1.2758794348560232,,,0.8668330607001514,1.0180010177958714,,0.9923894169209234,1.0226148540919717,0.0,,,,,1.0402692166270844,,1.1103754570643376,,,,,
20140314,1.045120384914158,,,0.8910057085797695,1.012245213878252,,1.001077408578655,1.0651898725434894,0.2175650057329176,,,,,1.0820230169601137,,1.1394849456669855,,,,,
20140317,1.0338674477320227,,,0.9146804573674184,1.043111253981657,,1.000813934337295,1.11482809756721,0.392938920641003,,,,,1.1160052649901762,,1.1702163282774651,,,,,
20140318,1.0487670007422385,,,0.9339224935791322,1.0678820581105015,,1.036450805528351,1.1499824565425758,0.5373053454515124,,,,,1.1447495316596108,,1.1987246935794846,,,,,
20140319,1.061105502737662,,,0.9423488943420033,1.0755993649077327,,1.0732132632680402,1.183972651045558,0.6596342286009926,,,,,1.1548035575985183,,1.2164173383140915,,,,,
20140320,1.0899679536185471,,,0.95007126265242,1.0916579776959836,,1.1033485838017376,1.2140762366338547,0.7259657377767904,,,,,1.1593793666781294,,1.2298477527789295,,,,,
20140321,1.1128293643305605,,,0.95247883915951,1.1035701209007385,,1.127945101783549,1.2145464982028389,0.7848926060841656,,,,,1.1657945495190876,,1.2330710776194362,,,,,
20140324,1.1412679755019006,,,0.8944917853898867,1.1125378442498095,,1.1120490662751115,1.1912104304583517,0.8020130369354513,,,,,1.1867104414974143,,1.1891528804789075,,,,,
20140325,1.16431950065368,,,0.8283477294327174,1.0848525674122131,,1.09547946428766,1.1647218449103391,0.8062387916460553,,,,,1.1968317778881186,,1.104801803118375,,,,,
20140326,1.1831798394142254,,,0.7798153559651996,1.0374675869623329,,1.081836390718853,1.1431412974516728,0.8225386985585614,,,,,1.2046153594998545,,1.0511651196577472,,,,,
20140327,1.1983586063170033,,,0.7424542005126653,1.0028591474500674,,1.0766152884469726,1.1276592712456157,0.8480831444816023,,,,,1.2055234307929423,,1.0117130304853572,,,,,
20140328,1.238046240669983,,,0.7689775901063189,0.982361583438362,,1.073237976018248,1.111623518180521,0.8661792273802262,,,,,1.0640991624345124,,0.9913487422572249,,,,,
20140331,1.2424648982626076,,,0.7906858140713202,0.9020262481119075,,1.0829715599262613,1.1002552840992277,0.8890190229149352,,,,,0.9653557749446239,,0.9604929176528626,,,,,
20140401,1.2048771742563418,,,0.8088755697799971,0.8338527820770397,,1.0765226466935214,1.093649297790836,0.9001946970417805,,,,,0.9229888278668583,,0.9158110960518352,,,,,
20140402,1.1463467198513169,,,0.8308873480032983,0.7820443193460097,,1.0203248374602802,1.058930177874715,0.893912017444021,,,,,0.8926899264594366,,0.8869451426139149,,,,,
20140403,1.0719904512824405,,,0.8496078818506738,0.7400420465503057,,0.9806021443603317,1.0333189507861273,0.9106856417185923,,,,,0.8806903940073272,,0.8655634890589786,,,,,
20140404,0.9750992737612827,,,0.8706695018306527,0.7015145617761398,,0.9467350439226462,1.0242326986555903,0.928378732957951,,,,,0.8681510500312973,,0.8523136073603547,,,,,
20140408,0.852670704187362,,,0.9217112514623379,0.6830195807351296,,0.9419495586012269,0.9956384010541335,0.9733173709792374,,,,,0.8609542349000217,,0.8766683422316683,,,,,
20140409,0.7512095078260997,,,0.973244734387336,0.698112178691604,,0.934052193534323,0.9748524049793279,1.0139534980730098,,,,,0.8654101295648493,,0.9239820043789885,,,,,
20140410,0.6681958017123405,,,1.0250966713790206,0.7300532482454165,,0.9299584340595594,0.9364589406956786,1.0333075565834011,,,,,0.8672818547091398,,0.9190316776297944,,,,,
20140411,0.5986408592523322,,,1.0724070489557778,0.7554870282144034,,0.9216935225627143,0.9113726093201778,1.0439195221566147,,,,,0.8704192301531359,,0.9423527047580876,,,,,
20140414,0.5417322699668713,,,1.0896552263349277,0.7530197252574665,,0.9113486671476633,0.889154457086309,1.0349205227723668,,,,,0.9020921931175595,,0.9438515472575807,,,,,
20140415,0.5031040242336682,,,1.1035377709263503,0.7910509792566682,,0.8984565955799111,0.8662069471508658,1.0225716952320565,,,,,0.9304022448719858,,0.9541010801287271,,,,,
20140416,0.4330980718077,,,1.1192068028495767,0.8204848327898553,,0.8746956148772255,0.8451176708308124,0.992367603950453,,,,,0.931593098039154,,0.9761491970482866,,,,,
20140417,0.37904778654635807,,,1.1119500929404726,0.8527093323870321,,0.8891417908479977,0.8179947129711705,0.9867526823094163,,,,,0.9317609999053486,,0.9811184469288468,,,,,
20140418,0.3401701058447054,,,1.084395133645671,0.8987187584573381,,0.8945457943150446,0.8432665758066724,0.9818967551498458,,,,,0.9281506500530947,,0.9905477194558281,,,,,
20140421,0.27832099569112234,,,1.0697085066640089,0.9312087732158704,,0.889067538860739,0.8611567174495294,0.9391658847674105,,,,,0.9261056547504136,,1.00176486919173,,,,,
20140422,0.22771717829273624,,,1.0495999762389698,0.9358627194203537,,0.8941002556948253,0.8896464117303929,0.9003985107256645,,,,,0.915633964613761,,0.9649789687261501,,,,,
20140423,0.18631405496678405,,,1.0349287660632305,0.9434169224878856,,0.9042490017015348,0.9033441878232037,0.876162506038796,,,,,0.8790455662131488,,0.940757724404295,,,,,
20140424,0.1524387722455505,,,1.0291426660239291,0.9532801231075755,,0.8759980224466962,0.9351469386488009,0.8554463376744853,,,,,0.8620521340723873,,0.9365708516646686,,,,,
20140425,0.12472263183726852,,,1.0255002011541614,0.9622751077142521,,0.9085208341957474,0.9348600986699485,0.8893631714642619,,,,,0.8462850677478314,,0.8874899776396206,,,,,
20140428,0.10204578968503784,,,0.9716783799055307,1.004414571114663,,0.9343615360895337,0.9350030404743248,0.9245199090716851,,,,,0.8478093542226487,,0.8502291041471489,,,,,
20140429,0.08349200974230366,,,0.9272225650995404,1.0388902631620347,,0.9559019758011496,0.9270312899508832,0.956033478649488,,,,,0.8479631610677982,,0.8391779663250011,,,,,
20140430,0.06831164433461206,,,0.8975509837519867,1.0693513451706185,,0.9875647988190274,0.9399623649251243,0.9960899144434101,,,,,0.8558741124590081,,0.8338877216647552,,,,,
20140505,0.055891345364682585,,,0.8819927003333441,1.0933870037895475,,1.0204843804096393,0.9665311719765296,1.0196636711172449,,,,,0.8752481326917706,,0.8470615026478506,,,,,
20140506,0.04572928257110392,,,0.8853219341727785,1.0621592183529427,,1.0511406922924702,0.9219505775688521,1.038980251326355,,,,,0.8848222026389531,,0.8523329938338877,,,,,
20140507,0.04572928257110392,,,0.9072593240147934,1.0191011795539906,,1.0841599181136463,0.8868340806104211,1.0779094461246046,,,,,0.8892051703761806,,0.8543976390909299,,,,,
20140508,0.04572928257110392,,,0.9332923463375116,0.9999935660251922,,1.1072361423650967,0.8684023943478242,1.1016366828175652,,,,,0.8995311179058875,,0.8801186914481102,,,,,
20140509,0.04572928257110392,,,0.9547645705051874,0.9975756625516087,,1.1250143691500192,0.8605601420729758,1.1199880118841827,,,,,0.9514162412115684,,0.9014879444280468,,,,,
20140512,0.04572928257110392,,,0.9532854457990555,1.0049523317091438,,1.1530487760703898,0.8471378871649743,1.1372978979895298,,,,,0.9807108753219871,,0.9187318723024395,,,,,
20140513,0.04572928257110392,,,0.9524088949446972,1.0098119294542756,,1.1274768319459045,0.8529621962365062,1.0870146976824042,,,,,1.0128052291050165,,0.9649856942167226,,,,,
20140514,0.04572928257110392,,,0.9883202584554993,0.9809011373300696,,1.1026292239238238,0.8263115484285769,1.0503827835964437,,,,,1.0385402982096879,,1.0070727965647115,,,,,
20140515,0.04572928257110392,,,1.017857641140857,0.9566200482033217,,1.0921244273658606,0.8087686808247604,1.0230012589246973,,,,,1.06242619163096,,1.0169338844726243,,,,,
20140516,0.04572928257110392,,,1.016696642610918,0.9395551175205424,,1.0886545609361504,0.7950327668050537,1.0014908718917088,,,,,1.080614157389735,,1.020709889252476,,,,,
20140519,0.04572928257110392,,,1.0177330633660013,0.9719165987864883,,1.0551728679808972,0.778961942137462,0.9646450182197808,,,,,1.0741026217070784,,0.9967873373065046,,,,,
20140520,0.04572928257110392,,,1.0149485784318755,1.0128273797643486,,1.0265115804011442,0.8013578999071589,0.9340757644493237,,,,,1.0700869456889675,,0.999694554203959,,,,,
20140521,0.04572928257110392,,,0.9246304492863968,1.056583860392179,,0.9968702525388241,0.8328419872130424,0.8989936640043141,,,,,1.0710899652917576,,0.9987542191048149,,,,,
20140522,0.04572928257110392,,,0.8314444933686685,1.0869021948196331,,0.987583476635598,0.8551406600951196,0.9096000022404722,,,,,1.04086163910803,,0.9920385532454135,,,,,
20140523,0.04572928257110392,,,0.7580726310565847,1.1059151362585522,,0.9800886981815221,0.8725295568903569,0.904232166382279,,,,,1.013287460714845,,0.9796937994382642,,,,,
20140526,0.04572928257110392,,,0.7004225112974154,1.1145383500420631,,0.9667589005665995,0.9093218886812061,0.8966774196614243,,,,,0.991031446488676,,0.9750407994116191,,,,,
20140527,0.04572928257110392,,,0.6978499376393589,1.125958455236563,,0.9945975731443727,0.943421310295906,0.9616012891257438,,,,,0.9991821275687094,,0.9703550159869814,,,,,
20140528,0.04572928257110392,,,0.6913974877480422,1.1462603767656059,,1.0212704136409259,0.9929930685009185,1.0134108594965217,,,,,1.010009194869839,,0.9654357688448255,,,,,
20140529,0.04572928257110392,,,0.6909991358194862,1.1606332246142985,,1.0399381448020397,1.0328273623419981,1.046441970420639,,,,,1.0104109846702711,,0.9794501422068489,,,,,
20140530,0.04572928257110392,,,0.7137561497714454,1.1660170378998427,,1.0476415328014015,1.0612503688648134,1.072974521919865,,,,,1.0164053258896557,,0.9936087213868536,,,,,
20140603,0.04572928257110392,,,0.7338059564939675,1.0691466193920782,,1.0611802639118506,1.0916508422250784,1.0989200069383602,,,,,1.0070482002737011,,1.0199113377972597,,,,,
20140604,0.04572928257110392,,,0.7593065903429967,0.9940343380728298,,1.0737572256021863,1.1167186760974703,1.1204846425657153,,,,,1.0051149064447724,,1.0138655245991188,,,,,
20140605,0.04572928257110392,,,0.8284663692568863,0.9278517359986677,,1.0748523147610365,1.129688077750974,1.1394483248701066,,,,,0.995318876044433,,1.019667039358472,,,,,
20140606,0.04572928257110392,,,0.9012021869594236,0.8726722875820754,,1.0680647189689545,1.134443368664807,1.139775869615035,,,,,1.0024952942959204,,1.025314134508529,,,,,
20140609,0.04572928257110392,,,0.9646200775377665,0.8280531905843087,,1.0661448871040033,1.1357932164752846,1.137135349943753,,,,,1.0023015542938674,,1.0541633664524837,,,,,
20140610,0.04572928257110392,,,1.0274247803927548,0.7608494631592889,,1.065865448488066,1.1346376940150076,1.160562980814109,,,,,1.0005338264971966,,1.0707565554202245,,,,,
20140611,0.04572928257110392,,,0.9968388662460161,0.6997915063798889,,0.9819497784609571,1.1190435365954496,1.1148372367992185,,,,,0.96678620704257,,1.0840944616055186,,,,,
20140612,0.04572928257110392,,,0.9494490428357819,0.66732386518088,,0.9131028803251999,1.0752148925277691,1.0797323057215948,,,,,0.9434905330956209,,1.097538193331195,,,,,
20140613,0.04572928257110392,,,0.9675257538995256,0.6580814491310637,,0.860435130524383,1.0814042820114218,1.0567360120514533,,,,,0.9570685471919793,,1.1067265610817547,,,,,
20140616,0.04572928257110392,,,0.985977426157588,0.6501328885447656,,0.8112588274772712,1.0895786799951102,1.0383478062511635,,,,,0.9701989687519931,,1.1155732987096099,,,,,
20140617,1.39222421615133,,,0.9841272545423287,0.7019546851042215,,0.8342366645893295,1.08778229559484,1.039718202316821,,,,,1.0102615920464524,0.0,1.1110754047409657,,,,,
20140618,1.3809009429121255,,,0.9832793037198354,0.7442804535279767,,0.8562722910124952,1.087610501009142,1.04180174650755,,,,,1.0445625467576065,0.0,1.1217948442675194,,,,,
20140619,1.3771324181190094,,,0.9928049496808136,0.7895141399699496,,0.884870042882956,1.0909920731120142,1.0420922699632458,,,,,1.0721361323981775,0.0,1.1244294372919506,,,,,
20140620,1.3752773613861287,,,1.000598660012523,0.8452799628921376,,0.9160168574890344,1.084332850210544,1.0535312428276853,,,,,1.0958130956725212,0.0,1.1385605764650777,,,,,
20140623,1.3741910029161677,,,1.008005435071929,0.8923497535216012,,0.9608883146628472,1.0562006907109915,1.088721366948569,,,,,1.1164633678877187,0.0,1.0903024360983322,,,,,
20140624,1.3734892907371876,,,1.019997263852439,0.9439544050230425,,0.9889007876875585,1.0403184277212412,1.0622061577438453,,,,,1.132886129780814,0.0,1.0577260299412847,,,,,
20140625,1.373006942706506,,,1.0634247323394501,1.001330291242711,,1.0341855631748516,1.0220383551525207,1.058675771151917,,,,,1.1554763573282065,0.0,1.0278083128540811,,,,,
20140626,1.3726610429446913,,,1.108386235833903,1.0117499412321858,,1.0654917353389037,1.0182981003018976,1.0544130207344398,,,,,1.179900053836401,0.0,1.0080915363559046,,,,,
20140627,1.3724053921843873,,,1.0319813725344158,1.036606468272387,,1.0920397680805443,0.9575290945512339,1.0530779500930456,,,,,1.1774572850793716,0.0,1.0159462144329756,,,,,
20140630,1.372212198517386,,,0.9771994017808073,1.0663908312605035,,1.1170435275764774,0.9078215808086608,1.05482947503273,,,,,1.1533258069757308,0.0,0.9938665881849037,,,,,
20140701,1.3271596902585074,,,0.9484290789403595,1.0925339356731745,,1.113674765120174,0.8547719876169247,1.0668970215063254,,,,,1.1063137179607223,0.2175650057329176,0.9840723618147972,,,,,
20140702,1.0620907406035405,,,0.9474047490259253,1.11527250650541,,1.1088326166896796,0.8111442189905744,1.0755470170314687,,,,,1.092620941988722,0.3640719527610973,0.9751450726921786,,,,,
20140703,0.8536950963797952,,,0.9325263880419908,1.1294453395247075,,1.1048190497983903,0.7788667292637114,1.0828193443179865,,,,,1.0861962240627858,0.4849087131601135,0.968263320491266,,,,,
20140704,0.6885662574983712,,,0.9194572565878236,1.0883136422238155,,1.088595136243169,0.7320078357996551,1.0890356280431694,,,,,1.080777017172686,0.5866985989599541,0.9406343626133774,,,,,
20140707,0.5569066098444658,,,0.9112736954206785,1.0518670918078925,,1.000404491220458,0.7080610449885779,0.9993978069303672,,,,,1.0832077813467234,0.6863197313949891,0.9440058213413316,,,,,
20140708,0.4514120084557907,,,0.9106534690333492,1.0235979221858384,,0.9366890394127049,0.6905648346757837,0.9518511735489353,,,,,1.0860983965367428,0.7647017457510151,0.9425047026775749,,,,,
20140709,0.36654715085611406,,,0.9108329540227826,1.0018866291286037,,0.934602150551141,0.663843739852116,0.9313375678516084,,,,,1.0896944742326855,0.800974693448073,0.9710626111120096,,,,,
20140710,0.29806005741831143,,,0.910061535317627,0.9750868515590699,,0.9348542069586466,0.6395763490846773,0.9142856516480541,,,,,1.0323254240618458,0.826271648652842,0.9670958939380427,,,,,
20140711,0.24264784383969873,,,0.9615625460749715,0.9618306046218937,,0.9271954944885985,0.6736753347244007,0.8998336949688494,,,,,1.0117555821518247,0.8483734766948348,0.9491748623270091,,,,,
20140714,0.19772110260994208,,,0.9996738941760605,0.9568108656751176,,0.9147553893410618,0.7112548406267564,0.8884818672452385,,,,,1.006858358966583,0.8672838395423385,0.9457816132191474,,,,,
20140715,0.16123428036952187,,,1.0200486409100262,0.9533231365789042,,0.915777236983345,0.7772925920913659,0.8289467244835209,,,,,1.0151054263998134,0.8867921007052981,0.957212764803528,,,,,
20140716,0.16123428036952187,,,1.013316795701541,0.9541951484937699,,0.9209403770103757,0.8320642964122021,0.7809355677156369,,,,,0.9996912917961509,0.916759372796348,0.9647140929494249,,,,,
20140717,0.16123428036952187,,,0.9996590690248927,0.9687349164584448,,0.9317199999450311,0.8822552997811515,0.7611015425874464,,,,,0.9821594857777981,0.9569208761337848,0.9772362264003277,,,,,
20140718,0.16123428036952187,,,0.9800429833999221,1.0054362239225108,,0.9447026424802719,0.9453109594180811,0.7267978854734181,,,,,0.9672047375864652,0.993205492434859,1.0034945979351557,,,,,
20140721,0.16123428036952187,,,0.9617655282395938,0.9265728270477345,,0.9539580909517669,0.9940464964567215,0.7422210156492737,,,,,0.9358436102584183,0.9640535017484688,1.0530226792308672,,,,,
20140722,0.5807321854016082,,,0.926258923083708,0.8635001306277348,,0.9654754547017039,1.0380315497442878,0.7527137931975818,,,,,0.9184467835157966,0.9601782087616983,1.0948460344901796,,,,,
20140723,0.8227566206324505,,,0.9001068787763008,0.8110757404539437,,0.9609914664751514,1.0845496733885027,0.762921407499356,,,,,0.894218030356403,0.9598992893708209,1.0927756931769153,,,,,
20140724,0.9776837303486706,,,0.876490619368892,0.7755546682345489,,0.9556099191734286,1.1242053577724889,0.7713748700678986,,,,,0.9146429865048262,0.9620439745255229,1.0995251680470417,,,,,
20140725,1.0835468963010302,,,0.8629890047414558,0.7464637514984201,,0.9642739538512662,1.1524251238044763,0.7962161018642893,,,,,0.924230345921588,0.9655283040195914,1.1065420136140849,,,,,
20140728,1.1591486466685956,,,0.8725792711795497,0.7350803814302072,,0.9866299835824998,1.1673887942526993,0.8183689629108266,,,,,0.9311067293539189,0.9814643945729976,1.1026317771536118,,,,,
20140729,1.2148571829156618,,,0.86739901680266,0.7516325097732047,,1.0058183630360755,1.1574938340713827,0.8777763340905755,,,,,0.9363154964167067,0.9971329309546696,1.0989458653162711,,,,,
20140730,1.2568614777903053,,,0.8871512722138488,0.7804642935389865,,1.0164125879508328,1.1444395679527237,0.9277635592699999,,,,,0.9511162372375034,1.0015976201644021,1.0964693786288675,,,,,
20140731,1.289084833730178,,,0.9111009602967995,0.7984437446242707,,1.0083619708821865,1.1069551360938004,0.9239148959584955,,,,,0.9682443596929379,0.9953108055846461,1.098630755743429,,,,,
20140801,1.3141340260928376,,,0.9374356188016951,0.8222091076745488,,0.9520997879019416,1.0771151534373191,0.9368663162759351,,,,,0.9820202362836213,0.9682386574053184,1.09498915090522,,,,,
20140804,1.3338073039213707,,,0.9612022222259863,0.9077954114506807,,0.916531804381685,1.049533919777935,0.9476728220340059,,,,,1.0036055623897577,0.9677733778795012,1.048584591961574,,,,,
20140805,1.0754254901336604,,,0.9945058428659088,0.9783905338606221,,0.941231663099345,1.0281268871875175,0.9728707960994585,,,,,0.9583711170068306,0.9633195321319413,1.0102528851936958,,,,,
20140806,0.8695465731896603,,,1.0376924422394471,1.0340839622670828,,0.9662430022401599,0.9682811431501693,0.9872868782539898,,,,,0.9263804524027203,0.9757325246282652,0.994309566883642,,,,,
20140807,0.7046673680552299,,,1.0760785777645496,1.0692362534034563,,0.9877852134260239,0.9379703728311797,0.9991036882618544,,,,,0.857222744813731,0.9899463641588914,0.9811893922918468,,,,,
20140808,0.5720854951981689,,,1.104724137744333,1.0977615595835146,,0.9973999506692894,0.9148774106128256,0.9713760077355734,,,,,0.8112085722207816,1.01589654193302,0.9820254361127664,,,,,
20140811,0.46512571226996424,,,1.1105115964749497,1.12018770820639,,0.979007712208216,0.8989224050557315,0.9534431187246086,,,,,0.7859667463266824,1.005903366902177,0.984092511763448,,,,,
20140812,0.37860889006665055,,,1.131923836662375,1.0634017132875413,,0.9617492670090969,0.890013791785263,0.928058101684107,,,,,0.7729723004302766,0.9964887474797607,0.9551903630463787,,,,,
20140813,0.4895931466450506,,,1.1418568692513542,1.01074320004388,,0.9550260503563187,0.8801095276084807,0.9091927818704627,,,,,0.783380196819702,1.0243552812885386,0.9311342206251693,,,,,
20140814,0.5797120342916977,,,1.1515716525162496,0.9764582510993524,,0.9624866612729918,0.9083904270364874,0.9141433459304761,,,,,0.7871102410625073,1.04717187908555,0.9359289179520514,,,,,
20140815,0.6529909090066067,,,1.1583934101648008,0.9281019210363587,,1.0028401925714454,0.937818717638917,0.9318224452869189,,,,,0.8029330268169449,1.067294234259873,0.9538221862783484,,,,,
20140818,0.7126444884743154,,,1.1545896386145995,0.8759042868702145,,1.0360785572185485,0.961750404983415,0.9492032513982281,,,,,0.8156038102217039,1.083416504176884,0.9763906929979687,,,,,
20140819,0.841264589277646,,,1.119935722952922,0.8400192336316151,,0.9940909662684873,0.9587275944907838,0.9353160622830784,,,,,0.8675134656984428,1.0974251202021232,1.0040190452829754,,,,,
20140820,0.9461457256934087,,,1.0983951193026518,0.8129463752186008,,0.9682164865721713,0.9720102573241941,0.9410372891944511,,,,,0.9104566347834965,1.1072052157133736,1.0283103109078482,,,,,
20140821,1.0236515129482615,,,1.0959751988762547,0.7814323146667128,,0.9613232006719351,0.9982759921908767,0.9717229024293044,,,,,0.9695301400539884,1.1139605629030471,1.0570597336649752,,,,,
20140822,1.089897089001343,,,1.092966744131378,0.7723661974541159,,0.9601131916210389,1.0221736376466006,1.0053318431247382,,,,,1.006708221998854,1.0947301244682253,1.0672784215196607,,,,,
20140825,1.1535553989156446,,,1.1007927348526985,0.76340895228757,,0.9720921767482026,1.0422028680371977,1.0293580908652997,,,,,1.005519714912489,1.1073381269377573,1.07633145421902,,,,,
20140826,1.2001675012744533,,,1.078990001155458,0.7969389765482859,,0.9566974390478113,1.0616684043407756,1.0352192537764844,,,,,1.005083198059843,1.1241580126843111,1.0942528438066317,,,,,
20140827,1.2136831137857869,,,1.0548790375038142,0.8328689782810567,,0.9473466746736356,1.0803369452239817,1.0365645820402665,,,,,0.9954595770418803,1.0654988713228435,1.117196578290791,,,,,
20140828,1.2244133727710802,,,1.0282780888294523,0.8530608745113399,,0.9376240991788255,1.019168952215571,1.0451648656048382,,,,,0.9862410309069488,1.0122084881379212,1.0924038441876263,,,,,
20140829,1.2358418951796941,,,0.9821375483022013,0.8925814155295124,,0.9166283280234493,0.9822493222704073,1.0464411794713113,,,,,0.9708176352739998,0.9721228129802815,1.066227803189537,,,,,
20140901,1.244819368888405,,,0.9463249243958584,0.9359740557749153,,0.9018336058655614,0.953470565183546,1.0443937378903687,,,,,0.959995679994512,0.9539887001697187,1.0949802884301474,,,,,
20140902,1.2665698037553403,,,0.9199172262307,0.9736549877765238,,0.9448594754187797,0.9613112754809177,1.0699833609468228,,,,,0.9575085499653102,0.9362286714553122,1.1083278335948037,,,,,
20140903,1.2843734877297033,,,0.9115030144181085,1.00409418725202,,0.9708216217935303,0.9517613642562303,1.0733407725732647,,,,,0.9734595328956125,0.9239569189099828,1.1188463048988626,,,,,
20140904,1.2771583068976378,,,0.8924700066104964,1.0444385577520936,,0.966111625075775,0.9493613988605848,1.021104236408577,,,,,0.9872179523813284,0.9174691122320888,1.1113224298242965,,,,,
20140905,1.2737824861529654,,,0.9011090995140105,1.0686088336813857,,0.9693876476487291,0.957982970984012,1.0033388011667994,,,,,0.9947134459193414,0.9297195601412044,1.1047892480946906,,,,,
20140909,1.2579533261684246,,,0.935263594201954,1.0997907855462983,,0.9856400036926416,0.9707734527171806,0.9963089582007754,,,,,1.0166524094762786,0.906332677342853,1.1032878978812364,,,,,
20140910,1.2203594059907303,,,0.9769676391866807,1.126812466008501,,1.0098843572187455,1.009973815706851,0.9969443922276089,,,,,1.041591869792335,0.8305777024380044,1.0946183230601512,,,,,
20140911,1.1992125747593871,,,1.048002763011633,1.13944348619623,,1.0314502229345683,1.0422904960838926,0.9985236801852699,,,,,1.0625041489476617,0.7868473275206207,1.0946169622087545,,,,,
20140912,1.1876763401139474,,,1.1040976849317898,1.1600161683239876,,1.0522982477168519,1.0928249726874637,0.9990652697599699,,,,,1.0819536581753766,0.7796215039654468,1.1108723376699248,,,,,
20140915,1.1478422461688436,,,1.1529510804108511,1.1793996780765197,,1.0812307536706438,1.1209099718259221,1.0107441876127106,,,,,1.0870199394936517,0.7972765721462581,1.128770093969404,,,,,
20140916,1.1294838494491946,,,1.2053633188964672,1.1965752566105776,,1.1023352676955813,1.1437385503142499,1.024688361000631,,,,,1.091758407179564,0.8072486716438594,1.0518698300496305,,,,,
20140917,1.068597078111696,,,1.2482402720231196,1.2027631099204201,,1.0831768999113407,1.1159911945050882,1.000425745730306,,,,,1.0808100718177194,0.8167322972723129,0.9920812699766614,,,,,
20140918,1.018788406061967,,,1.283307455919167,1.2091135197525582,,1.0741078633659382,1.0871625550721886,0.9835220827888562,,,,,1.0480970730727788,0.828680542421352,0.9431556305592268,,,,,
20140919,0.9691503903058953,,,1.3107631563759252,1.2060472512497737,,1.0579218909482595,1.065728100907044,0.9710845158910043,,,,,1.0094698083771734,0.8387408101024171,0.9132755639827146,,,,,
20140922,0.9263373851742362,,,1.3292698377394228,1.205298624745353,,1.0524863836910545,1.0633605227363443,0.9694047611289588,,,,,0.9841905827232723,0.851460477925993,0.8812567451467687,,,,,
20140923,0.8977590428084797,,,1.3455124575947022,1.1709307603154382,,1.041423468790183,1.0824837826433518,0.9671746541172057,,,,,0.9688290625229385,0.9145022365135282,0.8806400189960658,,,,,
20140924,0.8854125334080127,,,1.3568179675659435,1.147121324429742,,1.0531016178481962,1.0925166019798267,0.9938345639720123,,,,,0.9578556264409827,0.9927746386580227,0.8580272248027373,,,,,
20140925,0.8732001281810403,,,1.3374055325738397,1.132336289674432,,1.06459682282048,1.1055479314882035,1.0210939992283494,,,,,0.970838825206874,1.0604046990254419,0.8803167343504474,,,,,
20140926,0.850456553405583,,,1.3076262086933672,1.132425961163482,,1.0752638244479162,1.1244664110275304,1.0431692492637936,,,,,0.9832826787127107,1.0990855686289995,0.8985581871255134,,,,,
20140929,0.8404741318636111,,,1.296599000500789,1.1293478998269753,,1.0913817346366157,1.1450783891319434,1.0671740960926892,,,,,1.0165218753822216,1.1051387244868989,0.9044696782149161,,,,,
20140930,0.8008905479954287,,,1.1573636741673319,1.1300643840064133,,1.106351828014573,1.1503113586303342,1.0856896646808432,,,,,1.0438794649238972,1.111142183776063,0.9560283678880112,,,,,
20141008,0.7784777175334266,,,1.04327300431837,1.146053177428592,,1.1458968220885164,1.1728280964346212,1.1318292010122954,,,,,1.0941325966155742,1.1117409100663023,0.9974787237185531,,,,,
20141009,0.7603308291267582,,,0.9523081762584722,1.156124250608551,,1.1751375746275392,1.1947424239883135,1.1685719709389233,,,,,1.1395609666609887,1.115073335631036,1.0365647394003126,,,,,
20141010,0.7251829684247021,,,0.8655722235950394,1.1487194374276442,,1.2108149949114275,1.2145521021114138,1.210783026113776,,,,,1.180506865691615,1.1231255181215936,1.0689482197012639,,,,,
20141013,0.6991020723551761,,,0.7941499994951879,1.1311822129995293,,1.2343071907152818,1.198255203869426,1.24017703345948,,,,,1.2143457532408404,1.1315069489972085,1.0986927179772557,,,,,
20141014,0.7153222343942808,,,0.7359447152763798,1.1232421454511894,,1.2498023054763665,1.1759485053448655,1.2636578347831318,,,,,1.2441299712603422,1.127774845881147,1.0693283098120043,,,,,
20141015,0.7569318094734605,,,0.6919243308645987,1.1172480114572316,,1.2561995541011561,1.1637365242982796,1.276161751130305,,,,,1.2661131418183762,1.1197576393126578,1.0474963444685068,,,,,
20141016,0.8021103754230917,,,0.6630551905587648,1.1061775109785945,,1.259789331682345,1.152348537324786,1.283758115722838,,,,,1.2639253236294794,1.112593794773952,0.9707849833229296,,,,,
20141017,0.8622504794328077,,,0.6419947760313596,1.0806071314623271,,1.2607903334149506,1.152087924084094,1.287894894984724,,,,,1.257200784969836,1.1094301349410192,0.9099105338885627,,,,,
20141020,0.9113227210666034,,,0.5825598979850521,1.0374948558785457,,1.241823349022833,1.1522126870968863,1.2784845370007012,,,,,1.253382830668387,1.1194357872719862,0.867104939779174,,,,,
20141021,0.9706668669684612,,,0.5976969166795273,1.0015221108773729,,1.2259148286102237,1.1611948294044245,1.2689056079479273,,,,,1.2547762792675838,1.1254502998492404,0.8337652951635476,,,,,
20141022,1.026803444098536,,,0.6086517599528367,0.949836256877845,,1.1718393019356177,1.1647997582018097,1.2396563468870307,,,,,1.1840913029515756,1.1280461612786234,0.7842608557126326,,,,,
20141023,1.0720113464373655,,,0.5944192520624515,0.9205972524641268,,1.1317088115394711,1.180260478072181,1.2222918453091778,,,,,1.1272706056984316,1.13405911523639,0.726710392269595,,,,,
20141024,1.1237417122722368,,,0.5946021547374986,0.8786503376783914,,1.015330397570176,1.1826780558859007,1.167229238342234,,,,,1.03964696759222,1.0610736673099677,0.6608538002296704,,,,,
20141027,1.1662517353364215,,,0.5941573160941304,0.8606429464435297,,0.9327903326879828,1.1933890322648697,1.123054595106166,,,,,0.9662380906044861,1.007344747792761,0.6115170958975366,,,,,
20141028,1.1715160565706353,,,0.5914665942843887,0.85200543319469,,0.8785557624684324,1.202389126397767,1.0886183258453812,,,,,0.9016826844727807,0.9618263084697862,0.5859485980539212,,,,,
20141029,1.147868592782386,,,0.5646174562402774,0.8487356242557508,,0.83741891021767,1.2078690009796376,1.0635496648293146,,,,,0.8520922768783676,0.9275233497613019,0.5724917674247963,,,,,
20141030,1.087044114252741,,,0.5442000526943332,0.8493276739856038,,0.7939717022913356,1.211138877056125,1.0360242191615119,,,,,0.7824108655855521,0.896418635816617,0.5945779074775975,,,,,
20141031,0.999729478204797,,,0.5205586418876996,0.8541481986186056,,0.7460532225833728,1.1961802853824357,0.9556070851240709,,,,,0.7323834847751602,0.8645344139891973,0.6034675390334042,,,,,
20141103,0.9289072819108979,,,0.5446783726136676,0.8773978184896314,,0.7172075066527829,1.1826783185451628,0.8969159519489631,,,,,0.7230681663842924,0.8574821061257301,0.6100006062286479,,,,,
20141104,0.8709618612585891,,,0.5663481531732876,0.9078408530247615,,0.7032920230651191,1.1392845965506153,0.867562755142472,,,,,0.711408861495203,0.8479848921070332,0.6798397798783995,,,,,
20141105,0.7504908032762432,,,0.6214093973768802,0.9616490465640367,,0.7407531328282687,1.09349228128274,0.8780808379295321,,,,,0.7409783900568692,0.8565552659526374,0.7587207534365537,,,,,
20141106,0.6514658581407246,,,0.6902738219164988,0.9793981843800985,,0.7754813280675058,0.9795385993127295,0.8893273257153158,,,,,0.7731050312524544,0.8432314739223145,0.8362353137125301,,,,,
20141107,0.6706452676721313,,,0.7403425270663182,1.0108891302000804,,0.8566755676714484,0.8911213925476205,0.9090185120103857,,,,,0.818029060389512,0.8452079869137137,0.9178122998749721,,,,,
20141110,0.7303309565092132,,,0.7840858324497301,1.0439372855580178,,0.915795985404379,0.8176615642971509,0.925534443158206,,,,,0.8896310530274055,0.8741161277592145,0.9850304545470514,,,,,
20141111,0.7923725672673264,,,0.8190131495926103,1.0656125403538175,,0.9604647044221243,0.762640747300826,0.9447239425819451,,,,,0.9496698370285817,0.9134890574006235,1.0410167804605197,,,,,
20141112,0.8552579936106784,,,0.8733003613467334,1.0821662742307065,,0.9937079656583759,0.7009706045222651,0.9564845213422009,,,,,0.9974171388198524,0.9587656112715871,1.0839944803989643,,,,,
20141113,0.928041860368801,,,0.9244943874236997,1.0970929814764827,,1.021356330512019,0.6528669590534106,0.9703041443036196,,,,,1.0567278239136149,0.9960658087021536,1.1252536957966093,,,,,
20141114,1.003404369457753,,,0.9873413229359437,1.1129172725741323,,1.0473969698919838,0.6129251904676207,1.0009634121323068,,,,,1.1028855501591353,1.0281988077756745,1.160024794541148,,,,,
20141117,1.0659007929580926,,,1.0413718943549002,1.1235623765188305,,1.0665654427987528,0.5717307304934098,1.0250431135896052,,,,,1.1121541673858364,1.0342409098178178,1.1892919389074845,,,,,
20141118,1.118814276010828,,,1.0764419986307072,1.1256347144946395,,1.0809562463343512,0.5581521630405528,1.0361640148312061,,,,,1.1048571634837756,1.047229174840893,1.1770366651599953,,,,,
20141119,1.175567999956543,,,1.1194926017363647,1.075781945463633,,1.0781075290172484,0.5536056039911977,1.0269736187707772,,,,,1.0961317994324022,1.0373702171897798,1.1639043821676924,,,,,
20141120,1.2215504645166257,,,1.1494115962587415,1.0434760686034967,,1.0544430503995108,0.6076023883095423,0.9840257859660969,,,,,1.0877893404748493,1.0188605838390663,1.163354210999734,,,,,
20141121,1.2229738165176445,,,1.177434683399247,1.020394391169904,,1.0389950220540112,0.6545989623932403,0.9620145488164266,,,,,1.0854574625981157,0.9849450069285418,1.1580534105902742,,,,,
20141124,1.1485034795252287,,,1.2074818891519035,1.0046887279527648,,0.999907580628085,0.6949900709822611,0.9343727671438096,,,,,1.0537716225555436,0.9799262077627221,1.1297562833401344,,,,,
20141125,1.0966645400541366,,,1.2292891135763684,0.9948106320051285,,0.9400843743053102,0.7204626855230194,0.8799016133440182,,,,,1.0262820367405028,0.9739491854223346,1.1272006218085833,,,,,
20141126,1.0561636059458743,,,1.2359990530067284,0.9687335348856301,,0.8764515538930662,0.7610936822297087,0.8414301657483643,,,,,1.0025713921742119,0.964835516392228,1.117394183288683,,,,,
20141127,1.000702805134225,,,1.2413535334713037,0.9543575507132833,,0.8271930134382308,0.7835589969534157,0.806992546290316,,,,,0.9672502159179133,0.9619036408750485,1.1212895949106567,,,,,
20141128,0.9611997547972158,,,1.2409306569453582,0.9418062101006961,,0.8394424274318995,0.8193799295782844,0.8241535839371866,,,,,0.9746267899686597,0.96605447593163,1.1198624746115424,,,,,
20141201,0.9119841714594029,,,1.243884894884082,0.9433566736729748,,0.8652768284019774,0.8943258437827593,0.8627763898746023,,,,,0.9957778704710184,0.989869534006057,1.113145101647924,,,,,
20141202,0.8558373793034724,,,1.2280026008933507,0.9383210993745007,,0.8964394455035952,0.9778254110211336,0.9040191296140546,,,,,1.0151793480164881,1.0067723197706449,1.1266361635762356,,,,,
20141203,0.8229722285685603,,,1.2164922014924688,0.9509003222956514,,0.9256874443474923,1.0450996321741786,0.9377398614214982,,,,,1.0089765046256554,1.029047825692796,1.1351790828057542,,,,,
20141204,0.8165162739262323,,,1.222006210229302,0.9623062705609425,,0.963814320457716,1.1042827318553448,0.9901003415145531,,,,,1.0055257047755035,1.0208383094748834,1.1303859162801224,,,,,
20141205,0.8302230305053089,,,1.233704426408294,0.9567271042499013,,0.9929403585572968,1.1521330851989477,1.0236278152723854,,,,,1.0016947557980367,1.0081549953996574,1.1179276044595716,,,,,
20141208,0.9098949064482532,,,1.2455020658413314,0.9631345782207597,,1.0350256439176708,1.1908325817365222,1.0551937811626584,,,,,1.0192739417750176,1.0159271502671405,1.104394814505528,,,,,
20141209,0.9736690285622542,,,1.2565634174171154,0.9622198808591471,,1.073139304377845,1.223115233654975,1.076519457949812,,,,,1.0311369221080984,1.0068922361584063,1.0780718171404438,,,,,
20141210,1.0268475046695307,,,1.272077261632062,0.9813683989213376,,1.1162879396049172,1.2497891025320045,1.1013870908494172,,,,,1.0525433096736454,1.0271317237054236,1.0561856867054848,,,,,
20141211,1.0791099220464935,,,1.2846938939636305,0.9821064101227382,,1.1504099427191083,1.2739019271317977,1.117036828408612,,,,,1.0808093277989599,1.0448358195775176,1.026532345851573,,,,,
20141212,1.118558394132043,,,1.2899938559148048,1.0024590038493049,,1.159068964080014,1.2921856338483566,1.117161600265253,,,,,1.0678665288635891,1.0664361183225626,1.0108917001190367,,,,,
20141215,1.156650835436202,,,1.2732378467696013,0.9989764801604945,,1.1495816963609093,1.2446296055178676,1.0905752194428544,,,,,1.0281141310620794,1.073370684969195,0.9534052114779843,,,,,
20141216,1.1924579832102387,,,1.26311711925123,0.9989386183108256,,1.1376987543474335,1.145390654816806,1.0554420828260724,,,,,1.0065981042486576,1.0844736233470502,0.8936138040271479,,,,,
20141217,1.21438144992929,,,1.2406858550155941,1.003869651741983,,1.1289845102382428,1.0623913308917632,1.0281611069812713,,,,,0.991487790347188,1.0768071698922732,0.8580513720219745,,,,,
20141218,1.2203470413717905,,,1.2117849505464335,1.002633716513602,,1.1249445460616205,0.9840488348041738,1.0059794748843,,,,,0.9688142835482109,1.101816232111649,0.8335964020782902,,,,,
20141219,1.221543297408466,,,1.1755981721173814,1.0146953025751897,,1.122861828640892,0.9562253508839234,0.992969560401074,,,,,0.9538544649953224,1.1388372612432223,0.8215019184647522,,,,,
20141222,1.1026817552756096,,,1.0714046161980775,0.9988945453887538,,1.0961326228848953,0.9380349058534627,0.9730440882369995,,,,,0.9273307874868512,1.159330573834851,0.830166799039825,,,,,
20141223,0.9029064958722406,,,0.9862613818351719,0.9969579077904952,,1.0453863046562866,0.9129171057149802,0.9150597119403594,,,,,0.9084374822980998,1.1816269743440269,0.8362219848005867,,,,,
20141224,0.7394540282371833,,,0.9118928744087588,0.9673228780977223,,1.0022399518535672,0.8950655524639876,0.8670504921613827,,,,,0.8830626493838708,1.2090290655169889,0.868569910304126,,,,,
20141225,0.6057201910986756,,,0.8655081326585703,0.9471960308022617,,0.9761112864309838,0.8813539390780049,0.8188653686589702,,,,,0.8621998630539858,1.2314688932678075,0.9021575741275407,,,,,
20141226,0.4963207639092721,,,0.8267715497678031,0.9035656140230243,,0.971557105255872,0.8731252919637135,0.7938153407905079,,,,,0.8664830632612716,1.246699120314695,0.9128501945381343,,,,,
20141229,0.40608062500071707,,,0.8118849501384833,0.8736942263032296,,0.9523181399190737,0.9008368283589737,0.7649575043482941,,,,,0.8860234472105017,1.2603507692844047,0.9762718748101038,,,,,
20141230,0.376837547586647,,,0.7982659319219728,0.9006777469026915,,0.9308402234692839,0.9664848925722346,0.7407149025702136,,,,,0.8817876100051502,1.2652470941711178,1.0366662766164132,,,,,
20141231,0.3829816177731606,,,0.7914957759689883,0.9217792630423625,,0.9395376299635213,1.0227348236295677,0.7467581663252617,,,,,0.8590500865114581,1.265135979427565,1.0753325130581088,,,,,
20150105,0.3915766150460845,,,0.771436387290403,0.9505310201852585,,0.9584494848016345,1.0753165516453256,0.8230755804016474,,,,,0.886967797735742,1.209380912008849,1.10592509786595,,,,,
20150106,0.399633952886175,,,0.7639814699288259,0.9722887852482678,,0.9768344837429858,1.0663787921993932,0.8866507469532371,,,,,0.9093306675272155,1.1545372857320222,1.1323646186278367,,,,,
20150107,0.47247616658424,,,0.814373993480261,1.0121892281328149,,1.002701497099907,1.071872155993049,0.9362003431570678,,,,,0.9283918682525929,1.1125761903724862,1.1354241333707638,,,,,
20150108,0.6487229967283682,,,0.8594985480311176,1.034750179102045,,1.0338980654877763,1.0779521464086512,0.9932517255415596,,,,,0.9349896130775962,1.067130198257693,1.1445126773223304,,,,,
20150109,0.7929249486613819,,,0.9047705527480778,1.070059610920222,,1.0587975961906502,1.10088393829796,1.036669134268677,,,,,0.9461061117913081,0.9511592994132331,1.136771913707671,,,,,
20150112,0.9109083638772328,,,0.9453738298139089,1.097184629780643,,1.076133333335805,1.1202038292948042,1.077859333329389,,,,,0.9549436766474331,0.8868121110096068,1.145352180195773,,,,,
20150113,1.007440249052453,,,0.9793353782125227,1.1361541294009132,,1.089840523660768,1.1324275836021243,1.1141092043752565,,,,,0.9720047207300934,0.8329830460690182,1.1578877290405039,,,,,
20150114,1.0864986206357936,,,0.982518340505506,1.1730260142059759,,1.1150269086124283,1.122123546747579,1.1552571612837323,,,,,0.9793686151452534,0.791431367235309,1.1072729682376403,,,,,
20150115,1.080414236601069,,,0.9877718844401585,1.150323814683176,,1.1452010368931842,1.0547891783405976,1.1908759578091823,,,,,1.0093953953989243,0.7758577151579384,1.0249230300594896,,,,,
20150116,0.9996591318821302,,,0.9968164442020563,1.114990348939009,,1.136610818836316,1.003141715462049,1.1917039432386711,,,,,1.0418048293341813,0.7680709683430258,0.9676383528822736,,,,,
20150119,0.9346745364337096,,,1.0047561478075813,1.0874592254996354,,1.1090038002492606,0.9665939129906576,1.1489102290336581,,,,,1.031879253381138,0.7850588844212931,0.9120449866561782,,,,,
20150120,0.9700007756100367,,,1.0124620728960954,1.0464633226648552,,1.086677550112636,0.9354580371774643,1.118763532225045,,,,,1.0242801682181197,0.8020441875386392,0.8637598008360419,,,,,
20150121,0.9989040622087255,,,1.016662473592974,1.025160805143939,,1.0696503506869373,0.9187768905013801,1.0966641354511282,,,,,1.0167584208597746,0.8261909167381857,0.8338903264816735,,,,,
20150122,1.0042354910450375,,,1.0336492842877314,1.0165980247152462,,1.056563526528133,0.9188888568364796,1.0778229307493723,,,,,1.022306118030582,0.8521687610137799,0.8096204413965317,,,,,
20150123,1.0085975691838256,,,1.0406883386368597,1.0097300965530314,,1.0227041077267205,0.8783639574057419,1.0163168606635056,,,,,1.0255375173345291,0.9233381693602951,0.797659088544352,,,,,
20150126,1.012166542206462,,,1.0236525252672941,1.006732889324638,,1.0146886556956085,0.8519348368595451,0.9814960434541494,,,,,1.050101177454379,0.9290047664576258,0.7482632766968628,,,,,
20150127,1.0178156314322893,,,0.9858421970726884,0.9893089184340621,,1.0098526942335844,0.8200117168938145,0.9525052366601163,,,,,1.0404866367861678,0.9038876499498891,0.7085009535835736,,,,,
20150128,1.0224376135261406,,,0.964480743007373,0.9168080302812316,,1.0016867876284772,0.8030759985204216,0.9304030248300855,,,,,1.0326178891514917,0.8927680706688078,0.7063522315539144,,,,,
20150129,1.0619505705963153,,,0.940588774488445,0.8815579758111887,,0.9651027747597908,0.81515293525296,0.9039204949311945,,,,,1.0133899709076473,0.877453847807241,0.7656282231698968,,,,,
20150130,1.1173643783314184,,,0.9210145027121694,0.8781882142124529,,0.9566518861857958,0.8286488029396203,0.8925861424567393,,,,,1.0024949537757641,0.8777689857445317,0.7881265470968991,,,,,
20150202,1.162271586592134,,,0.8963883453066435,0.8898133507165672,,0.9670609744949363,0.8521976084374061,0.8992480527654757,,,,,1.002171173585693,0.8900328204463064,0.8118513620827922,,,,,
20150203,1.151710905764688,,,0.8862284499681236,0.9016727371526344,,0.9818945206953325,0.877618290264974,0.9050084872838821,,,,,1.0237185458136677,0.9050250074369909,0.8333926251712478,,,,,
20150204,1.153810673264001,,,0.8753280125866799,0.9041313940137409,,0.9927270083719196,0.9046035232380821,0.9142818714918943,,,,,1.0411950461821604,0.906098967871474,0.8536762187652125,,,,,
20150205,1.1778047419462558,,,0.864025227899974,0.9057379178658175,,1.0040059612844863,0.9292317560681544,0.9297239499789538,,,,,1.0485914038139044,0.9080596517900992,0.876600244860066,,,,,
20150206,1.1988230221729848,,,0.8735073501034374,0.9207937258283182,,1.0363222670240442,0.9762274086729168,0.9763279983783997,,,,,1.0605321882387144,0.9146090285434842,0.89018307601564,,,,,
20150209,1.217943763215834,,,0.8407609726592847,0.9296532843154424,,1.0324560107241703,0.9966730631241593,0.9921524039526634,,,,,1.0293186829458743,0.9335894836154346,0.9157670060325577,,,,,
20150210,1.2378446013754278,,,0.8339309964116758,0.9444406299199984,,1.0304252253330604,1.0269310185247091,1.0062353294271043,,,,,1.02252440444714,0.9690269847457467,0.9336059728692672,,,,,
20150211,1.2549287891483436,,,0.8274721677798428,0.9908174473856719,,1.0305110515834306,1.050713273654048,1.0179346454539686,,,,,1.0165333865276145,0.9775926641193134,0.9493575531496004,,,,,
20150212,1.255953796472658,,,0.8246746098462295,1.0254064613670482,,1.042047554213199,1.0717696885325982,1.0280353610603414,,,,,1.0172101552184225,0.9919181264175183,0.9451895162928352,,,,,
20150213,1.2597255934578002,,,0.8390846006014513,1.029376385417686,,1.0280851619606457,1.0767230737268592,1.029094831345192,,,,,1.0136141777244918,0.9896153321498387,0.9387588598142906,,,,,
20150216,1.2646549262287605,,,0.8630451505227137,1.0111003854121685,,1.010897937843352,1.0775537251103289,1.033275227147915,,,,,1.0156946841896262,0.9811485068285477,0.9339324391013601,,,,,
20150217,1.2689074881558076,,,0.8714896451723786,1.008390182224083,,0.9838888427901846,1.0144629232094777,1.0361749147585941,,,,,0.974470011636067,0.9658504337936391,0.9377937195127236,,,,,
20150225,1.264025860560125,,,0.886610243751372,1.0079305102695122,,0.9622816445556837,0.9839219475777448,1.0341487365463635,,,,,0.9566997569345688,0.9611950445696379,0.9340447267363933,,,,,
20150226,1.2402368073900318,,,0.898601098559076,1.013335672603575,,0.9396428692157263,0.9634968370315034,1.0154402385427437,,,,,0.9472574578807326,0.9650131806077239,0.9563440927548903,,,,,
20150227,1.2138207530428051,,,0.9076863963820618,0.997757749232976,,0.8962834762192835,0.9308347854246961,0.9904174333595578,,,,,0.9368568084992042,0.9666841397968864,0.9820022974292709,,,,,
20150302,1.1929817243357586,,,0.9511653762845114,0.9912481374315892,,0.8829836009363374,0.9481256387162106,0.9841819795059308,,,,,0.950848362926968,0.9754457879570645,1.025528496763165,,,,,
20150303,1.1347111875236306,,,0.9800788068519115,1.000068684976046,,0.887916691800852,0.9573787082495664,0.9865232145964566,,,,,0.9543803175680176,0.9817123093269946,1.0606817396988355,,,,,
20150304,1.0882147720787936,,,1.0123212497950413,1.0065295107522891,,0.8924608094376913,0.9655134708440528,0.9895714544698703,,,,,0.9632518893779343,0.9988703390217393,1.0778165850805848,,,,,
20150305,1.0614844830672732,,,1.0638925011797615,1.0146057080277304,,0.9091276377723195,0.9737147347065798,1.0069418328350361,,,,,1.002873121127758,1.015606033383389,1.10133163495213,,,,,
20150306,1.0294653722202023,,,1.0817656811469005,1.0090409786422598,,0.9152222864470014,0.9781770633438709,0.9934469851831701,,,,,1.0315153077704398,1.0323816974577065,1.1259333083925636,,,,,
20150309,0.9978884309560905,,,1.0971184545741755,1.014359169684716,,0.9254122718843645,0.9858277797779285,0.9804187446268,,,,,1.0400413360236613,1.0488390627672428,1.1438979357490446,,,,,
20150310,0.9955957760769268,,,1.1164852657760058,1.0180579344861507,,0.9475322675931469,1.0309586227547738,0.9810659803268962,,,,,1.0663002144488958,1.0739885868528312,1.1604453898968612,,,,,
20150311,0.9729040711051465,,,1.1280976513166456,1.035207776685249,,0.969962530725482,1.0527063671111654,0.9859282272054946,,,,,1.0830890793761097,1.096208637306922,1.174350571610533,,,,,
20150312,1.0005648906625746,,,1.1215152745688883,1.010243932787604,,0.9983360346103364,1.0644404369800762,1.0162544404955036,,,,,1.0815053165573114,1.1037034465972622,1.0956062572242153,,,,,
20150313,1.030177684058095,,,1.1111150304156765,1.0049914273161584,,1.0392780601834,1.0830050691875535,1.0506970749058746,,,,,1.0846897405905853,1.1142505139087266,1.0321842404574444,,,,,
20150316,1.058336066322381,,,1.078409627736039,0.9973202544845443,,1.0461383119370278,1.0132376175322722,1.0553292268032461,,,,,1.0707708872161126,1.0897663935609043,0.9768298577013127,,,,,
20150317,1.0837255504137289,,,1.0401294633353522,0.9681645405924028,,1.0546131692333085,0.9664248688695626,1.0564382500363352,,,,,1.0410656855411795,1.0700908902739528,0.9343136507269911,,,,,
20150318,1.1035606424622062,,,1.0074222851308876,0.9434835834803498,,1.0674060833755536,0.9336691230051707,1.0614759747402858,,,,,1.0163774105620182,1.0575942324951488,0.8978947116549842,,,,,
20150319,1.1131908856548187,,,0.9471157914802621,0.9224541715474691,,1.0727872468834854,0.9127473857508019,1.05967896595645,,,,,0.9817448335101902,1.031294422683455,0.9107203258529294,,,,,
20150320,1.1107730092885837,,,0.903390132490559,0.9134655704558048,,1.086448296721242,0.9169844845284946,1.0737080084771506,,,,,0.9589584853630339,1.0217608761836,0.9210678335414887,,,,,
20150323,1.0897684145370403,,,0.8971235708015484,0.9326987976141627,,1.1133131411175445,0.9355415898714832,1.0930013664790983,,,,,0.9483936599377775,1.007820730125343,0.9199684748331081,,,,,
20150324,1.0751891428872502,,,0.8827803623094513,0.9192364453838189,,1.1365700260985208,0.9523562164938649,1.1065624601748894,,,,,0.9493085614376079,1.0262750787612827,0.9032423692169184,,,,,
20150325,1.0651349367106684,,,0.8742927176555855,0.9050515520823235,,1.143519429560274,0.9446486663631039,1.106074907469262,,,,,0.9647881335703271,1.0411120458477858,0.8951133671715443,,,,,
20150326,1.0424063801959058,,,0.8751472460615086,0.9105994324548397,,1.1324020277831781,0.9419413143069028,1.0687762915360353,,,,,0.9816768852791767,1.0412939582517253,0.9252079113376939,,,,,
20150327,1.0186300822499283,,,0.8849797188505663,0.9241435150257186,,1.1223211596361367,0.9612705605888388,1.0401074206625032,,,,,1.00659856135072,1.0394352704269438,0.9464728742366683,,,,,
20150330,0.9583702582137076,,,0.8944199922319271,0.9373166402828543,,1.1134501349413302,0.9968234221323528,1.027889031532801,,,,,1.0284419208748479,1.0554942317624139,0.9919268246345336,,,,,
20150331,0.9040800547558394,,,0.9050272549897823,0.9653041876697316,,1.1116223908238032,1.0233017575787078,1.0187733063201212,,,,,1.051322023545422,1.0649622209582676,1.0559358605985203,,,,,
20150401,0.8606573053953075,,,0.9105810395646655,0.9872839562279971,,1.0637200249286554,1.048136118720686,0.9674560638075073,,,,,1.0581807928581353,1.0475720619502653,1.1095438710533554,,,,,
20150402,0.8163229354742122,,,0.9561940833391315,1.0089053186805614,,1.0286585607842198,1.069474084967372,0.931531860581357,,,,,1.070807272338579,1.0401844324966607,1.1435661893421856,,,,,
20150403,0.7795671962659978,,,0.9974263071701266,1.0287705958264146,,1.0352201148328282,1.0963625351821513,0.9454103168414577,,,,,1.082277396114657,1.0508832264129009,1.1696947931756796,,,,,
20150407,0.7557738166284481,,,1.0127835092772406,0.986591676430459,,1.0033052689928825,1.1005956569846447,0.9194502465849725,,,,,1.104748929909859,1.061260824321598,1.1899917013578636,,,,,
20150408,0.7381628606851102,,,1.0373287744450073,0.974537901864036,,0.9528492321605342,1.1052973581265555,0.9064719791179,,,,,1.1206143693606454,1.0260570512835039,1.2086197767215903,,,,,
20150409,0.7273789026015194,,,1.0565866079482418,0.9817067798389594,,0.918415872669651,1.1257801156426617,0.9016552898571598,,,,,1.1170849094019808,0.9951158794243099,1.2227833773080308,,,,,
20150410,0.7093898306680118,,,1.0707974874597015,0.983541572382027,,0.892902461543234,1.1295744417167148,0.9194470504409182,,,,,1.120878111036606,0.9774768957263202,1.2232528666611313,,,,,
20150413,0.6932280219626122,,,1.0706402937303712,0.9969637479019824,,0.8739491603754401,1.123743161729262,0.9352297479322234,,,,,1.0969574440712708,0.9618840033155649,1.2423787602299112,,,,,
20150414,0.6746628520572175,,,1.0686038666428483,1.003655347710148,,0.8583917308099438,1.1115054061537104,0.9475271949198271,,,,,1.0707789915255483,0.9459864597535619,1.2196997330457695,,,,,
20150415,0.6646076161990362,,,1.067304714626664,1.006037559230832,,0.8473217685899115,1.087950414196444,0.958090150466397,,,,,1.0475121437167745,0.9302142382820767,1.1717701911078169,,,,,
20150416,0.6496727302476378,,,1.0699796233128815,1.0095700359220003,,0.8714496228947882,1.085236779786944,0.9955864576198981,,,,,1.0309154265621059,0.9599071551516858,1.1345729026972688,,,,,
20150417,0.6594649439589113,,,1.0353774515907674,1.004432871860053,,0.8864911639093763,1.0764266970595209,1.0261407580346793,,,,,1.0237061374927885,0.9752677686418548,1.0867254663208825,,,,,
20150420,0.6733161189306414,,,1.0226347778925144,1.0001771613872377,,0.847771072655081,1.0648967265265994,0.9791770587856138,,,,,1.0177881471027583,0.9568378048894204,1.0511196048280922,,,,,
20150421,0.6637854137951918,,,1.007249589419306,1.0456729924949517,,0.838126437455726,1.0225764439599212,0.9655631932532281,,,,,0.9944738313978937,0.949321909212021,1.028971698944447,,,,,
20150422,0.6582056730585818,,,0.9982911763802785,1.064691560070789,,0.8592211267833391,0.9871354095679806,0.9453415635174012,,,,,0.9649724406525813,0.9675553833302769,1.0061267506496094,,,,,
20150423,0.6411523272812417,,,0.9916914424440022,1.0374252331662435,,0.8690318702721564,0.9406591926620845,0.9189078925301448,,,,,0.9519193517571132,0.9788975152070488,0.98468082283823,,,,,
20150424,0.6381530158150445,,,0.980268103123334,1.0145693378576182,,0.8824386513817566,0.9270366460013222,0.8984479192999667,,,,,0.9220780867861619,0.9797106262776272,0.9664819665210034,,,,,
20150427,0.6433580624209496,,,0.9797695568581444,1.023543950550934,,0.897960506090181,0.9266465504962558,0.8946693821560496,,,,,0.9140851589573544,0.9845144966942816,0.9200095891131677,,,,,
20150428,0.6873123205766292,,,0.9825353027586708,1.0344322161570554,,0.9090876912691568,0.9087512223908579,0.8890693045926927,,,,,0.8823853956024325,0.9914560817544945,0.898855168116935,,,,,
20150429,0.7239137368609637,,,0.9843164150374851,1.053962572846973,,0.9340075194620496,0.9038416123288394,0.8888015164030209,,,,,0.8766491858123634,1.0103528332219065,0.918721298939744,,,,,
20150430,0.7617051271562865,,,0.9632012311385179,1.069400377414903,,0.9400302346269134,0.8813979604282323,0.852089018081908,,,,,0.8647377558210416,0.9577833345874048,0.9213253633346711,,,,,
20150504,0.8318940865329749,,,0.9732945550672635,1.0748891901421396,,0.9496126543522696,0.8536497681903237,0.8227036836283544,,,,,0.8618766264749795,0.9132841315589691,0.9410564742049464,,,,,
20150505,0.885701427736158,,,0.9688335653360713,1.0786862181905625,,0.9923027434635348,0.8442007843552545,0.8388521747562672,,,,,0.8577461216291705,0.8778430348795601,0.9369956147009646,,,,,
20150506,0.931260615321964,,,0.9393159191475471,1.0712197048396719,,1.0311848543651478,0.849198867751231,0.8498673137386247,,,,,0.8853476502302351,0.8427149924670586,0.9298885841115472,,,,,
20150507,1.00559805480978,,,0.9313878044153308,1.0837008486964483,,1.0574049465827529,0.8701085423674733,0.8819918805708954,,,,,0.92095494983901,0.8306292583202718,0.9325593862801155,,,,,
20150508,1.079811769857745,,,0.9358293265815971,1.1137212411074404,,1.072363732584911,0.9132995527885431,0.913596199739706,,,,,0.9509523339395618,0.8286257228444309,0.9384118662327937,,,,,
20150511,1.1424992994812728,,,0.9484619335546989,1.1387568709754587,,1.0589587819225585,0.9342908909545636,0.9382831413419206,,,,,0.9838854065858251,0.8136494804366097,0.9242806530734954,,,,,
20150512,1.1928415290284118,,,0.9514388673451833,1.104853718728207,,0.9882564297791656,0.9303673655494753,0.903827253047583,,,,,1.0064170928659222,0.7971855432418056,0.9234433129234966,,,,,
20150513,1.2337496933078134,,,0.9577887568334971,1.0774984048814489,,0.9441438004012804,0.9373591857938011,0.8771623720329446,,,,,1.04681277441067,0.7851479586980888,0.9205478832713447,,,,,
20150514,1.2669283662612552,,,0.9549741004178046,1.0609637057801884,,0.9060101503986392,0.943096397205261,0.8585820581412302,,,,,1.0612514925340704,0.7607353764917799,0.8782314208031037,,,,,
20150515,1.2918561477473227,,,0.9641823346729713,1.0272065390524618,,0.8486727289241325,0.9565294860917775,0.8509313881036709,,,,,1.0755069367354242,0.7725402147934981,0.852304367894825,,,,,
20150518,1.2947262371956485,,,0.9796585587777424,0.9584780369493172,,0.8064229696429844,0.9690080837369163,0.850839216196236,,,,,1.0755076411466031,0.7903132217776296,0.8207129434719516,,,,,
20150519,1.287763741152857,,,0.9769508619491757,0.9014492464354931,,0.7769888313786492,0.981540173491153,0.8500173404763607,,,,,1.0805558328615459,0.8304493545414532,0.7957859305582977,,,,,
20150520,1.2633837740975717,,,0.9835910990477138,0.8941951893416392,,0.7606710426499925,0.9905544172174523,0.8498503162991239,,,,,1.0159972209626849,0.841483681418452,0.7924034332000843,,,,,
20150521,1.2370734322963945,,,0.9958505152103606,0.8947718594974913,,0.757824535308285,1.0018171175902348,0.8687955584588182,,,,,0.9768595506684364,0.849757770415829,0.7967851659966122,,,,,
20150522,1.1843769446362917,,,0.9935796407069499,0.8982287649232885,,0.7716793726749277,0.9921458146466229,0.88333712876237,,,,,0.9579554123581401,0.8497555799619195,0.7814646424260699,,,,,
20150525,1.1115728013801063,,,0.9678763892418863,0.8999560414621348,,0.7956443069892127,0.9961361478166512,0.8934629727313156,,,,,0.9397866428586262,0.8604343707263202,0.7837435604035601,,,,,
20150526,1.0655033041757729,,,0.9549608578896209,0.9448240464014273,,0.8522906190106606,1.0020163619999511,0.9201843036991063,,,,,0.9324627002663199,0.8728579856851818,0.7937151023868722,,,,,
20150527,1.047013604008122,,,0.931392765830821,0.9830998109824713,,0.8916942478606634,1.003545020207918,0.9416255291001555,,,,,0.929669977418362,0.8829395646452398,0.8052095777933619,,,,,
20150528,1.0320360703926297,,,0.916283955916158,0.9949775725347151,,0.9255408925721306,1.0022459675378286,0.9604388325604177,,,,,0.9308313445131731,0.9015934167866263,0.872634649939826,,,,,
20150529,1.0091217981262395,,,0.9046217695262618,1.0159478380462181,,0.9718804745922569,0.9984278740497711,0.9867792719225397,,,,,0.9354493793684342,0.9311441789390682,0.9245364602289579,,,,,
20150601,1.0338504404195406,,,0.8778019309727285,1.0568251605658465,,0.9877134593417932,0.9960942025169092,0.9852174664097273,,,,,0.9540112751881108,0.953523443787002,0.9676034936913479,,,,,
20150602,1.0538933010490683,,,0.8506781299627273,1.0869006797322778,,0.9772972948879919,0.988549114974191,0.9574404596644335,,,,,0.9632991928446166,0.8964340921441698,1.0008904362035063,,,,,
20150603,1.058353095115113,,,0.7424771083445575,1.0432570482548378,,0.9722668070694972,0.9594033145775896,0.934186976345924,,,,,0.9543071215027876,0.8692988226896732,1.007477366246231,,,,,
20150604,1.0703206031718133,,,0.7484178025957863,1.00785181415306,,0.9552317486563284,0.9177300112409166,0.8758846725575362,,,,,0.9548739050986638,0.83733017775875,1.0144766250547825,,,,,
20150605,1.0785894740659914,,,0.7647944866709053,0.9841601452056783,,0.9106227311889311,0.9140713814170071,0.8322940687949781,,,,,0.952242990430784,0.8146347079686421,1.0253235635332838,,,,,
20150608,1.0888154862404964,,,0.7937619065578833,0.9674968877031688,,0.8783108531352277,0.9028716718965482,0.8152055717437507,,,,,0.9050268842165051,0.8111481898026177,1.0397645638020165,,,,,
20150609,1.10243732235731,,,0.8154130898206062,0.9255142955757659,,0.8112116287896025,0.9007763978344547,0.7904068049614156,,,,,0.8699903744527924,0.8085422314379354,1.052422438076532,,,,,
20150610,1.1005061511262382,,,0.850476528011295,0.88837153902164,,0.8322690078261821,0.9015893027650628,0.8162605687268201,,,,,0.8504312460685591,0.8189318116167023,1.062806658618767,,,,,
20150611,1.0990165515282362,,,0.8793479746922623,0.8645398675101555,,0.8416054371860093,0.9014475353902732,0.8273296012875608,,,,,0.838905540299958,0.8596547087330388,1.0198697527591047,,,,,
20150612,1.1046709558540388,,,0.9314072756187315,0.8533702692397066,,0.8652056782787511,0.9072447871413126,0.85762807495047,,,,,0.8570279317100477,0.8776917090712485,0.9942223138868465,,,,,
20150615,0.9669885797227328,,,0.9802215229772192,0.8440635531368222,,0.8992678378944666,0.907806504796496,0.894247400367943,,,,,0.8610313199942952,0.9017678176959323,0.9804055437068311,,,,,
20150616,0.8397669542737162,,,1.0298344160248727,0.8419264236971101,,0.9416737250051768,0.9026964251902803,0.9433062389713016,,,,,0.8433781543033356,0.9728047249101682,0.9410219519049304,,,,,
20150617,0.7520866576230992,,,1.0839366476692178,0.8608102860247209,,0.9885019327810628,0.9115971397188963,0.9929230128262635,,,,,0.8482516243870089,1.021073585423459,0.8963512087576198,,,,,
20150618,0.6730089476350793,,,1.0949809213009387,0.8745153507353401,,1.0362884402463857,0.9415156113125684,1.0536408276315452,,,,,0.8539645678165582,1.0736716653818612,0.8477421418667835,,,,,
20150619,0.6118006586560766,,,1.1045064199270496,0.8879681513661571,,1.0844678737965445,0.904093270387887,1.103726745059848,,,,,0.8681026519347722,1.1100457984298384,0.8079767296843008,,,,,
20150623,0.5653041969178481,,,1.1139689400161754,0.905671872285995,,1.1165869599481453,0.8809802620624437,1.1333644410166694,,,,,0.9091923628042324,1.1454657758383138,0.7765088167893157,,,,,
20150624,0.5305743083817865,,,1.1315846772132607,0.9395201102362236,,1.1582668386105466,0.8593063114982683,1.1660306703131849,,,,,0.9474635734468334,1.1751858516250766,0.7575274177167057,,,,,
20150625,0.5205408038770132,,,1.1338005889784752,0.9731780062352933,,1.130813299653589,0.8367000264857721,1.1447409357538376,,,,,0.9491625283879326,1.1933612854374018,0.7410734439748214,,,,,
20150626,0.515458174200397,,,1.135470488119862,1.0023781002552603,,1.1238384788027396,0.8196857148413116,1.1260349910094978,,,,,0.9505660334659063,1.1697038847432188,0.7351451160399903,,,,,
20150629,0.5112996590104383,,,1.0658657583920355,0.9854505173098773,,1.1068599783587763,0.790993708114913,1.0965979554060603,,,,,0.9087433784330778,1.1655914495351287,0.7286437859939778,,,,,
20150630,0.6156539344193621,,,1.060545081810063,0.999773497654861,,1.081179288698603,0.7787664921447308,1.0671980014833087,,,,,0.9414624422716426,1.1562645317185143,0.7684927030720455,,,,,
20150701,0.6750950905609321,,,1.050994609467198,1.026380949360231,,1.0587727089473795,0.8003797815750469,1.0404170254064815,,,,,0.9834830811709915,1.10485016529652,0.8205923768307648,,,,,
20150702,0.720638338773638,,,1.045775407310645,1.0552038748434818,,0.9931684292262123,0.8056128874826914,0.9751084072244911,,,,,1.0293325378941816,1.067801652089822,0.882458051045708,,,,,
20150703,0.7566878067228331,,,1.0618415503066367,1.0775121324991632,,0.9402910015973237,0.8094641260082817,0.9303414868785002,,,,,1.068422763024787,1.027259390345677,0.9405247438289966,,,,,
20150706,0.7750912607194975,,,1.0898933342320538,1.1020360472095587,,0.9430391885159151,0.9034715166651855,0.9386954265417392,,,,,1.1053676882838162,0.9867881129045017,0.9958058662872521,,,,,
20150707,0.7978344744657163,,,1.1151756184138126,1.1127491931550157,,0.9712491588171541,0.9849555190845236,0.958405569566392,,,,,1.1320219270998024,0.993402745435645,1.0439422247115027,,,,,
20150708,0.8333005995112212,,,1.12472107428383,1.1251162696675578,,1.0003196872210316,1.0530530427740843,0.9682698970215423,,,,,1.1488017383601057,1.0127675250905013,1.076422332378655,,,,,
20150709,0.8939805188027831,,,1.1487167494405826,1.1421557254616888,,1.0697081732191709,1.1214497593308532,1.0379104607186314,,,,,1.1901480967724785,1.067893602055971,1.132295965983363,,,,,
20150710,0.9402998554459208,,,1.1703880895537997,1.1564521173185702,,1.1213449883604696,1.177410709240937,1.0932728492726063,,,,,1.2243467932801557,1.1178277823669636,1.181595366849226,,,,,
20150713,0.978197494517579,,,1.195119678179095,1.1831058135825407,,1.1643940871105674,1.2235120823445695,1.1392001921935808,,,,,1.2510312834330917,1.1573984560343678,1.2211264361112977,,,,,
20150714,1.0070377062427647,,,1.2070426941792376,1.1860392864112426,,1.2008669913856296,1.2588211462516057,1.1777521102548678,,,,,1.2616667231529972,1.190246085144189,1.2398474207021026,,,,,
20150715,1.04280157410968,,,1.2224116182382412,1.1602649503955684,,1.229991057497066,1.279496331250318,1.21002855173671,,,,,1.2693950392974973,1.2250865054394662,1.2556769530371317,,,,,
20150716,1.0791623416251106,,,1.2346942489388881,1.1382936268337922,,1.25634275686605,1.29845408231655,1.237729516332063,,,,,1.2584101377752925,1.2515476066129834,1.2641926012972704,,,,,
20150717,1.1039485110138048,,,1.2389584491220988,1.1213003606716585,,1.2777408656525349,1.314641218277567,1.2614545915601634,,,,,1.248718075237233,1.2753521510248882,1.2712554600159303,,,,,
20150720,1.1262810034078228,,,1.2220525762657344,1.0877818116045286,,1.28978957045119,1.3153796280238805,1.2700613469347948,,,,,1.2370757015589813,1.297764922304929,1.2746871079416413,,,,,
20150721,1.1197809364471107,,,1.1939354210626199,1.0605912499463717,,1.2860380678967636,1.2965738170500982,1.2645529317506403,,,,,1.2175957923144873,1.2999299670181708,1.2631724890541263,,,,,
20150722,1.1230513902419066,,,1.081880354359321,0.9733276115344525,,1.2438665937712299,1.2145459819077515,1.2338328787652915,,,,,1.1406493159992408,1.2454125350078695,1.2218918853593417,,,,,
20150723,1.1043894540194692,,,0.9862785066966112,0.8763516458237525,,1.085619546474875,1.033998228322818,1.0892727391364867,,,,,1.0076733193549101,1.1177690511010019,1.0906769834658052,,,,,
20150724,1.0932326606356046,,,0.9074279306193785,0.8525269450463164,,0.9786451758409667,0.893846074230206,0.9995617350680397,,,,,0.8997711759121261,0.9999388340240682,1.0151053461647577,,,,,
20150727,1.0872531874985503,,,0.8721603266194055,0.8386101754262767,,0.9077460787528314,0.7946538722402409,0.9433062059885561,,,,,0.80109316025557,0.9234206112692456,0.971559499127909,,,,,
20150728,1.0845460404389629,,,0.8496874456217305,0.8437482774198987,,0.8525318910574251,0.7163357481202112,0.9078240885539611,,,,,0.7234353597456126,0.8584409368681082,0.9421079962043781,,,,,
20150729,1.086560513508846,,,0.8164826534193856,0.8602418663003283,,0.8125426915287551,0.6627369303925756,0.8800846375083404,,,,,0.6616148001397267,0.8048996627336833,0.9264465214558305,,,,,
20150730,1.0854803486090443,,,0.7887573487450269,0.8710044883615436,,0.775169904392537,0.6140560476554513,0.8547562516340309,,,,,0.6146255836262422,0.7626222601229234,0.9141121004931746,,,,,
20150731,1.0630428284594762,,,0.7664715892584772,0.8794027267361882,,0.7447787334749446,0.5781691191304396,0.8336307306230387,,,,,0.5745047503384035,0.7236162503485545,0.9059198813946506,,,,,
20150803,1.030604363574846,,,0.7776668190241175,0.8973261006753994,,0.7236028026909328,0.5546804446081803,0.8248222722230469,,,,,0.527961283422497,0.7126224961385567,0.8947196072590502,,,,,
20150804,1.0144418660082735,,,0.7979969904981409,0.896510208993578,,0.7236273334665014,0.5430706271583092,0.8305003098074784,,,,,0.4942004244302296,0.7098455829077277,0.8925531517909205,,,,,
20150805,0.9956233383779615,,,0.8541290758933899,0.9291704416213955,,0.7380667222315335,0.5624721326901456,0.8407109448131918,,,,,0.5130453085465565,0.7292468539152942,0.9056626807437711,,,,,
20150806,0.997270800568267,,,0.9062023483768894,0.9746388653734369,,0.8378792041255066,0.6965135862663404,0.9228306619851774,,,,,0.6176535580634867,0.8053144303099138,0.9640105108461701,,,,,
20150807,0.9972946617159745,,,0.9700537478518114,0.9442515463553897,,0.8964734439100897,0.7890982446899578,0.9689241135270901,,,,,0.7088452442693133,0.8889622970559204,0.932981924418915,,,,,
20150810,1.007775718525782,,,0.9867703064521884,0.9087992222442094,,0.8933194795329386,0.8103693962631275,0.962705607446124,,,,,0.7948192070509342,0.9441577796533616,0.8953721497936793,,,,,
20150811,1.0133893125507543,,,1.0044879538536682,0.8528655594427855,,0.8991942758783389,0.8396596499322195,0.9648513343600958,,,,,0.8657492836386924,0.9948471795821644,0.8611232660145555,,,,,
20150812,1.0141911572003837,,,1.0274842955720211,0.8191772086852529,,0.9017103943379893,0.8519253595037596,0.9670912120091312,,,,,0.9232548707840015,1.0372101808527143,0.8350751674921468,,,,,
20150813,1.0003629161270657,,,1.0466641605774123,0.807624671322166,,0.9054499088587804,0.8668759910695479,0.9685971641630983,,,,,0.9791508411617545,1.0783836822070676,0.8035843954160781,,,,,
20150814,1.0028890559765846,,,1.0656307730121255,0.8074854839786869,,0.9086952979815939,0.8799605591888613,0.9669938711549951,,,,,1.0337094979375985,1.1173524035502853,0.792604048823302,,,,,
20150817,0.9834595337548167,,,1.0518217037001472,0.8005223862518074,,0.9119235245950122,0.9108945489312202,0.9599797746777644,,,,,1.081919865310105,1.1156839791861146,0.8096681033343813,,,,,
20150818,1.0147216858679424,,,1.0363144961685176,0.8019758178221209,,0.919151776783359,0.9383006423912144,0.9609780946973228,,,,,1.123707388596753,1.117419647402602,0.8274951444141566,,,,,
20150819,1.0399031709284547,,,1.0272420845814503,0.8055733997478679,,0.922652334474731,0.9604748241316778,0.96324433905723,,,,,1.1409470731467881,1.1169342227913686,0.8546520227416264,,,,,
20150820,1.0600635217615075,,,1.0204139388415698,0.8100626016092661,,0.9227748611140613,0.9816675222704827,0.9618921769516662,,,,,1.1320015663190606,1.0958491630495104,0.8828477113533656,,,,,
20150821,1.0734129470664955,,,0.9705897089877403,0.8587380084535708,,0.9278505001195422,1.0091772648243886,0.9629477999982055,,,,,1.1198484401511748,1.0769852374918345,0.9310130311338947,,,,,
20150824,1.0632635613235115,,,0.9255935187616221,0.9362790418939584,,0.9640342696553952,1.0591693251336112,0.9955351181375046,,,,,1.1250239542244687,1.0833858613550822,0.9872077090202681,,,,,
20150825,1.0650319777359056,,,0.8893875331480517,1.0108853869112868,,0.965311961815744,1.0756922371017943,0.9799460522000807,,,,,1.1373114879895578,1.082423549791151,1.0303730548694163,,,,,
20150826,1.0613928909768562,,,0.8782627231306093,1.0622557949943976,,0.9622700023586052,1.088782769228045,0.969116534299008,,,,,1.1428961136849138,1.0740379633295265,1.0451784486818017,,,,,
20150827,1.059918969678008,,,0.9183943920481661,1.1007555911937568,,0.9912243122132824,1.096245172095255,0.9733074518737915,,,,,1.1492126591210157,1.0516724643633453,1.0695530152130892,,,,,
20150828,1.0640230336237109,,,0.9511356307730748,1.1334362774030862,,1.0224623285655092,1.1073863341604036,0.9951753562764111,,,,,1.1582931816346205,1.0456232371245044,1.097593590892996,,,,,
20150831,1.0938588198943753,,,0.9833617793922983,1.1622211030611451,,1.0426206956173503,1.1024523413822394,1.0085645077410499,,,,,1.1675607370938652,1.0560642803799085,1.1230105648877011,,,,,
20150901,1.1216824696655638,,,1.0144908828474342,1.1865843547934165,,1.0571572404425813,1.100611894390149,1.023263299779436,,,,,1.1825106283746474,1.0625643041719113,1.1458032121386523,,,,,
20150902,1.1458266942912572,,,1.0488176304202987,1.203931550189464,,1.0722688628393988,1.097957978834913,1.0342920818755055,,,,,1.1984359039059853,1.0671034486681124,1.1434672273562327,,,,,
20150907,1.1658023033132063,,,1.0769312251282022,1.2215831291621566,,1.0855966103339605,1.096039351042735,1.0442889067715986,,,,,1.2125061732232945,1.0774093798069988,1.140304053168917,,,,,
20150908,1.1835063109199058,,,1.110890134069122,1.233045828515745,,1.1007993754953862,1.092957126824548,1.0589326397563106,,,,,1.2249363452134072,1.0888261185116113,1.1460738025184465,,,,,
20150909,1.1782508995332754,,,1.1180772423917429,1.1485481395205959,,1.059105896645412,1.0368541407983682,1.0023307221281068,,,,,1.2075225800109164,1.0762640175120313,1.1116997487758695,,,,,
20150910,1.1090087415998278,,,1.1215738114678657,1.0790858226506017,,1.032424217532104,1.0006944319343505,0.9733517954576091,,,,,1.1300327204408886,1.0479187311963476,1.0868870213498574,,,,,
20150911,1.0563448117567538,,,1.1283927300896501,1.0132900480191114,,1.0136124742555657,0.9740148101083832,0.9525611232287557,,,,,1.065193644146418,1.0164062455735907,1.0772801443593572,,,,,
20150914,1.0313131943004998,,,1.1064686992084842,0.9605318968369065,,0.9642166499334717,0.89491516852992,0.9347182933784287,,,,,0.9901704229585151,0.9907511346390458,1.0596357843396154,,,,,
20150915,1.0331854395486415,,,1.103022300325967,0.9231518172567844,,0.9056979646911455,0.8435400222922398,0.8880377450764405,,,,,0.9394302232609872,0.9442086151803805,1.0384912508758122,,,,,
20150916,1.024573391174811,,,1.1038876180643866,0.8953157116830073,,0.8564248958593494,0.8075471741562996,0.8513976390515359,,,,,0.9023724224469384,0.868098550687233,0.9623562150603245,,,,,
20150917,0.9768720865139031,,,1.1036694264111633,0.8761286656219485,,0.8175200157066538,0.7722304374676657,0.7888729263252016,,,,,0.8524790514649466,0.8111206826242491,0.9006371738671026,,,,,
20150918,0.9385818327718355,,,1.0690372189074935,0.8456799120586543,,0.7884133799122092,0.7343176966087598,0.7407278303022157,,,,,0.8149641150569127,0.7668740209170937,0.857854245358386,,,,,
20150921,0.90649094332023,,,1.0422539191077669,0.8146885450209217,,0.7696523852076665,0.7093874049496094,0.7217240731288592,,,,,0.7878172712375154,0.7269834929702876,0.7987618064840443,,,,,
20150922,0.8776392599528593,,,1.0321918982217602,0.786506749688334,,0.7541400576772975,0.6843561793055813,0.7059327195836487,,,,,0.7670637084543668,0.6914703895165815,0.7481056317690103,,,,,
20150923,0.8473072279403041,,,1.0306384097326693,0.8141168766618948,,0.7607531100220143,0.6924514723164199,0.7184602416591346,,,,,0.7632452304395309,0.6854340389751141,0.722774742280332,,,,,
20150924,0.8268788807655401,,,0.9747881769243733,0.8254135186343369,,0.7540977187931635,0.705491466974202,0.7286032392428482,,,,,0.7719619553047561,0.6981035885143948,0.727986885474995,,,,,
20150925,0.8159453478927379,,,0.9289772229089479,0.8451340158048715,,0.7540304879802437,0.7161083150184906,0.7403873281192486,,,,,0.7706087262293078,0.7198874932684227,0.7315427263857384,,,,,
20150928,0.7918611224324918,,,0.8917402767131583,0.8611171013246961,,0.7797879362431145,0.7949206359811367,0.7546764057823818,,,,,0.8061095989049242,0.7218480462962803,0.7404632219548809,,,,,
20150929,0.7239019350906591,,,0.8346810626891595,0.8893670364978357,,0.8169650102689694,0.8278741889494269,0.7955604486336082,,,,,0.8306564658944735,0.7558395755352886,0.7526346133334663,,,,,
20150930,0.6678547786347087,,,0.7859957988176887,0.8858191151869497,,0.857598121164091,0.8533191571106953,0.8310181708720105,,,,,0.8158337014427385,0.8108896542292934,0.7845239594406132,,,,,
20151008,0.6365015416120808,,,0.7562921179829186,0.8896184006446719,,0.9007701147491599,0.8779451477663999,0.8998367714699436,,,,,0.8788606725607908,0.8798094219694744,0.8419431150567578,,,,,
20151009,0.6703983338211033,,,0.7697579885788756,0.9389959112292384,,0.9470304582804552,0.9404153801656269,0.9718050572501049,,,,,0.9292280284365235,0.9425814610621125,0.8939425639771036,,,,,
20151012,0.6969349637494127,,,0.7810748983801693,0.9839206212579071,,0.9874519556936665,0.9801905287462414,1.0244730933163018,,,,,0.9706783734463766,0.9990117763457196,0.9517958894758548,,,,,
20151013,0.7205118389718054,,,0.7710217215929129,1.0183429733420075,,1.0191228587885297,1.0151263399370571,1.0690727790513042,,,,,1.007441856485494,1.0487226498477515,1.005410324568198,,,,,
20151014,0.7502273206409636,,,0.7653325600203843,1.0489805270743486,,1.0536862155721267,1.0481036385749003,1.1088403971819478,,,,,1.0377039510240715,1.0799240669534294,1.0527756679886895,,,,,
20151015,0.7839822898982205,,,0.7937862770208494,1.0775741301618886,,1.0865421739045042,1.0728403926808867,1.1384015704584904,,,,,1.0679795760996003,1.1026403108367029,1.0428713891378867,,,,,
20151016,0.8090548889016179,,,0.8161536730377037,1.0980629848591652,,1.1034009112963008,1.0875821812169582,1.1562437120423625,,,,,1.0945667719826482,1.1179220082038774,1.037443298649122,,,,,
20151019,0.8426847569386992,,,0.8415558671521232,1.1236702730104442,,1.1147131829742984,1.0914169654640549,1.1732820847114933,,,,,1.0917375922421138,1.145008980005695,1.0372554965450498,,,,,
20151020,0.9067513678855315,,,0.8941063731744675,1.119700156915438,,1.1221898885333919,1.1029258026509154,1.1786262753011116,,,,,1.1017353352332784,1.1564097036627323,1.0276484896719063,,,,,
20151021,0.9421646777761923,,,0.9601179758501843,1.1355422562838322,,1.128214880575239,1.1266233774691556,1.1852209600440957,,,,,1.126473797596898,1.1708350280959787,1.0317712534471626,,,,,
20151022,1.0084551065983758,,,1.004591348062509,1.1447407526449522,,1.127416317045487,1.1456644037144197,1.1809296442374928,,,,,1.0656301661651744,1.1330260256612938,1.0135261136979585,,,,,
20151023,0.9819784127309397,,,0.9837337267100132,1.0632686015320534,,1.04417107675588,1.0605004015351533,1.0731292572825013,,,,,0.9890332553480652,1.0030246051510645,0.996919360615859,,,,,
20151026,0.9609939187447222,,,0.9772908010467926,1.017129028389249,,0.9898385953068446,0.9932754146332637,0.9951773261171344,,,,,0.9251349801190203,0.8831694031921303,0.9550660361074244,,,,,
20151027,0.9438247873014534,,,0.9853794798531617,0.9767137705462523,,0.9565506304433083,0.9321696401024384,0.925604787698522,,,,,0.8798561997746122,0.788324112033105,0.9212681232882589,,,,,
20151028,0.9442777343825076,,,0.9922574064043488,0.9486853611186001,,0.9135108230883626,0.8921328421948117,0.869805513129848,,,,,0.8443340975008051,0.7190689453212618,0.8935081994763542,,,,,
20151029,0.944143853000264,,,1.0058908183470625,0.9319214957683464,,0.8792668008000086,0.8528691922468953,0.8253021461381641,,,,,0.8289422098950734,0.6723254532051925,0.9044951855854358,,,,,
20151030,0.9468259156563203,,,1.0093552103111887,0.9223516569599595,,0.8540131704309466,0.8303363863814179,0.7978117670212409,,,,,0.8169491120568025,0.6236939107802596,0.914453380540151,,,,,
20151102,0.9493816918481226,,,1.008430773195169,0.9096518355724987,,0.8388225552456576,0.8131764129431701,0.7801049994554915,,,,,0.834970823341079,0.6180782542546428,0.9331590090128572,,,,,
20151103,0.9548477429564735,,,1.000125241062497,0.9169959068198814,,0.8245637822273678,0.7931420083510331,0.7617183867344998,,,,,0.8539299155172804,0.6175465133253577,0.9531352444831065,,,,,
20151104,0.9698561934243465,,,0.9806159652326666,0.9199659063150968,,0.823372819439057,0.7643272237726787,0.7584569203966325,,,,,0.8647497412286366,0.6513992579878004,0.935014988359194,,,,,
20151105,0.8677294205821956,,,0.9671637372869537,0.9223081876470756,,0.857577653618706,0.7372130437145373,0.773610594067902,,,,,0.9165798743762427,0.70902846639936,0.9472196609466892,,,,,
20151106,0.8128946075622372,,,0.9597200129934794,0.9671248059052947,,0.9337866500473618,0.8167967610939466,0.8534667751101859,,,,,0.9779188645807341,0.7941936915906768,0.956209821243552,,,,,
20151109,0.7680297605459077,,,0.9601945833553874,0.9683943296031352,,0.9850182661940863,0.882255177828519,0.9119648192053774,,,,,1.0246287229845832,0.8641977502872872,0.9758078894213627,,,,,
20151110,0.731322158441638,,,0.9597999099340206,0.9763302449972273,,1.0198659885872017,0.946700609907687,0.9644688181374488,,,,,1.0403892569035007,0.9210422394523329,0.9802307650805052,,,,,
20151111,0.6177517838907703,,,0.9629791357859044,0.9841832879793848,,1.058651667397059,0.9944669357426131,1.0052962794687614,,,,,1.063839756556925,0.9809051664603143,0.9825623274376626,,,,,
20151112,0.505433277728812,,,0.9645130316347209,0.98717561945763,,1.0899345210929463,1.038188275844775,1.0372238568015641,,,,,1.074313422562865,1.0279546190069098,0.992456307255737,,,,,
20151113,0.4135363181417552,,,0.9352664309110474,0.9867750811660368,,1.1200650264363678,1.069782396534872,1.065873441771071,,,,,1.0839551202481046,1.0641628405234491,0.9808936300916369,,,,,
20151116,0.338347896661436,,,0.9686127325954809,1.0133535319877744,,1.1394560826874536,1.0906791104069211,1.0753033263055192,,,,,1.0696055776371942,1.0967781654690854,0.9678186974380079,,,,,
20151117,0.2768300972684476,,,1.0099940455030638,1.013070251452804,,1.161049719124773,1.0922439354238638,1.0967738649553433,,,,,1.051847328506729,1.1176782806019863,0.9480294592742249,,,,,
20151118,0.226497352310548,,,1.038627862119872,1.0149706702674908,,1.1645703694851575,1.1100156629865232,1.0980602469851206,,,,,1.0310927912759087,1.126625162989089,0.9412037040790052,,,,,
20151119,0.18531601552681198,,,1.056910777197747,1.0165911100633733,,1.1106923116925322,1.1449164828280978,1.0789552120285955,,,,,1.0071991311406945,1.1314539305153108,0.9174665166677262,,,,,
20151120,0.15162219452193706,,,1.0603797342583696,1.0217113074768331,,1.052719431667328,1.1547614235931256,1.0796300456197363,,,,,0.975148567488084,1.1254504317279206,0.9026498196408064,,,,,
20151123,0.12405452279067576,,,1.075137342539665,1.043172338205384,,1.0353697724471727,1.1593949934980807,1.08360554285808,,,,,0.9515412080267951,1.1315165379101788,0.9017850858927131,,,,,
20151124,0.31798794327186386,,,1.0890751042294506,1.0437595612976498,,1.051894765417239,1.1871610164009936,1.1247292371470123,,,,,0.9809171767257813,1.162922512896655,0.9471463193242803,,,,,
20151125,0.5174863189167415,,,1.102278486469753,1.0498049062779609,,1.0663205512794018,1.2125983096699522,1.1584737366342757,,,,,0.9981571765395344,1.1889833964677354,0.986367224625432,,,,,
20151126,0.6784604589141477,,,1.1049306489510882,1.0635116082263933,,1.0849934029064703,1.2328002913685543,1.1937638820572043,,,,,1.0152945626227874,1.2093225660881286,1.0281812741688832,,,,,
20151127,0.8192163635147042,,,1.1051374467507036,1.0766988819158019,,1.0839123561086654,1.2480465924646091,1.2141370360097574,,,,,1.0331070748197007,1.2204747852945101,1.0703208763070926,,,,,
20151130,0.9339156372392968,,,1.0877121944690729,1.0472394659085718,,1.0814888797130067,1.2628079731176756,1.2270556307859337,,,,,1.0399294188685366,1.2294797145598073,1.1075221619773243,,,,,
20151201,1.0277604975594181,,,1.071613731256645,1.04573702252966,,1.07990922071418,1.2716039292991335,1.2371842244058708,,,,,1.0462298743037288,1.2396516211220758,1.1393587247724142,,,,,
20151202,1.1050271210277576,,,1.0714474074319897,1.0427999131617278,,1.0705952894473794,1.2762446992250323,1.2481191656856583,,,,,1.0542743524445006,1.2343636986206183,1.1654670300250427,,,,,
20151203,1.1663689991229442,,,1.0759438455264694,1.0377017910272783,,1.0852691007952948,1.2633373423991658,1.2642283585933571,,,,,1.0664037946803433,1.2334167831715237,1.183067672135213,,,,,
20151204,1.2184253442272537,,,1.0843185854799366,1.0367498773862165,,1.0738246643580933,1.2558060615151645,1.2509333817479111,,,,,1.074693134073302,1.2298336880176362,1.2059283712037547,,,,,
20151207,1.2610168993125979,,,1.0179005998397392,1.0386967028069947,,1.0601396158541705,1.2505165451041582,1.2052982038094275,,,,,1.076194164928673,1.17576113382623,1.2229000126524117,,,,,
20151208,1.274165920850739,,,0.9818009564788477,1.0627400526149806,,1.0676939112924941,1.1373533406987566,1.179999311314162,,,,,1.0534387141912667,1.1031419285530526,1.2041671147406487,,,,,
20151209,1.2849896617327523,,,0.9513901464161724,1.079399711369524,,1.0761957184724766,1.0598368591740006,1.1589998251449756,,,,,1.0301983964697323,1.0350928591181416,1.1721629739124033,,,,,
20151210,1.292651640405192,,,0.9322032916819528,1.0831546921138675,,1.066242403831035,0.9947738396664064,1.109002963060113,,,,,1.0103055615181644,0.9782513963870358,1.123953051249584,,,,,
20151211,1.260565562533284,,,0.911784399682214,1.0933801700192167,,1.0631998221348171,0.9310026123983386,1.0727461377692646,,,,,0.992291254327208,0.9414548748073214,1.0882486173061514,,,,,
20151214,1.2228663094123868,,,0.9177866960258968,1.1141976843019878,,1.0600587102998789,0.8718624937396778,1.045996847917005,,,,,0.9839561766716195,0.9101013384084734,1.0489998615851128,,,,,
20151215,1.1920214659498347,,,0.9206798587549636,1.1138229409195528,,1.0562169815316726,0.8268332955120803,1.0060719911162863,,,,,0.9758657021267089,0.8694798577826115,1.0151474405107728,,,,,
20151216,1.1544604011438926,,,0.9215599856944158,1.0991409255650644,,1.0573488901146963,0.7860788247281891,0.9744893788287227,,,,,0.9721548006227694,0.84190701968343,0.968892862355255,,,,,
20151217,1.0836680698157206,,,0.9079011501277441,1.0865198734893862,,1.060496041981165,0.7577650192066347,0.9479352708270459,,,,,0.969684258910155,0.8152779073248182,0.9381745151993767,,,,,
20151218,1.0037583236338465,,,0.9038098971733629,1.081796987873741,,1.0805706470115664,0.7290879729809769,0.9375516945192057,,,,,0.9790531689839193,0.7985356116516796,0.8981510985605559,,,,,
20151221,0.9383776222123132,,,0.9429293510889316,1.0890150138526113,,1.09913417588726,0.7422028244735965,0.9561251970908732,,,,,0.992930137890665,0.8101948255121008,0.8569586826415599,,,,,
20151222,0.893845783185438,,,0.9165431632255476,1.077059624115282,,1.0241186508293059,0.7693717675921125,0.8651617139669067,,,,,0.9305205850242382,0.7833557653031998,0.8339820362614485,,,,,
20151223,0.857372079915029,,,0.892688898724956,1.0695610528592807,,0.9536184649670387,0.8059073596018745,0.7986681136616539,,,,,0.8704406870119933,0.7656895620176496,0.8308779470128466,,,,,
20151224,0.8280863297958285,,,0.8294638234563528,1.050139839798224,,0.9011104098821358,0.8475911531896587,0.763989433838354,,,,,0.8102938124902659,0.7487805066157247,0.833595978418983,,,,,
20151225,0.8195351898020742,,,0.806631974725344,1.0210726798129122,,0.8611728347700256,0.9077419834907269,0.7402995621591534,,,,,0.7644281260776967,0.723979079860527,0.819171382679464,,,,,
20151228,0.8186010031398302,,,0.7808683539600685,1.014912985209938,,0.8430088606398117,0.9742076373952734,0.7531971437161549,,,,,0.7453849654619886,0.7324283140795004,0.8199999114172023,,,,,
20151229,0.8371419494957573,,,0.7685504332170012,1.016247655363397,,0.8186866143870574,1.026048173504931,0.7724642113817022,,,,,0.7400012305308803,0.7755332977692351,0.8391310934879941,,,,,
20151230,0.8580095421077792,,,0.7591362106630182,1.023000406456356,,0.8032907243509022,1.0719793255149757,0.7906160678988637,,,,,0.738464353353747,0.8152381545853656,0.8681144674539129,,,,,
20151231,0.8089652770960966,,,0.7644043500675173,1.031419074659333,,0.7813659639230119,1.111586958830048,0.8038898086382549,,,,,0.7363283159346616,0.8387517327499845,0.8885757471184168,,,,,
20160104,0.788022789441041,,,0.8038614210245952,1.0489599431718866,,0.7424696069318716,1.1522531910707219,0.8206842930304112,,,,,0.7380363872223928,0.8641133830184514,0.9033755159030951,,,,,
20160105,0.7929489387723666,,,0.837111463455693,1.0081199029431127,,0.7104211576531523,1.1578345233714997,0.8084734773861387,,,,,0.7364950141791391,0.8837369580986293,0.92480853097197,,,,,
20160106,0.8117831606865706,,,0.8870366759124396,0.9811849581538682,,0.73504887651454,1.1626661919072525,0.8678309564721375,,,,,0.8000526864692654,0.940277905512351,0.9438104189407331,,,,,
20160107,0.8271929786163739,,,0.9223207580871535,0.9603232530157212,,0.7680419308080516,1.1688109689027963,0.9177069662160664,,,,,0.8698989211100299,0.9849527891282978,0.9578043327186405,,,,,
20160108,0.8907532539899565,,,0.9784783522845459,0.951633639679778,,0.8022898269429692,1.1234432888034707,0.9309994132736564,,,,,0.9335055554414469,1.0281337292061006,0.9774649202564741,,,,,
20160111,0.9427571156592515,,,1.0165350360195893,0.963649099160115,,0.8293954223195854,1.0865817700108953,0.9401746611166892,,,,,0.9858575688104037,1.0785696115998207,1.0040808075007894,,,,,
20160112,0.9848056536593833,,,1.0590322487211645,0.9622010007199567,,0.8354857416579303,1.0453984512098708,0.9216808071998672,,,,,1.035062641959061,1.1031598375732508,1.015712315626816,,,,,
20160113,1.0206795591195315,,,1.0794026233232483,0.9608590512981591,,0.8330203740829343,0.9587765172346261,0.8780330671665838,,,,,1.0587456314153667,1.0784177312334613,0.9934644163504713,,,,,
20160114,1.0512815967176043,,,1.0944394475301107,0.9565684759318165,,0.791030968223265,0.8977611005100091,0.8682618770688472,,,,,1.0652812739717399,1.0636237642937911,0.9766229513224673,,,,,
20160115,1.1113105593493486,,,1.1045474382508012,0.9528946185856515,,0.7538903667519439,0.8455340569900908,0.8593989218757216,,,,,1.070372991132439,1.0565734640185478,0.9655339183406536,,,,,
20160118,1.1605148597778718,,,1.081364317325049,0.9517215384571679,,0.8215617251080992,0.8177637612176574,0.8776725268407479,,,,,1.0784375193104252,1.0620075307411487,0.971945351669756,,,,,
20160119,1.1887310648042526,,,1.0781207263476287,0.9835207946949186,,0.9013495277999326,0.8347802633678103,0.9226539690905515,,,,,1.0974282882232553,1.068548216618231,0.9763900669154921,,,,,
20160120,1.209200990768169,,,1.0835186573503879,1.0067206876140586,,0.9639597127157632,0.8521665479481696,0.9510999754555375,,,,,1.1129376853189485,1.0762115675014485,0.9814170391052879,,,,,
20160121,1.2273422503464542,,,1.0798527036638188,1.0271268558184472,,1.0062395768178265,0.8416089243386948,0.9508095478886124,,,,,1.1267877732446563,1.0837191601791238,0.9877368695041058,,,,,
20160122,1.2084485387622417,,,1.0782048253030956,1.0448875853748294,,1.041404174342776,0.8565266251062382,0.9587447447832602,,,,,1.1453776881716808,1.0754429286571152,0.988654823026864,,,,,
20160125,1.195648617970731,,,1.0758502164911086,1.0096219550384562,,1.0643678970911752,0.8427802807624124,0.9521046392049112,,,,,1.1562873068756234,1.026746015087668,1.0000235250905882,,,,,
20160126,1.1963681505352455,,,1.0347710521466131,0.9975300012711338,,1.0926706023806585,0.8540351553282817,0.9446203481924768,,,,,1.0995993545018141,0.9905860701531118,1.0122750449134534,,,,,
20160127,1.1694213084037715,,,1.0045917695714175,0.9866770071897083,,1.0995884066206016,0.8839314359793798,0.9373225928397281,,,,,1.059341171633209,0.978757833143219,1.0321861540284416,,,,,
20160128,1.145848709043394,,,0.9820131563284128,0.9917557292065826,,1.1156774265196592,0.9103477234395133,0.9386105290512561,,,,,1.0375594651737314,0.9771712667752452,1.0576631219906212,,,,,
20160129,1.1326703274325958,,,0.9780120220360569,0.9915734282155962,,1.1317366471536257,0.9151531867858066,0.9514758564675434,,,,,1.0206821023786576,0.9727307796183837,1.0801358167787425,,,,,
20160201,1.1217038683651952,,,1.0022979783076482,0.9718198345921347,,1.118658404256218,0.9231164143741346,0.9476310029111908,,,,,1.0115446573237146,0.9403909808120858,1.0569559392911363,,,,,
20160202,1.1101968704123066,,,0.9959336601094041,0.9402652152248011,,1.0520464369883868,0.9047920241908847,0.9176180042319719,,,,,0.9827971339397362,0.8872458266266322,1.0321188677864366,,,,,
20160203,1.0979032709843897,,,0.9761693893869503,0.9146658905600362,,0.9900275165849699,0.8821205753089141,0.8875276218962286,,,,,0.93463694325496,0.8330657873813383,1.0081538826271152,,,,,
20160204,1.0857905881029395,,,0.9666231912284453,0.9009499650394389,,0.9671429030929514,0.878187724221072,0.8923147290905441,,,,,0.910690156453741,0.8163152279532976,1.0130482627484303,,,,,
20160205,1.0834010890028207,,,0.9375077463044386,0.8808288388686927,,0.9514619425886714,0.8649489381096659,0.8981605511937152,,,,,0.8750630860671669,0.8111116010062593,1.0052732936852367,,,,,
20160215,1.080237561603895,,,0.9156925094167776,0.9137626829737734,,0.9456296682215235,0.8631402553224663,0.932380558284191,,,,,0.8500075862410593,0.8427330338137327,0.9788540460269878,,,,,
20160216,1.038677448773379,,,0.9401413748738155,0.9298175741163073,,0.9275746213696522,0.8279062705981168,0.9653119031608106,,,,,0.863825471660008,0.8719651553489824,0.9635180057917317,,,,,
20160217,1.03526413884142,,,0.9524645961398748,0.9314249367815791,,0.9113785906866455,0.8400861910779946,0.9742344206915913,,,,,0.8787598796098416,0.8913278904950442,0.9831820203553376,,,,,
20160218,1.0314902528109078,,,0.9758809427994486,0.9117521294316945,,0.895387083375831,0.8542045774217383,0.9891175084159646,,,,,0.8794601876793239,0.8790325317425242,0.9849483582644374,,,,,
20160219,1.0105577134813943,,,0.9832108877292762,0.9014757335756511,,0.914983570965319,0.8971667071458155,1.0091997716822843,,,,,0.8667185452069694,0.8736071044002904,0.9807966321047494,,,,,
20160222,1.0115099931640485,,,0.9811327790226393,0.9115614490798575,,0.9459032819668088,0.9302798845992474,1.0349997779018532,,,,,0.8462484388979149,0.8848405322386621,0.9925177441728924,,,,,
20160223,0.988816750473966,,,0.9912319150324834,0.9301334495832041,,0.995515702322317,0.9681846746800059,1.0664288626237983,,,,,0.8465814536281607,0.9068813275802537,1.0088147141744583,,,,,
20160224,0.9724720255466782,,,1.0170876273669152,0.9474040365091486,,1.0420880238956909,1.0072932665831877,1.0953626497100353,,,,,0.8638116936388939,0.9687468636430375,1.0244223083092714,,,,,
20160225,0.9574386933466547,,,1.036906351904694,0.9538626562202333,,1.047851005282067,1.039828279239099,1.0972262639589854,,,,,0.8183254311908543,0.9946450367495625,1.0228786973333683,,,,,
20160226,0.9715088557253873,,,1.0409176870325856,0.9650795916946497,,1.0528876220840837,1.0699310138072804,1.1002089838496159,,,,,0.8317200718068184,1.0262307433710587,1.0181788322978647,,,,,
20160229,0.9843882188061405,,,1.0446493502268417,0.9066137740008368,,1.0531347938308582,1.0987840267187954,1.0753603739232085,,,,,0.8365744400246944,1.019042627826362,1.0388389590237557,,,,,
20160301,1.0144059546094366,,,1.0364212794815593,0.8692713382077594,,1.0634926523744415,1.1369900429532542,1.0533008314488275,,,,,0.9172988635982738,1.0447542226354438,1.035435082461007,,,,,
20160302,1.0366505015825973,,,1.0203951966555147,0.868174048185554,,1.0590886025391661,1.12184899609977,1.0060381043147064,,,,,0.9784107017820852,1.0709160868528669,0.9898220731101925,,,,,
20160303,1.0668017812631676,,,1.0095023063783617,0.8840910152516378,,1.0634618224097616,1.108193910293922,0.9681363221648478,,,,,1.03289140321706,1.099399075471065,0.972962951061492,,,,,
20160304,1.0958018289617493,,,1.009820599463142,0.945346768630493,,1.0041737054490392,1.0171442246059814,0.9388359677305355,,,,,1.0814832466645588,1.1257625128661137,0.9627422580111376,,,,,
20160307,1.1051509201242447,,,1.0340981577074218,1.000007041470682,,0.967910564057667,0.9675555247713852,0.9046759404803533,,,,,1.1261887835193263,1.1637186914064646,0.9959807354955487,,,,,
20160308,1.1251607609940357,,,1.0711098888337636,1.0433818191816504,,0.9394037496112383,0.9528275802932378,0.8804914629079573,,,,,1.1650421466303817,1.1944561675418361,1.015281805277204,,,,,
20160309,1.1414653030030208,,,1.0917698167608407,1.083516667616542,,0.9326802636765081,0.9429992838389318,0.8580400719428689,,,,,1.1987004613089065,1.2086864004883862,1.0351776322858135,,,,,
20160310,1.1568043670096178,,,1.1152272441588746,1.1196123200164945,,0.9785254265959643,0.9393890005953089,0.8721747153453868,,,,,1.2358070564479782,1.227555687270428,1.0654701283210142,,,,,
20160311,1.1544932851953706,,,1.1317050964248512,1.141381146556034,,1.0137280457556708,0.9372136957576751,0.911604577852582,,,,,1.2490732046761277,1.2271601521955788,1.0920151948175185,,,,,
20160314,1.1526093902270955,,,1.1453280199920541,1.169243372381852,,1.046830273280322,0.9357918614303848,0.9545140583273717,,,,,1.264658543504852,1.2311202058843211,1.1106539963007795,,,,,
20160315,1.1428564389087927,,,1.1530466406572621,1.1983589152346448,,1.0671288263137408,0.9337444782375911,0.9884446056158228,,,,,1.2081529407477125,1.226244943598388,1.1274142268863343,,,,,
20160316,1.1230758573430215,,,1.1554653441600593,1.219988623924107,,1.1063328794521188,0.9682293276916483,1.0357363190407551,,,,,1.1640555032682693,1.2197792353646193,1.158804396507271,,,,,
20160317,1.0989126871126875,,,1.1631300832878912,1.2368009030260783,,1.1418761401509565,1.0049209851528795,1.0821458257001595,,,,,1.1323164657577707,1.1950886390744315,1.1801428316629388,,,,,
20160318,1.0864458736865406,,,1.1716192753186743,1.1842421300093924,,1.1839274330161769,1.0631591400171077,1.1116213767878356,,,,,1.107777986826059,1.170703902421319,1.1988392290046763,,,,,
20160321,1.0744917679264618,,,1.1256849096087482,1.1091476965783689,,1.2110096240977712,1.1040018099667999,1.138848296033923,,,,,1.0362962056753324,1.1278572896313515,1.121234584619766,,,,,
20160322,1.0735123985568131,,,1.0434694755830216,1.0467849354531056,,1.2386767169560884,1.1197268198115573,1.1643090262043738,,,,,0.9740304606754684,1.097731601102357,1.0447464754656084,,,,,
20160323,1.077338219570557,,,0.9810380992363594,0.9876669388730498,,1.253118833732085,1.1286422031766434,1.1781902963824329,,,,,0.9206510952648153,1.044154363027852,0.9915237846550425,,,,,
20160324,1.0771631105939492,,,0.9440928315450542,0.9327184916457414,,1.2292436724076377,1.145948340503207,1.1871026954882835,,,,,0.9032506721413317,1.0023325582083886,0.9460392361232124,,,,,
20160325,1.077704520287361,,,0.9207033229548693,0.8937062699867151,,1.2122462500109552,1.16074747721591,1.1704435273719187,,,,,0.9035644022511038,0.9737472881127877,0.9151870433773324,,,,,
20160328,1.0845333566102486,,,0.9038155024697624,0.8657642155204666,,1.1886699934089182,1.1738147992298678,1.1592531311878334,,,,,0.9058087349441398,0.9530759488788236,0.8894498812894498,,,,,
20160329,1.0830892676405997,,,0.8950588049691274,0.842286431986833,,1.177097397578736,1.1864343952628222,1.1507082396268944,,,,,0.9376087238085469,0.9409112398523432,0.8711714099689241,,,,,
20160330,1.0775757678953393,,,0.8873340933514863,0.8166029834886567,,1.1311719686106567,1.1802141971611648,1.1252304490699452,,,,,0.9676457012722982,0.9236349637440755,0.8677650365679033,,,,,
20160331,1.069130519434122,,,0.8643602567368083,0.7791646096528245,,1.0761214815002866,1.1474982387506834,1.0720399215476166,,,,,0.9919783054424067,0.9070955979347144,0.8654701078889998,,,,,
20160401,1.0501140175276196,,,0.8385196705468893,0.7863051301315106,,1.0378086420220733,1.1315264111341439,1.0808027971012855,,,,,1.0068237780194738,0.8619427265700815,0.8492827481117912,,,,,
20160405,1.049803821688483,,,0.8613326834733239,0.8269742890733269,,1.0149543523802433,1.1231491454113127,1.0927448863673923,,,,,1.0513998184256736,0.8118424810078887,0.8704559946616697,,,,,
20160406,1.031819462514632,,,0.9054553048851463,0.8617320711522694,,0.9774337762667649,1.1171137079689704,1.0806163708375363,,,,,1.0890938029670645,0.781824823667151,0.8861801455592709,,,,,
20160407,0.9999987442587113,,,0.9427062007522093,0.884213088282601,,0.9521324785797642,1.1130371020682663,1.0765734036700128,,,,,1.1205306326720124,0.7862301854369991,0.9151331967736139,,,,,
20160408,0.9760564389162887,,,0.9454504047473419,0.9074658392058934,,0.94635529891182,1.0913898280115923,1.0753947629394958,,,,,1.1066810271432157,0.7550760192370471,0.91714099556374,,,,,
20160411,0.9405974005524632,,,0.9576681397808464,0.9548850229820507,,0.9254003701838212,1.0761559879159017,1.0789833718451327,,,,,1.0829599854796363,0.7398148850910317,0.9174572218617352,,,,,
20160412,0.8849633757711446,,,0.9599433256659595,0.9828292543009426,,0.9077306007618331,1.0525521900072137,1.080511001229371,,,,,1.0550828537921302,0.7389149384029772,0.9304840049010826,,,,,
20160413,0.8513574290681399,,,0.9573397692952575,0.985008996215094,,0.8909871941783671,1.0231813203700213,1.0816938890439107,,,,,1.040082622348473,0.7643370690016378,0.9583981527998408,,,,,
20160414,0.8450016414212399,,,0.9568199957342416,0.9908585852896898,,0.9031636652032001,0.9868924314597944,1.0933364648192423,,,,,1.0321189863653697,0.8103741097731024,0.9783197939411662,,,,,
20160415,0.8522558069948303,,,0.9603754496454173,1.0127685754341986,,0.9187151692315589,0.9673044959115253,1.1156176284582937,,,,,1.027553280471853,0.8526435910541674,0.9945712312568844,,,,,
20160418,0.878216866138264,,,0.9697419417647548,1.0308188728556904,,0.9007491171897013,0.9059348897996238,1.0308927157960868,,,,,1.0241032347004335,0.9048531855087998,1.0105789195139094,,,,,
20160419,0.889708483583515,,,0.8998195663129277,1.0378014728233522,,0.8709609476162578,0.8396312047375146,0.9447989542124692,,,,,0.9888448452569191,0.9321632795163813,1.0268771458833414,,,,,
20160420,0.9081130067102103,,,0.8438958128644332,1.0361356712883587,,0.8353404220125453,0.7990182233426953,0.8878926351277782,,,,,0.9659257075749467,0.9543168002620455,1.0398870727916665,,,,,
20160421,0.9410346978350735,,,0.8218486242436251,1.035591460018074,,0.8677227578228724,0.8203189113555076,0.8904179310939894,,,,,0.9673362912287463,0.982299431031284,1.040004877054657,,,,,
20160422,0.9729234508169472,,,0.8764096913046335,1.0710048773450738,,0.9003825893005513,0.8537378197514505,0.887565695003622,,,,,1.0033143130610156,1.0396833851370393,1.0844221698149885,,,,,
20160425,1.0102611833430113,,,0.9180986968020779,1.0652327173582845,,0.9391854312497963,0.8826610333335496,0.8895561204355631,,,,,1.042741973539603,1.064365191925455,1.1202574437949007,,,,,
20160426,1.0551936640568378,,,0.9592701786138358,1.0639280667791853,,0.9767391315205106,0.9164069926071076,0.897611007933929,,,,,1.077503347275448,1.0915943538582284,1.1282364948890096,,,,,
20160427,1.0860854089631804,,,0.9948151252980085,1.0730070349597842,,1.0042501088516262,0.9487937436128907,0.9017801616719112,,,,,1.1048241397559173,1.108480689800988,1.1310436189386008,,,,,
20160428,1.0925677266003269,,,1.0286675273230153,1.082216405946905,,1.0267870163334265,0.9861056154462833,0.9206556955884346,,,,,1.1271989276145356,1.1099669719121241,1.1349732318458947,,,,,
20160429,1.0854146160326668,,,1.056668080807985,1.0818672585294475,,1.0478056867760144,1.0176833302943202,0.9375050004331791,,,,,1.1357736035797028,1.1069605193006915,1.1391959567729328,,,,,
20160503,1.0463565964337502,,,1.0858784470166598,1.083092634042232,,1.0884573845829444,1.0675657202903601,0.9977739062515874,,,,,1.1453891048564888,1.1142594305291387,1.1470472759064403,,,,,
20160504,0.9985402397294455,,,1.1195860900366625,1.085936236997405,,1.1256311325214903,1.1204315462896786,1.0521512969097202,,,,,1.1682568391258854,1.1295025573623079,1.1459309370754358,,,,,
20160505,0.9604070698310225,,,1.1367324816496367,1.0616484853009691,,1.1664636380648201,1.1611436726949587,1.0867062626625943,,,,,1.1829412405264608,1.140227777937774,1.132790384608147,,,,,
20160506,0.9324714953902948,,,1.0794498796261114,1.020399120639741,,1.123841487215029,1.1260146102195576,1.0678769287665373,,,,,1.1527024948570648,1.101438495671443,1.0958536134365933,,,,,
20160509,0.9066920486006053,,,1.0074716928822027,0.9745339629357641,,1.085676581109609,1.0872708617049152,1.0582898943455235,,,,,1.1115260584869873,1.0481389294038057,1.0446355715708309,,,,,
20160510,0.9046420107124163,,,0.9502310867887717,0.9558621338524173,,1.0086382972807841,1.0297770637291737,1.0340183406693229,,,,,0.9758141709871659,0.9940008308531467,0.9971968138007319,,,,,
20160511,0.914499212501295,,,0.9277346080711888,0.9446180511438008,,0.9423845772274284,0.9881169690253152,0.9949497640516897,,,,,0.872548731219156,0.956405502998429,0.9871424365018243,,,,,
20160512,0.9363604876803565,,,0.9114534307162712,0.9362762582681392,,0.8951320694885941,0.9443219811250776,0.9683783771812874,,,,,0.7789511041600118,0.9206958020063546,0.981435775461546,,,,,
20160513,0.9670361575999443,,,0.8956551642744777,0.9423187009128927,,0.8584463212183562,0.9086949887634416,0.9112677417995643,,,,,0.6966212304005184,0.9084391376105826,0.976921071205583,,,,,
20160516,0.9951560620217783,,,0.8982652738173629,0.9458923106749566,,0.8444276962525584,0.8715472250992365,0.8692998325242471,,,,,0.639418014309091,0.8908038528473875,0.9818098273184359,,,,,
20160517,1.0287745271126518,,,0.8810813941997258,0.9385023580984944,,0.8117517484190818,0.806519561504013,0.8246863074917508,,,,,0.6344105559878979,0.8691452227217474,0.9289912371614959,,,,,
20160518,1.0693052468697954,,,0.8713073798516647,0.9357008490628282,,0.7859724682474317,0.7319253544308058,0.7953894362169855,,,,,0.6309555770155827,0.855100761591799,0.9088643850376734,,,,,
20160519,1.0982846068124268,,,0.8773673548367934,0.9463783539162763,,0.7634048160439267,0.6804470943670257,0.7738978084405524,,,,,0.6310900849604909,0.8491205934241715,0.8938681768006275,,,,,
20160520,1.1157213005951225,,,0.8966874071912533,0.9710628393720565,,0.7846166189216532,0.6738056595880652,0.7819308959086918,,,,,0.6521115994395216,0.8610687257088896,0.8875660597545741,,,,,
20160523,1.1118655862988462,,,0.9485373220945218,0.9994811102196731,,0.8079517522767222,0.6865883117173317,0.7917568007573045,,,,,0.687568485680252,0.8894187236296834,0.9254213971411334,,,,,
20160524,1.0962319803833414,,,0.9945039483846737,1.0203133695548054,,0.8537191792272095,0.7256066336650651,0.8026927225051018,,,,,0.7917852009333048,0.9119538390673247,0.9590823590229774,,,,,
20160525,1.0469208375919254,,,1.0184677302314207,1.0355184223312792,,0.894670127441459,0.7541696629876902,0.8292801132202727,,,,,0.8717738787745408,0.9346940390279994,0.9807223844819039,,,,,
20160526,0.9759902824529157,,,1.0359143830630997,1.0656476313623593,,0.9265549098607708,0.7843512141888797,0.8561702583419595,,,,,0.9353566209422629,0.9740619376355265,1.0023582183905668,,,,,
20160527,0.8701304614935025,,,1.0525438322312735,1.0627600322403403,,0.9612849684479386,0.8146644713345733,0.8983777227580629,,,,,0.9909009523464014,0.9909147369016615,1.0202797622381128,,,,,
20160530,0.7906566980472011,,,1.0444939552185433,1.061469426285783,,0.9542678474934352,0.8504181262733806,0.9461836351181262,,,,,1.0328146527676827,1.012654783967512,1.0332182840078574,,,,,
20160531,0.7256327097729545,,,1.0423957681357352,1.0638905007683268,,0.969686777314171,0.9098983966838969,0.9964697690577528,,,,,1.0302947373692197,1.0368897866810458,1.0750560964751477,,,,,
20160601,0.7061496252557722,,,1.0412596930944893,1.06472210099107,,0.9849694421743009,0.9778320823416645,1.029612370028211,,,,,1.031444078395177,1.0508112523715512,1.0828936634130786,,,,,
20160602,0.6898603478623168,,,1.0375997473351413,1.0671380622786104,,1.0032434079998003,1.02531697682724,1.0548099766580443,,,,,1.0232300730233086,1.050162055898155,1.1014814653489882,,,,,
20160603,0.6937443756903484,,,1.0427622024007819,1.0683372845352856,,1.0251672116359367,1.0421213632330653,1.076945502594836,,,,,1.0413858361715134,1.0595420922040977,1.1159477014463035,,,,,
20160606,0.7073789530884601,,,1.0057662339443019,1.0142066588833019,,1.0297204191163112,1.0440963453545444,1.0719374460624356,,,,,1.0276820296782991,1.0468385752870775,1.0677726046454272,,,,,
20160607,0.720655283068816,,,0.9636793162757117,0.9793925946463479,,1.0349058698288958,1.0233157623172446,1.059464444900151,,,,,1.0142285361944998,1.038654434338907,1.0269169211439906,,,,,
20160608,0.7482329513266767,,,0.9271070001616484,0.9525850560637895,,1.0374301010091949,1.0202274305178614,1.047185218632015,,,,,1.0022718894699914,1.0322153522356572,0.996922283457274,,,,,
20160613,0.7924995211745574,,,0.8980928235258256,0.8963556283802473,,1.0431263387887284,1.0273741556915845,1.0332498654048647,,,,,1.0024576284767592,1.0119664209540413,0.9682106941022569,,,,,
20160614,0.8724253617800214,,,0.8409382368371362,0.8729314895848064,,1.025797264545975,1.0249225548096872,1.020129342640011,,,,,1.0000185417975287,0.9959154713881275,0.953337473293269,,,,,
20160615,0.9272812907139116,,,0.8036183197971534,0.8543057967405704,,1.0197403469600859,0.9710419851877443,0.9966485424020003,,,,,1.007917766359238,0.9630361650907833,0.913882652140848,,,,,
20160616,0.9718734999661958,,,0.7781349616117225,0.8394590166004084,,1.0140056279418845,0.9191219462373429,0.9693874337648608,,,,,1.0215890729480919,0.9355197185000824,0.8717949952561105,,,,,
20160617,0.9068154860020343,,,0.7306580852711473,0.8403887767496665,,1.0035913146012303,0.9022096453669779,0.952455242864943,,,,,1.0115436439331797,0.9132080862425852,0.847520471587645,,,,,
20160620,0.8558035523029053,,,0.7272518095956362,0.84099824538653,,0.9745938368947085,0.9398828900063074,0.9368425941109743,,,,,1.0156565459414333,0.8808086259661221,0.8123708708764603,,,,,
20160621,0.7850545651447121,,,0.7328698296658572,0.8477593459697949,,0.946218913501139,0.9766253366052436,0.9111802862277308,,,,,0.9991865697783027,0.856129645079108,0.8106226195573442,,,,,
20160622,0.7300126609899171,,,0.7721975896829023,0.8959520629517828,,0.9312691958572888,1.0165537167913852,0.9028633800213574,,,,,1.0039870375332443,0.844492070866591,0.8331143456970266,,,,,
20160623,0.7450275481320818,,,0.815148604007766,0.9286790969525018,,0.918833402163508,1.0612431574619656,0.9028917463538667,,,,,1.0088631560380508,0.8356724415149696,0.8526090028166077,,,,,
20160624,0.7884571778925729,,,0.8688682700861204,0.9580647454749578,,0.9082355495814172,1.0772359801385272,0.9055336077644371,,,,,1.0188126792199907,0.8427359363934577,0.8686824856231327,,,,,
20160627,0.8250193382557607,,,0.9205173025239951,1.0058395998116636,,0.8986887312302703,1.0612996963724848,0.9371579678614061,,,,,1.036128293168489,0.8706870160227558,0.9238381862792506,,,,,
20160628,0.8689058479488099,,,0.9839111980040433,1.0310962067840448,,0.8779863811389533,1.0313716939687763,0.9467692378363459,,,,,1.0486469291295495,0.9095256390051155,0.961911941888134,,,,,
20160629,0.9106522933783364,,,1.034849581867934,1.055205761747994,,0.9302270086829322,1.023558614779939,0.9742926634310785,,,,,1.0492841176062786,0.9494401629866172,1.0087197144855409,,,,,
20160630,0.9443445379159695,,,1.071764584016685,1.0770283957149753,,0.9734482829401416,1.0090312375054467,0.9972698156371872,,,,,1.0544827594326673,0.979748768117124,1.0295757460816686,,,,,
20160701,1.0145112032987758,,,1.121296163679368,1.0718853734515896,,1.0048403926256553,0.9987787975325482,1.0300861787871411,,,,,1.0728348577368894,1.01715428660653,1.0444306030158883,,,,,
20160704,1.0714929151082004,,,1.1505411315691085,1.0917389229553727,,1.0525005277862878,0.9736508243980034,1.066382772119941,,,,,1.0883301095032165,1.0577532239235208,1.0629523572305584,,,,,
20160705,1.1262797287850936,,,1.1813857086758115,1.10585012206806,,1.0923652599807832,0.9813058925419044,1.1030800276474686,,,,,1.0944324670505854,1.1020312472239384,1.0754331646707052,,,,,
20160706,1.170779690567862,,,1.2010116356635105,1.129467611599156,,1.127387999441413,0.9963943238430979,1.139220327691042,,,,,1.1062563070291664,1.141857913723398,1.1034035894883416,,,,,
20160707,1.1582121753161903,,,1.2172809457354345,1.1500021224584098,,1.1557495094897494,0.993793223096255,1.1687355477604866,,,,,1.1163070265374513,1.1731027772438234,1.126821354438833,,,,,
20160708,1.1029449362073187,,,1.2239715744071538,1.1658970603050391,,1.1854723829669644,1.0051473958902308,1.198572975100866,,,,,1.1212785585240308,1.196080598578819,1.1543649727995369,,,,,
20160711,1.0587484927128188,,,1.2176061095168442,1.1611511654271007,,1.2046877661634503,0.9767281098252315,1.1932232210777,,,,,1.1023563915298902,1.2007937626361265,1.1449567268130831,,,,,
20160712,1.0088967502799167,,,1.2190969280366017,1.1617328043610193,,1.2259083950204555,0.9765370502768922,1.1772841363046769,,,,,1.0948674346011062,1.184472431470748,1.1504219800000661,,,,,
20160713,0.9718017223371239,,,1.215397533368209,1.1639029418745144,,1.2186217299415163,0.9755331116914484,1.1570528191184664,,,,,1.0918683226150052,1.1728633468201166,1.1541009957708148,,,,,
20160714,0.9409346758155281,,,1.2164410994399386,1.163021209886698,,1.2133628337072668,0.9734068573651908,1.1376401351486036,,,,,1.0789583000576912,1.1616605167763208,1.140480735926429,,,,,
20160715,0.914878594264847,,,1.211302685737068,1.1776782345627703,,1.2098085469689244,0.9701796412137242,1.1214742348389926,,,,,1.0659081408383064,1.1546155658343378,1.1158730496171059,,,,,
20160718,0.8940126285400182,,,1.1887145869087377,1.1401815938772957,,1.162609243615217,0.9553118844132844,1.0465837144498114,,,,,1.0078964415834466,1.123348752251088,1.1010104167231067,,,,,
20160719,0.8927078246386918,,,1.1434835708411029,1.113690585018625,,1.11866265774093,0.9364598562210075,0.985069296842269,,,,,0.9684062651183251,1.0820410069787432,1.101802067582953,,,,,
20160720,0.9211183386891264,,,1.085426740921242,1.0377571069736207,,1.0857699692158758,0.9200691187865433,0.9351514709577243,,,,,0.9149225124080991,1.042841544205654,1.0879195135405815,,,,,
20160721,0.9793306436953003,,,1.0425583233481774,0.9682872803126856,,1.0672791066089573,0.9358324304162506,0.9063294831351055,,,,,0.8967290106369638,1.0148548896851162,1.0774727479965787,,,,,
20160722,1.0413712295576285,,,1.0209340046116588,0.8957834223671293,,1.007754828327116,0.9407598687589283,0.863297500157619,,,,,0.8584658597143364,0.9824267012445791,1.0494094725405472,,,,,
20160725,1.092396550861233,,,1.0057106465838133,0.8550290026669097,,0.9656358581723694,0.9699497021888107,0.8474437435960747,,,,,0.84058397861111,0.9645805257654353,1.0491576468315273,,,,,
20160726,1.1328226885847108,,,0.9782645958532346,0.820197941854102,,0.908977534593397,0.95584553060256,0.8146543008425017,,,,,0.8251671657527169,0.9397854594910879,1.02044010100808,,,,,
20160727,1.1599058164085954,,,0.959253273379542,0.7880514755277442,,0.8624221935489738,0.9340616230042664,0.7753664912878406,,,,,0.8128574708290636,0.9134675330931196,0.998004476299738,,,,,
20160728,1.1822141840656106,,,0.9267199738066407,0.763029033393802,,0.8738265660304679,0.9408681612931152,0.7912589319645522,,,,,0.8080757753065693,0.8962848679948936,0.9961157697818962,,,,,
20160729,1.20076819558431,,,0.9185075056269602,0.7557620929941369,,0.8848211809236681,0.952663512323652,0.8098699137162814,,,,,0.8265399486791689,0.8689663272161167,1.0020441277094851,,,,,
20160801,1.2102614422571096,,,0.9091019552691557,0.7721550772920923,,0.9208271109397208,0.9865505749401904,0.8514577524897026,,,,,0.8758052843941608,0.8821519434617058,0.991612610487854,,,,,
20160802,1.208236577926317,,,0.9167886607174943,0.7789641156559116,,0.948202004562764,1.0172844696031846,0.8841308240997117,,,,,0.9190685751398195,0.9057854801729922,0.9797579719651129,,,,,
20160803,1.1374746172858987,,,0.9353066175450216,0.8159712091925698,,0.9711561515853864,1.047509850149728,0.9115104105430419,,,,,0.9750498298574181,0.9297726089037234,0.9783144181173644,,,,,
20160804,0.99263425808274,,,0.9294200988463113,0.830593143605569,,0.9887008910272386,1.0580466436622442,0.9255373237778788,,,,,0.9878475008727798,0.9463288129297873,0.9784750768382018,,,,,
20160805,0.8763122514873163,,,0.9087369044658193,0.8621225052233368,,1.0286072643818984,1.0641201459315168,0.9515963887988665,,,,,1.01225768899402,0.9502099362572032,0.9739070886480705,,,,,
20160808,0.7663922804336618,,,0.9019649290055322,0.8829193685968226,,1.0517979734734806,1.0742610764187026,0.960680349036153,,,,,1.032594322370822,0.953780310149356,0.9587189433843438,,,,,
20160809,0.6570236802519048,,,0.9052302638942369,0.9055676013572962,,1.0645967601441921,1.0808453487815008,0.977250895944697,,,,,1.0447402937755912,0.969880018262306,0.963883408771552,,,,,
20160810,0.5692151100352516,,,0.9058231067299094,0.927787222020258,,1.0915161627632393,1.0974052249398394,1.0275177142417775,,,,,1.055720139958616,0.9850309676197131,0.978455914922094,,,,,
20160811,0.4975289311201617,,,0.918374876451652,0.9441656456028438,,1.0641094240587372,1.1008012843951065,1.0076419513844561,,,,,1.0643343901082585,0.9959877784276497,0.9909125085968615,,,,,
20160812,0.4377223227418133,,,0.8557214459226588,0.9178334411123645,,1.0403339540841612,1.0808407941964924,0.9798539051668588,,,,,1.0038135065461948,1.0113006331280705,0.9933762778702334,,,,,
20160815,0.3886372075362455,,,0.8146344036282871,0.897704414639074,,0.9759513307275355,1.0506287928424347,0.9632842172358427,,,,,0.9443012368158497,0.9433979951895674,0.976587272360921,,,,,
20160816,0.3499194497540383,,,0.7874968498995524,0.8833268207238597,,0.9100373726568576,1.0228475578631089,0.9521763309215203,,,,,0.8983032643896328,0.8890775551135168,0.9711180180603133,,,,,
20160817,0.33097914752784247,,,0.7638912970721236,0.8738272509684589,,0.8516475630004392,0.988905836126711,0.9486480787033348,,,,,0.8474680342391706,0.8402976392400757,0.9692295753537404,,,,,
20160818,0.34952951067349725,,,0.7639096490379436,0.8665722518820279,,0.8107449468432787,0.9689288189042359,0.9621209509730808,,,,,0.8215215266937462,0.8012425173539092,0.9665577190570158,,,,,
20160819,0.3179544100369086,,,0.7882533956777898,0.8601583036542246,,0.7544913454043735,0.9548406420102868,0.9730746139458138,,,,,0.7992234219915106,0.7821312435707221,0.9734074782603576,,,,,
20160822,0.2865085575767332,,,0.8141339027990808,0.9002500148118208,,0.7178568716704143,0.8723509931138986,0.9824366202114398,,,,,0.8338716806815517,0.8129662807884858,0.9864876219985355,,,,,
20160823,0.48784312187860623,,,0.836239051382641,0.9256176337572883,,0.7164983716090055,0.8031299980820359,0.9989514131940613,,,,,0.8535519294074694,0.8199403291768196,0.9745673701252219,,,,,
20160824,0.6602353352955015,,,0.8565451221818426,0.9468907264301387,,0.7004656345853434,0.7511921704098478,0.9729151927556189,,,,,0.869391999231472,0.824193136315124,0.9679579278053994,,,,,
20160825,0.8002456394343734,,,0.8777467395765816,0.9745528941452751,,0.7126294617088171,0.7109708343622799,0.9843798143989606,,,,,0.8840111389535271,0.8291595850417447,0.9531002357842041,,,,,
20160826,0.9166447238784369,,,0.8962912808487149,0.9821232332998254,,0.7238457225811593,0.6827964313452205,1.0017162048720645,,,,,0.9197984400182091,0.8359135646121647,0.9356920404926912,,,,,
20160829,1.010780885991949,,,0.9183015928743018,0.9880353238379663,,0.8004121666535106,0.6686642496759657,1.0202435777380705,,,,,0.9602383853590472,0.8828616910296192,0.9605757959766689,,,,,
20160830,1.0886315548707968,,,0.9349761630460645,0.9917081230358779,,0.8726992453770852,0.6737054236386243,1.0358113850992614,,,,,0.9922504043363712,0.926127889056997,0.9473862878797638,,,,,
20160831,1.1523126174594942,,,0.9451362627129752,0.9929150912918595,,0.9342764301172674,0.6874177868387659,1.0412735999044944,,,,,0.9989428321316758,0.9692581785029564,0.935776006229891,,,,,
20160901,1.2061178260582273,,,0.9679158014281584,1.0239712059866908,,0.9767842228690939,0.6981529332131211,1.0140380689736366,,,,,1.0170022667644985,1.014065742769546,0.9247981499846846,,,,,
20160902,1.250865421118963,,,0.9811030495002089,1.0486187718157451,,1.0241218158196113,0.7050497343328889,0.9832050816619955,,,,,1.0415999642751517,1.0533235670262546,0.9313457518319098,,,,,
20160905,1.2875538999712093,,,0.9461852160377113,1.0351175097975025,,1.0577442156029566,0.7646245403132159,0.9597590055226047,,,,,0.973247776030846,1.0288405374885534,0.9342286235811043,,,,,
20160906,1.2615204950814596,,,0.9272879520153572,1.0257173773261936,,1.0648733081865438,0.8577755353719893,0.9463953307345346,,,,,0.9240879182663214,1.0152499090296545,0.9560160475959659,,,,,
20160907,1.2052330570931657,,,0.9126741436585695,1.0168713330761636,,1.07999564742684,0.9254959368793865,0.9539456871122525,,,,,0.8937874969899735,1.009865558739269,0.960218572828455,,,,,
20160908,1.1411912436091896,,,0.8600977207881324,0.9767848328547847,,1.0995714577336653,0.9794267167619503,0.9588737517265615,,,,,0.8819164823943189,1.0038048897796976,0.9643957419695969,,,,,
20160909,1.0988511988585241,,,0.829646450485102,0.9582043028548568,,1.1143672907109459,1.0197461140105568,0.9643648017530043,,,,,0.8739284130182726,0.9789391802637373,0.9652133932798532,,,,,
20160912,1.0460414254722818,,,0.8723256522391364,0.9828876565670533,,1.0836598352368234,1.0394903870638221,0.9432608065777491,,,,,0.8964009266056993,0.9322678775708962,0.9530214376804221,,,,,
20160913,1.0018775535087767,,,0.9038262536227823,0.999472931592885,,1.058268583468141,1.0553125593924417,0.9255142822615147,,,,,0.911147390098487,0.8961336136944642,0.974225456132362,,,,,
20160914,0.9840143638645246,,,0.9304467452303122,0.9960000715458306,,1.0374377655647902,1.0460784972828847,0.915160815651414,,,,,0.9344542019630188,0.8666580598366456,0.991402481644852,,,,,
20160919,0.9793529756019959,,,0.9460465127127923,0.9923127554647138,,1.0223484919322552,1.0503533942342622,0.9224491575112723,,,,,0.9484148689607622,0.8533073796572365,1.0109577846156432,,,,,
20160920,0.975605811281643,,,0.9619665508059435,0.9893974666537658,,1.0125991897352924,1.049706229630827,0.9295450635940083,,,,,0.9504681158339807,0.8461199048526058,1.006433862769108,,,,,
20160921,0.9725866701311635,,,1.002816768942588,1.0082731364452089,,1.0031096424216523,1.0446696208723307,0.938485338938423,,,,,0.9893975913969711,0.8595562253545729,1.006061825672578,,,,,
20160922,0.99221148271176,,,1.0132079383180215,1.0258787648104128,,0.9812300350061345,1.020818820706578,0.8909098567229393,,,,,1.0240301825294265,0.8662004878377088,0.9906626802520019,,,,,
20160923,1.0307509460761426,,,1.025510869391862,1.0403560442371889,,0.960654319425851,1.0040953945322273,0.8508770493124108,,,,,1.0477396384083002,0.8710641510188432,0.982515793100615,,,,,
20160926,1.0715384264342802,,,1.0513307150667812,1.0728416754535577,,0.9113002177234522,0.9997064204900435,0.8188578134310606,,,,,1.035172915221187,0.8756764345388327,0.9792180146660049,,,,,
20160927,1.0876287841945318,,,1.075175111575683,1.102431220780571,,0.8788978338523054,1.0000083113270999,0.812749560600247,,,,,1.0285778495756484,0.888124540136655,0.9827810678914236,,,,,
20160928,1.1033817258880432,,,1.0731713769637488,1.0676105442071357,,0.7955421001860487,1.0099541622515615,0.799505143038212,,,,,0.9700068165156217,0.9239577258702358,0.963123852062386,,,,,
20160929,1.1172944054665015,,,1.0760796975184763,1.0518070037012306,,0.748860539492091,1.0151702273325893,0.8145462310801903,,,,,0.9247658112984739,0.966292234234168,0.8901018899763928,,,,,
20160930,1.1036190795174634,,,1.0787794353476248,1.0518505871929895,,0.7169596339937516,1.0321235182228996,0.8287587368964835,,,,,0.8906251684417347,1.0015562473951543,0.9152155095580033,,,,,
20161010,1.0433954260131058,,,1.0754715790559592,1.0464468422376774,,0.7782036672228559,1.0082524973073197,0.8755998056632579,,,,,0.8730775414131423,1.0492715150099663,0.9276907255822531,,,,,
20161011,0.9941091481694432,,,1.086120611251253,1.0456063769449713,,0.8255671361513354,1.000597558793175,0.9159230542434871,,,,,0.8921977428612147,1.0882543148738,0.9431530366007094,,,,,
20161012,0.9537737732495859,,,1.098606588018109,1.0460548337363866,,0.8651567541436164,0.9952504705545835,0.9524602781728232,,,,,0.9146229971040236,1.1131177097764011,0.9545278399349635,,,,,
20161013,0.9207721028606117,,,1.1175853769101198,1.0447931869852543,,0.8998740714797274,1.0055969527935293,1.007763828944045,,,,,0.9499689508880174,1.1318110948938294,0.9693184154680982,,,,,
20161014,0.8398383751201502,,,1.1299241409170537,1.050178797497592,,0.9212336032340983,1.0102402180969003,1.0483300627251502,,,,,0.9804266411887796,1.143621606558107,0.9841097242519063,,,,,
20161017,0.7037792734135528,,,1.151737319868264,1.0515571783397561,,0.9490994269558335,1.015328635417816,1.0767162289714078,,,,,1.0111361204337506,1.144003580977639,1.0112911948038947,,,,,
20161018,0.5942045511354658,,,1.1688779609152642,1.0437024163114104,,0.9721531268605449,1.0171905379515611,1.1023463767056172,,,,,1.0356447029987155,1.1435666739424304,1.0336407012815712,,,,,
20161019,0.503907331092647,,,1.1265609982009657,1.0779680105400418,,1.0269060519952662,1.0058505401429771,1.1329230924559732,,,,,1.0757251239028376,1.1479909840071847,1.0684366148413482,,,,,
20161020,0.41228781634852923,,,1.1064047941904025,1.1021115678884557,,1.0767911922244442,0.992874857603104,1.159184836251067,,,,,1.1126503802616865,1.1557043202717825,1.119853260481617,,,,,
20161021,0.3373263951942511,,,1.0909299995437591,1.120852325837303,,1.1182349137463388,1.003666490682383,1.1772782582387686,,,,,1.1447015075608213,1.1608011786998849,1.0512614557971605,,,,,
20161024,0.357914261779557,,,1.0795907977258743,1.114820782787337,,1.0718476372805221,1.0151916163811392,1.1463575104371528,,,,,1.1682437710369007,1.0719432700727196,0.9997226980006588,,,,,
20161025,0.4165248284059771,,,1.0678660777301263,1.0919847623991075,,1.0302240138826366,1.0199519671155508,1.136226743861484,,,,,1.1718839284242508,0.9958862895107535,0.9601104620291222,,,,,
20161026,0.46447892837304805,,,1.057193946530399,1.0737579736356693,,1.0004971238100413,1.032758762129561,1.1314591569978607,,,,,1.1699211356857404,0.9525340557193037,0.9316669302409282,,,,,
20161027,0.5037141010733788,,,1.0474427996762026,1.0617312223577953,,0.9772069350561776,1.0356985361500872,1.107373831954952,,,,,1.1355518035490249,0.9130701132942888,0.9309386463959411,,,,,
20161028,0.5804468036293801,,,1.0411743124655537,1.0292403790886235,,0.990749844671318,1.0583850047566834,1.1011537547631576,,,,,1.106722377599053,0.8972498059091369,0.9245010097919535,,,,,
20161031,0.7323400914482491,,,1.016593848623875,1.0043235883420714,,0.9987213791567324,1.0814379525369038,1.105020748681608,,,,,1.0795055197278345,0.9166979848963301,0.8963559207840632,,,,,
20161101,0.8579091171031539,,,0.9963686670226882,0.9866342782893092,,0.9825031045882084,1.1040014479984679,1.1062267611759198,,,,,1.0682589889914764,0.9389191973967305,0.904752309517375,,,,,
20161102,0.9584125810478246,,,1.0200928980026243,0.9202257957349865,,0.9789387242058709,1.1317621432880542,1.1210362580525477,,,,,1.0696096978630958,0.9674201682177043,0.9120245822820657,,,,,
20161103,1.039662179041234,,,0.9891542723503896,0.8682066120613613,,0.9730948349612465,1.1574384190148717,1.1298087630324134,,,,,1.0233838393748316,0.9859341771990334,0.9161678089037176,,,,,
20161104,1.1069682047443543,,,0.9805993444025405,0.823247245534527,,0.9797185282840534,1.1672148723332338,1.145584368271405,,,,,0.9849420949408706,1.0114675244775035,0.9745101018949079,,,,,
20161107,1.157091868066505,,,0.9773130446161852,0.8592504074483832,,1.0189825398890668,1.176986789921444,1.1709553088227174,,,,,0.9532870159267613,1.0686714670800876,1.0268886496647633,,,,,
20161108,1.1756913943183867,,,0.9879072917850913,0.9064341865414305,,1.0586660300187842,1.1907948986268244,1.181535258884108,,,,,0.939873196696464,1.11843889202755,1.0748216388399288,,,,,
20161109,1.1923236018703043,,,0.9827260074571394,0.9442323854726632,,1.0909175852846165,1.1911826190511159,1.1904464136531472,,,,,0.9390232271772605,1.154134207416046,1.1095212348000605,,,,,
20161110,1.212740113615995,,,0.9955872485881527,0.9810015575894777,,1.1152152072725996,1.2047300599103852,1.2018599336028526,,,,,0.9754368327365875,1.1851245186779713,1.1082376116082635,,,,,
20161111,1.2258317873076123,,,1.000533831258124,1.0105414165614333,,1.1040958871782185,1.2011454742868866,1.195868185553094,,,,,1.02528646031373,1.2056407170852437,1.1116457318194874,,,,,
20161114,1.2456076214152252,,,1.0484968217151456,1.065599911294694,,1.107996179442942,1.1881297259155768,1.1798734679001655,,,,,1.0909306406198525,1.2005090937952494,1.1435044560303236,,,,,
20161115,1.2351123928991872,,,1.0882952926814038,1.1063546917460034,,1.1200361609760823,1.173872876765591,1.1703843666795863,,,,,1.143554907018196,1.1953895116919095,1.1607233766202327,,,,,
20161116,1.2271893284654978,,,1.1227740230889436,1.1418762881507636,,1.1271597845018873,1.1573789081866328,1.148575917170285,,,,,1.1848346277455604,1.1939037063082178,1.173824193393558,,,,,
20161117,1.223930766016429,,,1.161955816898323,1.1728757025063896,,1.1280731148255416,1.1476946218682553,1.1308874657671768,,,,,1.2244835393070685,1.2014938093059127,1.1826077618635638,,,,,
20161118,1.2203855903933276,,,1.1784627327138584,1.2016805843957785,,1.1255085968411949,1.154236251159407,1.1074605752389592,,,,,1.2560314876852696,1.1957181450814935,1.1894864818819646,,,,,
20161121,1.2136801457428217,,,1.1911909834672956,1.2117316175307786,,1.133609886880609,1.1626153133207455,1.0943161667573031,,,,,1.2817463839511924,1.1921681717446821,1.1649250456433182,,,,,
20161122,1.2075089015854046,,,1.2016522540265517,1.213806335924088,,1.1327963292615435,1.1505757773104364,1.081473972171371,,,,,1.3024684804249362,1.184617208763928,1.158816562786805,,,,,
20161123,1.1998754257557844,,,1.216667350633759,1.2169291043011556,,1.1118324687312366,1.1116289642465194,1.0597091729072983,,,,,1.3188420301449313,1.180224297501796,1.1496084306182472,,,,,
20161124,1.1493603299716608,,,1.2202343843529564,1.2123321868105004,,1.0915110686113867,1.0806906914509182,1.0383280187311146,,,,,1.3251780281241476,1.1774929220157717,1.1491854127168142,,,,,
20161125,1.127008117913399,,,1.2225366918028437,1.2059660567971826,,1.0900605010949485,1.0386881604645948,1.0197609623820545,,,,,1.3074680364279845,1.1704813270503052,1.1334909176814751,,,,,
20161128,1.0894396923938108,,,1.134224440387904,1.142389354515692,,1.0843627013606223,1.014827929024001,0.9854130775927494,,,,,1.1324453894241815,1.1255111242645695,1.0922883894377855,,,,,
20161129,1.0559970847229978,,,1.071548712745151,1.1114952119406392,,1.0724257702628017,0.992895285027319,0.9571069707310366,,,,,0.9825641897918078,1.0863285310100033,1.0508573443130726,,,,,
20161130,1.0248191126746247,,,1.0260913660087092,1.0873340732149643,,1.070810980893453,0.9674566746569461,0.9443426435806608,,,,,0.8767417903333121,1.0507945151885876,1.0255520950049362,,,,,
20161201,0.9905488732154111,,,1.0072913066120064,1.0682726348996405,,1.0743743595260498,0.9486983444393126,0.9462833831156112,,,,,0.7917454341785678,0.9953374351064892,1.0134408058956115,,,,,
20161202,0.9694953282619844,,,0.997875920330269,1.0482177032840658,,1.0704636544492552,0.8979893306046725,0.9457094708588983,,,,,0.7225413875135195,0.9642463604881037,1.0098065493991304,,,,,
20161205,0.9566043608613949,,,0.9854202744259728,1.0198040228667398,,1.0727790989338564,0.8625462879473289,0.9538543951712279,,,,,0.6627889176927295,0.9172673527881068,1.025005669932919,,,,,
20161206,0.9463083457094219,,,0.9660109649932257,0.9963760389283944,,1.0749048754752402,0.8268980404106162,0.9573831201515531,,,,,0.6134347284374767,0.8937102544974388,1.004413094256947,,,,,
20161207,0.9256194738296818,,,0.9510480536958713,0.9805030186996088,,1.0681131076445942,0.8382935957330643,0.9578012063328758,,,,,0.5725782102333867,0.8803989006224742,1.019379197684338,,,,,
20161208,0.8910863017707277,,,0.943982898597669,0.9740251894399236,,1.0456294011602432,0.850878228042481,0.957802097585228,,,,,0.5346374268972905,0.85924248547571,1.0326448855641954,,,,,
20161209,0.8602163541571746,,,0.9414250616091261,0.9736103376160362,,1.024340621833489,0.874997936014808,0.951430688337306,,,,,0.5346502337242665,0.8373860564084402,1.0503435988070902,,,,,
20161212,0.8535607757203819,,,0.985883464216478,0.9725323244683545,,1.0139944205002231,0.8950072843127596,0.9674239646153152,,,,,0.6684773468735493,0.8489922854458692,1.0795921544115663,,,,,
20161213,0.7991843429341183,,,1.0133815822243943,0.9661830163819661,,1.0015862477877415,0.908573312533676,0.9663880352298868,,,,,0.7855884118215191,0.8458101496084358,1.102453308611084,,,,,
20161214,0.8149592885398045,,,1.0113810745574912,0.9126025232404161,,0.9536851022986859,0.9148326841697487,0.9263583507845853,,,,,0.8628696788013479,0.8346131897619207,1.0985338382956775,,,,,
20161215,0.8924083846881162,,,0.9775202797386666,0.8797133365724547,,0.9295973787011924,0.9250532631364179,0.9092465056820268,,,,,0.9261951113113128,0.8426575810202922,1.0938704463164426,,,,,
20161216,0.9649227807665672,,,0.9533932013723995,0.8618842046289265,,0.9202304637221329,0.9757830946492562,0.9164934876793621,,,,,0.9808185763803366,0.8561795874789331,1.065860008366111,,,,,
20161219,1.0164403737146992,,,0.9366908740893587,0.8531640113532833,,0.8720990523015372,1.0148698964714657,0.9292579429191395,,,,,1.028472014631442,0.9155267622084133,1.0641977120787225,,,,,
20161220,1.0558541258673557,,,0.9275114199157063,0.8562212654476182,,0.8453789435554638,1.0571148406592163,0.9510975798582767,,,,,1.0790334283280463,0.9484068491530363,1.0703628564542107,,,,,
20161221,1.0789033766835143,,,0.9193896278672246,0.8512726707303038,,0.8014472822504042,1.0488413469537634,0.9379730950249353,,,,,1.1210907291259233,0.9471950544403714,1.0400410234854474,,,,,
20161222,1.0830111337146406,,,0.9191665236623412,0.8588749574652348,,0.7708572034924746,1.0299305383845685,0.928175983269964,,,,,1.1607138923193188,0.9506683596201619,1.012043722390113,,,,,
20161223,1.0927438981195001,,,0.9055599771367009,0.856185136998885,,0.7172279201327363,1.0157975872717186,0.9055178088628729,,,,,1.1632010469320304,0.9522765949804531,0.9918803811665652,,,,,
20161226,1.084130022781749,,,0.8744897241760446,0.8840707287652688,,0.7105667487667875,1.001152371973574,0.8926592012508093,,,,,1.1002828633453068,0.9528776608930216,0.9596275638066151,,,,,
20161227,1.0562435946783348,,,0.9059306024423297,0.8841826769280695,,0.7189045551908009,0.9901653845634751,0.8878624085198468,,,,,1.0734785143739194,0.9817037316814613,0.9281107095737754,,,,,
20161228,1.0579019954999442,,,0.9444271025400518,0.8919353412454722,,0.7387736783353481,0.9834630141496136,0.8834153429694085,,,,,1.0655761728137958,0.9832344165548261,0.917660971056193,,,,,
20161229,1.0374366668523782,,,0.9913993245293372,0.9252176685325745,,0.750259444669873,0.9848430494253004,0.883277233830468,,,,,1.0595297027812696,0.9834717987159998,0.9083087897182983,,,,,
20161230,0.9823396570685756,,,1.0264734489876806,0.9530103542542294,,0.7822817458978341,0.9578675382507328,0.8943867584581793,,,,,1.053942731241929,0.993484298639267,0.9042039914939807,,,,,
20170103,0.9416569840342675,,,1.0567800729963541,0.9849236647246474,,0.842994146776914,0.9290080253853779,0.8988558114538313,,,,,1.0469568442934982,0.9782925743957713,0.8858844299311953,,,,,
20170104,0.9315813250921158,,,1.0821198334243565,1.0081455253193412,,0.8801251972450204,0.9119532206687263,0.8968640624248523,,,,,0.9980117004274164,0.9763602620931484,0.872498737624529,,,,,
20170105,0.9286342383494742,,,1.1035575133301088,1.0290831544201782,,0.9302764694319686,0.9072933915569158,0.9167428348556435,,,,,0.9558624702618047,0.9913402606226188,0.8819888723258758,,,,,
20170106,0.9111070659420372,,,1.1087703192475242,1.0263499147823671,,0.9756113219544795,0.9080323608407452,0.9317478293533205,,,,,0.9126679170183224,1.0039044006126983,0.8719581587136533,,,,,
20170109,0.894216129307136,,,1.1171230613915395,1.0525894112430187,,1.0355791678608837,0.9378631840486922,0.9620685010242868,,,,,0.8905208046226403,1.0171429009848287,0.8659686695817569,,,,,
20170110,0.9129320585247773,,,1.1306576867623979,1.0293441024110068,,1.0668066084412837,0.9630362286606844,0.9759086022820718,,,,,0.8962521370300452,1.0286881305391988,0.8724415375830783,,,,,
20170111,0.9378491221428714,,,1.0604375436848434,1.0189688207432432,,1.0809691653590376,0.9815381902669813,0.9796492069660662,,,,,0.8805725506429307,0.9963014507344666,0.8803368159628868,,,,,
20170112,0.9258072968383205,,,0.9938923013104596,1.003490188374572,,1.0944542113343199,0.9799699921867759,0.9942134509641588,,,,,0.8451715624176019,0.9920322312635631,0.8823893487294265,,,,,
20170113,0.9294149938324454,,,0.9336910335193807,0.98669604280459,,1.1199974293336943,0.9780347782886324,1.0106093532952887,,,,,0.8167125257430001,0.9900628486061576,0.8842674892756437,,,,,
20170116,0.952868326217698,,,0.8849883031829067,0.9827497051702284,,1.1083981221347692,0.9930483319359947,0.9920862375651176,,,,,0.7939976380770858,0.9635448931544698,0.8700622833087507,,,,,
20170117,0.9683982486712722,,,0.8349186584091516,0.9855097544411106,,1.0925194881597433,0.9906176104328883,0.9792175351477361,,,,,0.7774723164328002,0.947517939562561,0.8709684037634003,,,,,
20170118,0.9441758982606258,,,0.7939453255364319,0.993399200069171,,1.0851280502748744,0.9851135517526337,0.9709068015620205,,,,,0.7786924162052595,0.9341532441626196,0.8722042826514002,,,,,
20170119,0.9237504309383509,,,0.7630708509462995,0.9861024122580948,,1.083051586331144,0.9814423463720066,0.9750196937813438,,,,,0.770872758811662,0.9313684079256597,0.8806146139857648,,,,,
20170120,0.9172475457572679,,,0.755334766883372,1.0232545878599077,,1.0556163052059988,0.9841228494408906,0.9689716295862402,,,,,0.786414352493318,0.9257523567420689,0.9031126500477916,,,,,
20170123,0.9117617882673966,,,0.7449599292708101,1.026781116233665,,1.0101631606586823,0.9224880570201505,0.9567003636699608,,,,,0.8444159743773342,0.9151735611624979,0.9271905995586665,,,,,
20170124,0.8243228137578125,,,0.7420744979103394,1.0497211834448437,,0.986631629181839,0.8746691356187244,0.950837866544453,,,,,0.8900302570024972,0.9055796930154296,0.9167247853478774,,,,,
20170125,0.754626943519598,,,0.7893425661673195,1.0678008118442728,,0.9690232019779785,0.8403147510989423,0.9515624861325542,,,,,0.9330075299499953,0.9114492050358088,0.9095045886711522,,,,,
20170126,0.7120920825946977,,,0.8405080233616923,1.0883779987449922,,0.967447208090766,0.822854798306565,0.9572478793992801,,,,,0.980360215390786,0.9152774988111269,0.9012504173020515,,,,,
20170203,0.6645297017734638,,,0.8836163156545471,1.115561542168171,,0.9354687646923129,0.8420451130120371,0.9626159109060232,,,,,1.0199401330169904,0.9218476684020006,0.9144323202954486,,,,,
20170206,0.6261924355977291,,,0.9206655161204066,1.109231963916216,,0.920395302935662,0.8571374803277654,0.9596333828350186,,,,,1.0545262823326234,0.9042782705128559,0.8976450793431182,,,,,
20170207,0.5947462092869574,,,0.9464976617072958,1.1100946304209898,,0.9051330357076752,0.8667665020335092,0.9565186461302329,,,,,1.0839149477732626,0.8884326373695272,0.8807473598371032,,,,,
20170208,0.5724969567369923,,,0.97080404587191,1.110763665211114,,0.891825384867698,0.8845656355900078,0.9549610662310922,,,,,1.1114513311211134,0.8763381923768743,0.8793472777411945,,,,,
20170209,0.554963001624141,,,0.98638528978774,1.114948256077875,,0.8763421599802924,0.8914592547353701,0.9399792596739746,,,,,1.1483099344837122,0.8477321556596976,0.8797355481027926,,,,,
20170210,0.5108189004545854,,,0.9467145070255745,1.0808540836685616,,0.863905853737908,0.891120313062205,0.9309168032492512,,,,,1.1636989639595476,0.826815704350399,0.9277009369681691,,,,,
20170213,0.46649134711857543,,,0.9418951582763938,1.0734753062050673,,0.9103300808350311,0.9258592800008405,0.9464492498234207,,,,,1.1299572655856038,0.8426813937955291,0.958701698266064,,,,,
20170214,0.5591127446972065,,,0.9487690914521132,1.0674323152693461,,0.9410726254373931,0.9452649156753363,0.9569104917742702,,,,,1.1058567657130978,0.8591360967599381,0.9998204329380154,,,,,
20170215,0.6771755700713401,,,0.986718452688731,1.0661025973181701,,0.9891346299600108,0.9905514817850442,0.9591201130262554,,,,,1.1027314232111123,0.8647935330306601,1.0395425157571578,,,,,
20170216,0.7665315008500319,,,1.0165939037030087,1.0519743170135432,,1.0249065552876662,1.0277121048386393,0.9662079618159415,,,,,1.1010761738130115,0.8749639491089373,1.0740020738335452,,,,,
20170217,0.8419167979769554,,,1.0433792103080521,1.009392955365102,,1.0684584543273747,0.9938654157968024,0.9739832778840533,,,,,1.0998454692472353,0.8796602705943679,1.0762665584394178,,,,,
20170220,0.899089985458036,,,1.0677608195030936,0.9868882442085458,,1.102308454011571,0.9707764196474181,0.9947533832253252,,,,,1.0653761747460542,0.913140348571875,1.0898271490344476,,,,,
20170221,0.933332207122037,,,1.0996500427523892,0.959359233947895,,1.1321037374822278,0.9752321996499009,1.017037987644728,,,,,1.035870477833,0.9665200935391954,1.1136815709917878,,,,,
20170222,0.9776396734438041,,,1.1242893513673706,0.9366305313793646,,1.158997744215703,0.9793864567138854,1.0371337296882066,,,,,1.0100025018642216,1.0099047837548858,1.1286800704249653,,,,,
20170223,1.0176860093941482,,,1.1511456427374864,0.939872108104466,,1.1810295861736357,0.9881521934027219,1.0558348856962412,,,,,0.9919077765803965,1.0556805993167668,1.1400757538585775,,,,,
20170224,1.0417499588184502,,,1.1820237135501654,0.9535062947649985,,1.2030320223764932,0.9985496141747109,1.0727876431744547,,,,,0.9817265740396359,1.095328417417382,1.0284101912476316,,,,,
20170227,1.054311383963678,,,1.1723051036967715,0.9254923794568264,,1.1723049376738897,1.0085941810961636,1.0344765796681026,,,,,0.9718054764749798,1.094735737104713,0.9377807899305995,,,,,
20170228,1.084323508213987,,,1.164863991723482,0.9005481376682015,,1.1460680416818902,1.0109722639087335,0.9949841354259464,,,,,0.9594707691359564,1.074038922336944,0.882276363546062,,,,,
20170301,1.071721975553291,,,1.1316901976161993,0.8887100778632964,,1.0226390512947394,1.0006311284076124,0.9372051323776676,,,,,0.9160241769801467,1.0687065282818036,0.8330939106561063,,,,,
20170302,1.0325550797393812,,,1.1091201152788388,0.871721014084436,,0.9231605156647259,0.9939491823941815,0.8672923017500762,,,,,0.876513035475296,1.0632076903039824,0.7935420069323252,,,,,
20170303,1.0191962531546563,,,1.092002190763318,0.8783299773398027,,0.8444317000680437,1.030681373848436,0.813704436072496,,,,,0.8425966740770181,1.058154136688225,0.7632755354231221,,,,,
20170306,1.0042281643286197,,,1.0619486337433244,0.8845441086180872,,0.7845172778877395,1.0615626164301837,0.7844408736711849,,,,,0.839010487819722,1.049758361611964,0.7376398478886419,,,,,
20170307,0.9735428190308022,,,1.0343806611877375,0.8975305791726237,,0.7327825708180332,1.0419248157603223,0.7456517718712731,,,,,0.8361493178473276,1.0237046080449173,0.7120270915631924,,,,,
20170308,0.9457168278292478,,,1.007184220886223,0.9170701314005094,,0.7374022493829707,1.0637169229741237,0.765285809642519,,,,,0.8760930766179803,1.0097526550463585,0.7506135484868555,,,,,
20170309,0.9197594919090993,,,0.9815278431292179,0.8747483975194152,,0.7298611859994923,1.0668980967600288,0.7769371382265933,,,,,0.917894938672602,0.9851016064112518,0.7826125296412988,,,,,
20170310,0.9042698047696439,,,0.9414340709399495,0.8422329655317389,,0.7255736211281698,1.0709745017648815,0.7907900503850656,,,,,0.9438457592410208,0.9455174283527615,0.8691333930346871,,,,,
20170313,0.893280789031794,,,0.932035503566517,0.8396532965746671,,0.7517330281861803,1.0725090495529583,0.839949735563135,,,,,0.9783691572241885,0.9063339665577511,0.9481632805847772,,,,,
20170314,0.8735228234101213,,,0.9296554926276,0.8389411640699868,,0.773561512381071,1.066823979859014,0.8824073597632558,,,,,1.0096620436443333,0.8755263893598999,1.0050102667226952,,,,,
20170315,0.892430095008577,,,0.9338728777834534,0.8336370363142517,,0.8638804748222685,1.074074540345842,0.9470549384098121,,,,,1.048190965448487,0.8850491832879908,1.0553441974444207,,,,,
20170316,0.9271263146801225,,,0.9391722572343,0.8490440203145851,,0.9411137024325673,1.08042435701929,1.0139443317090706,,,,,1.0832725122878823,0.8954338588330243,1.0953241095119486,,,,,
20170317,0.9052702945228124,,,0.9438461735456247,0.8654822194015626,,1.0023110015075005,1.0772053569756126,1.0671464659470709,,,,,1.1164339142831459,0.9034244641950175,1.1309163239878977,,,,,
20170320,0.9003059751893151,,,0.9594937212587469,0.8762840206678738,,1.0504356981744085,1.073093304101147,1.1000434946765825,,,,,1.1344215321364717,0.9133891416801764,1.1587334065297856,,,,,
20170321,0.9016632875448694,,,0.9761533426567581,0.888903966716637,,1.0912465524184476,1.0903994491048896,1.133587623848105,,,,,1.1462466821196775,0.9264964168580744,1.1829716337869192,,,,,
20170322,0.902125537878519,,,1.0055083428015406,0.8968971817876846,,1.0505137635576873,1.0518028579991832,1.1046354768677258,,,,,1.122585015402722,0.9252820106620647,1.1357228855206636,,,,,
20170323,0.9065506110724457,,,1.0167435313118753,0.9395005747720866,,1.0297582254524655,1.017773680957154,1.0866434602505608,,,,,1.0477832626969215,0.9294859076794614,1.0843317022772851,,,,,
20170324,0.9037288872232108,,,1.0370893235278211,0.9737184239025123,,0.9965838579735027,0.9899370877270731,1.052561962083759,,,,,0.9531236538235835,0.9517539340146616,1.0448755230277764,,,,,
20170327,0.893276419634291,,,1.0454028431379292,1.0013680202816633,,0.9659565008863878,0.9697752733452252,1.0359613899629132,,,,,0.8864155044398969,0.9939253234461951,0.9940796135684117,,,,,
20170328,0.9407148406354896,,,1.0439060693015776,1.0270865258815929,,0.9431488702814047,0.9312741457304176,1.020105971347781,,,,,0.8306270279035266,1.0377776495154234,1.0010930226639947,,,,,
20170329,0.9640866001901723,,,1.0400365284159416,1.0541502544780454,,0.9352603776328214,0.9071034203122773,1.0304900003994362,,,,,0.7934699559929698,1.0444603005122843,1.0046279397154374,,,,,
20170330,0.9887567305756313,,,1.0368535910639094,1.0738418874855922,,0.9193333294112351,0.8595738608537206,1.0354629872912025,,,,,0.762480094249327,1.0463423888767194,1.0056950092970718,,,,,
20170331,1.0516672957603614,,,1.0343906461899086,1.0740175221633816,,0.9061637333936535,0.8258901724875207,1.0403557754287656,,,,,0.7446125510536571,1.0511721693583036,1.0057280518697922,,,,,
20170405,1.0982758908047137,,,1.0569141844523697,1.0943518487129364,,0.9369080453058343,0.8414218880032039,1.059372447767507,,,,,0.7627203688923224,1.060295869594862,1.0051610175176107,,,,,
20170406,1.138967397160749,,,1.0746022576882255,1.108140839069175,,0.9614555066048069,0.8363236254996568,1.0753492988368258,,,,,0.7797789473933708,1.044026043305866,1.0045813479831829,,,,,
20170407,1.172753520503635,,,1.050951141698232,1.1195603201358575,,1.006900489641128,0.8729593176779912,1.101313180297326,,,,,0.8164459834518825,1.0376202389147005,0.9981744781453116,,,,,
20170410,1.1988756978428134,,,1.0440103382117993,1.1279676527451197,,1.0478787640668894,0.9087454491977153,1.1273710390011704,,,,,0.8801757753810046,1.0540484330377105,1.0091067916455145,,,,,
20170411,1.2225802826044943,,,1.071870353242407,1.1360984905485452,,1.0866092575044377,0.9395126059669405,1.154897409891684,,,,,0.9507887234084211,1.0750087607373076,1.0471990002620506,,,,,
20170412,1.2454963532675403,,,1.0940531655271049,1.136561156187593,,1.1203448640254128,0.9623284045003225,1.160893727112279,,,,,1.002508321720817,1.072072204966563,1.0836054178150727,,,,,
20170413,1.2260929850998716,,,1.111123870203287,1.1370695080577498,,1.1470708017295965,0.9963538182364254,1.1681151974241857,,,,,1.045359922386721,1.0644282532786917,1.0547822756048144,,,,,
20170414,1.211413967084417,,,1.1293372229038363,1.1273167980896983,,1.156917287006625,1.0136961956015655,1.1279355108171851,,,,,1.0705537694047018,1.0748933389151047,1.0249359268927725,,,,,
20170417,1.1791865161973198,,,1.147037659070805,1.1212568435070538,,1.1700916941556392,1.0464079820738277,1.0969743684627158,,,,,1.0921334460153176,1.084505401984841,0.9979286032976319,,,,,
20170418,1.074911127494049,,,1.1611324469094502,1.1242320081091484,,1.1818101433170298,1.0753466227703175,1.0723912756639993,,,,,1.0876240404929183,1.0853139966485525,0.953156184153211,,,,,
20170419,0.9904566600187135,,,1.1160814887210055,1.0859779097396025,,1.099976152075065,1.013877809230648,0.9848804195421796,,,,,1.0576515737993752,1.0454050053622785,0.946034600403799,,,,,
20170420,0.9215803635533484,,,1.079023522048417,1.0726620945907415,,1.0306407490654435,1.0077035678392692,0.9209494159918469,,,,,1.0238078715818528,1.0127000906367514,0.9540115586638942,,,,,
20170421,0.8652270300816861,,,1.0631658766254728,1.0187016071784378,,0.9754589083455704,0.9900895603598912,0.8719197765437359,,,,,0.9896969846439856,0.9866899833215912,0.9795366710762502,,,,,
20170424,0.8197159699327303,,,1.0507548648410656,0.9747724350636696,,0.9070142100725832,0.9759167209094565,0.8124458409943005,,,,,0.9581854252866845,0.9510088282890955,1.004413671238835,,,,,
20170425,0.7825211891494945,,,0.9664055802829825,0.9392817572599667,,0.8448522807928294,0.9631729696176774,0.7648109612020948,,,,,0.9395473453181475,0.9077257894137266,0.9699535228755563,,,,,
20170426,0.7244078148496781,,,0.9020343865880788,0.8835410337043337,,0.8053516925141057,0.9587745707039237,0.7525988875302786,,,,,0.9184466841485991,0.8912269671798918,0.9451158224026434,,,,,
20170427,0.5926973030588275,,,0.8657821808462457,0.8319455309777886,,0.7800814687104222,0.9814100995906307,0.754490443956009,,,,,0.9028092486881555,0.8892924706908081,0.9516234861084634,,,,,
20170428,0.48493415704813153,,,0.8135988123503317,0.7946249777711755,,0.7702273487211893,0.9853683863264745,0.7490038463346262,,,,,0.8951382991420946,0.8274060960070417,0.9527990497781257,,,,,
20170502,0.3989991674364544,,,0.7646759295697393,0.7838343157758731,,0.763094156881341,0.9931740858919944,0.7393699984435312,,,,,0.8639846742726479,0.7767808961540741,0.9460552991608787,,,,,
20170503,0.4656684758227959,,,0.7180080851089917,0.7664024018418847,,0.7590067454796785,0.9889639436370753,0.7360793504128528,,,,,0.8457610370718626,0.7390436521971434,0.9428359182076779,,,,,
20170504,0.5220360711000676,,,0.735893041105204,0.8204086176037743,,0.8027340834616161,1.024449145759589,0.8019562713847882,,,,,0.8586271293662092,0.7950959722749673,0.9635025225666612,,,,,
20170505,0.5681550126905625,,,0.7786296624920683,0.8561664119736047,,0.8414125791969129,1.0468996626588454,0.8538720840749902,,,,,0.8945199040220699,0.8491982459513165,0.960601055871009,,,,,
20170508,0.6058886921736947,,,0.8169218174042832,0.9145946876575889,,0.8676395518992565,1.074442093535681,0.8908072204140182,,,,,0.9341933546878655,0.8978893201864078,0.9548356438654888,,,,,
20170509,0.6367617026598937,,,0.8483830312581174,0.9625932575950015,,0.8955363182696408,1.09538900198697,0.9328085225149267,,,,,0.9726998735334214,0.9457291732029907,0.9330527586994142,,,,,
20170510,0.6620214385122385,,,0.9174816679577273,1.0024044766118705,,0.9244474906287132,1.115173033212081,0.9764109424709818,,,,,1.0000347715426723,0.9941026226328916,0.9371289440126563,,,,,
20170511,0.7126913818806166,,,0.9726409160272724,1.0568216824304888,,0.9531895392191112,1.132154053322429,0.9963908331529723,,,,,1.0318028511246844,1.0259549317825667,0.9746460218573312,,,,,
20170512,0.8331269279790151,,,1.003951875467207,1.1026902098620504,,0.9754436156639149,1.124137235866051,0.9908536438709967,,,,,1.0552771624686808,1.0405004874097887,1.0003327085672213,,,,,
20170515,0.926067260704763,,,1.039207354192271,1.1386747555049352,,1.0000223918459612,1.1320608886490662,1.0300676183861264,,,,,1.082355167605373,1.0882211163467561,1.0292840927262463,,,,,
20170516,1.0013978516676758,,,1.0776100571006535,1.1487866434290113,,1.0220197932006747,1.137307018300109,1.068295905278513,,,,,1.1126411837742676,1.13173531083713,1.0551381740221784,,,,,
20170517,0.961495028323052,,,1.1109545720688014,1.1594945961815575,,1.0379094324766307,1.1445162162803388,1.0984043371946839,,,,,1.1374925117835202,1.1701132638187168,1.0769028786181494,,,,,
20170518,0.9533034796935549,,,1.107791794125189,1.1052488395166624,,1.0382309080776657,1.1226333923591696,1.0826001246215944,,,,,1.1335500889081604,1.1382214118100347,1.0612890525255452,,,,,
20170519,0.9609634157603129,,,1.0207476849438177,1.051461605174028,,1.028597241944915,1.1037799860692792,1.073909856671118,,,,,1.062003910925282,1.1258674050842572,1.0654308438806195,,,,,
20170522,0.9672306361785693,,,0.9475548657536987,1.00685723426664,,1.0347994142635846,1.0898608220947283,1.073890246182733,,,,,1.0029702124797788,1.1180096467425602,1.0714857350309697,,,,,
20170523,0.9723583619753245,,,0.9263504653407307,0.9701978302337163,,1.0513077095282417,1.0764453508553602,1.0785087054877514,,,,,0.9602706703043573,1.1158152684309453,1.0782382126807015,,,,,
20170524,0.9765537739908516,,,0.908285277238041,0.9329743218163296,,1.0564139460515138,1.0611214387982875,1.065682836849295,,,,,0.9215480920130411,1.1126410009570007,1.083746731515957,,,,,
20170525,0.9799863838217373,,,0.8986771952113634,0.8796274133721913,,1.0525535304615246,1.0395119775316994,1.0578414410057282,,,,,0.8966946536692335,1.1110519467708275,1.063809565745761,,,,,
20170526,0.9822369248616872,,,0.9171790225199447,0.8415995335181448,,1.0543258197199696,1.028655174809588,1.0570467763786457,,,,,0.9254145217237417,1.1085703791620016,1.0411471147602662,,,,,
20170531,0.9753797397078695,,,0.9481230308641999,0.862411791340658,,1.0226785149431192,0.9765748959726519,1.0472192131969986,,,,,0.9287160698926329,1.1306309764212539,1.038493311732191,,,,,
20170601,0.968827842980191,,,0.9671074527610365,0.881875502746839,,1.0193753172408462,0.9626011624399776,1.0362001004534689,,,,,0.9311328783667563,1.1461306009896046,1.037176508728871,,,,,
20170602,1.0009438436442422,,,0.9828131563887543,0.8980073869081353,,1.0382423046969076,0.9778722820291967,1.0446063122675402,,,,,0.9324978722968496,1.1589566060761398,1.0281198321096208,,,,,
20170605,0.9415963549207292,,,1.0092473696561823,0.94173633555096,,1.048912918742964,0.9828895067310661,1.0616794624387766,,,,,0.9557103453921152,1.186369829450936,1.0414277053622905,,,,,
20170606,0.7703970176624146,,,1.0455979256511767,0.9709499611835463,,1.0395768495104436,0.9778108705539134,1.0169859263274863,,,,,0.9855297447500218,1.166922819627755,0.9742007677319074,,,,,
20170607,0.6303248326328846,,,1.0777155223081414,0.9947580988619571,,1.0314604259240108,0.9741790225151638,0.9828870936363511,,,,,1.0100029613659214,1.152723612030754,0.9188082856565981,,,,,
20170608,0.5157203176087237,,,1.0929137004419849,1.0078386158082395,,1.0296311864516636,0.9798267240283551,0.9589248528181156,,,,,1.029233217244862,1.1427330057711906,0.8766097628211875,,,,,
20170609,0.4219529871344102,,,1.1042420324777322,1.0257176824265912,,1.0325229900743673,0.9837428451772525,0.9444049597302382,,,,,1.0486023567309268,1.1348799688561793,0.8478684664089359,,,,,
20170612,0.34523426220088105,,,1.0992132861450412,1.060126425208029,,1.0582641595774773,1.007453140549973,0.957416430009835,,,,,1.0680152845868938,1.116090769567612,0.8440126856696578,,,,,
20170613,0.2824643963461753,,,1.0735957148196382,1.0862963523502773,,1.0812153187016857,1.0283932374320788,0.975968446259321,,,,,1.011273999758444,1.09961138502835,0.8363697319856219,,,,,
20170614,0.2311072333741434,,,0.9712119123598332,1.040473869160515,,1.116497726940254,1.0675197068963371,0.9961606640464709,,,,,0.9722994725861398,1.0187592607966314,0.7918821862237607,,,,,
20170615,0.36266785020978287,,,0.8958762903165608,1.006044483975534,,1.1159102441138533,1.0626978019439361,1.012205409182487,,,,,0.9200629037959556,0.9605788138063387,0.7570634303763001,,,,,
20170616,0.5324128110939954,,,0.8227598640643072,0.9759853538396702,,1.0686271895499675,0.9955535234064485,0.9961127905030747,,,,,0.8738815242829451,0.8981217941570564,0.7418284233194562,,,,,
20170619,0.6922804251587437,,,0.7490714325289173,0.958199040895535,,1.0347718511366228,0.9507894845430854,0.9846074650906036,,,,,0.8259283373679486,0.8486137176113216,0.7475954170425774,,,,,
20170620,0.8305857340542907,,,0.6831851676401742,0.9482759971230706,,1.015407321638477,0.9182214068003337,1.00472446870267,,,,,0.7924351681952976,0.8184761974702711,0.8013197987062226,,,,,
20170621,0.9435663708069659,,,0.6509681972757421,0.9408192965322126,,1.0006736244838388,0.8955388609568193,1.0213857433606754,,,,,0.7570646005681905,0.7950785283877653,0.8433488223320301,,,,,
20170622,1.0359296585131792,,,0.6299718014548656,0.9362130980057017,,0.9950908794444121,0.8776492704484894,1.0363699054001314,,,,,0.7421896929321385,0.79078796808957,0.898078898554905,,,,,
20170623,1.1111831422450242,,,0.6166847597346482,0.9366053966658272,,0.991528894011395,0.8823022713738121,1.0516165995171314,,,,,0.737051644091395,0.7877064152871347,0.9361846499735209,,,,,
20170626,1.1726998214137363,,,0.6146454644427236,0.9323300974652597,,0.9531515634906904,0.8540876770606912,1.0303430884646942,,,,,0.7345888115446383,0.7913629060834956,0.9668311655890388,,,,,
20170627,1.2231588158183349,,,0.6246411815353956,0.9119520158623013,,0.8943210356894242,0.8250241725020565,0.9580338455388646,,,,,0.7626337122896892,0.7880584760277013,0.9978862662236199,,,,,
20170628,1.2644434476039157,,,0.7020940506725645,0.8825922447019644,,0.850809700664303,0.8011933038099341,0.9107709335656357,,,,,0.7868131275920915,0.8148523170425818,1.0367838709406751,,,,,
20170629,1.29084265662326,,,0.7562228045777243,0.8821774707580177,,0.835143296947285,0.7895251989261605,0.8791531827032452,,,,,0.8355503305877146,0.8436839930745469,1.089859671858321,,,,,
20170630,1.3012019293477242,,,0.8140680875918976,0.8896598694422456,,0.8517190416642602,0.8170071782691896,0.8713037748209265,,,,,0.8789740093877891,0.8725241819379268,1.1287335123124442,,,,,
20170703,1.2479885211327746,,,0.8700759513072227,0.8833650548361083,,0.8622502735571705,0.8205842286301234,0.8668773795386587,,,,,0.9241322172865717,0.8969594296305534,1.1443272824634336,,,,,
20170704,1.1727703014909858,,,0.9357232955915652,0.9293861284399849,,0.8958583727265229,0.8441710823625775,0.8857488680681078,,,,,0.9645761499479844,0.9286450832418507,1.161226722754607,,,,,
20170705,1.1076084171708431,,,0.9374563111070892,0.9669612979933097,,0.9219824436841142,0.86820312341243,0.8996038366448922,,,,,1.014347392305796,0.9586782283567146,1.17638734556347,,,,,
20170706,1.0242661829523236,,,0.9255439985166165,0.9951571293282014,,0.925586376756376,0.8817464815310443,0.9030940339723798,,,,,1.0327473259458289,0.9584164660471534,1.1440290979056773,,,,,
20170707,0.8472524883665893,,,0.9207315599927428,1.0125915942070227,,0.9281372910727393,0.8764576654094495,0.9047970852272668,,,,,1.048803197385485,0.9580423473418932,1.1197726037923297,,,,,
20170710,0.7013990514896641,,,0.9186153279358141,1.0310293067992142,,0.9600765485588395,0.8918313789068535,0.9304996772911185,,,,,1.0635459261459805,0.9652537536570173,1.1078458900923855,,,,,
20170711,0.573871951218816,,,0.9436510789470358,1.0526324228083694,,1.008316481428713,0.9131559916827382,0.9848245940949283,,,,,1.105140334432414,0.975988072336363,1.0976699764157996,,,,,
20170712,0.4695315964517584,,,0.9651352839749869,1.1010154454047896,,1.0436056044079312,0.9407264654872259,1.021469247575716,,,,,1.1357852372617383,0.9859856672554795,1.1012228281194743,,,,,
20170713,0.38416221527871136,,,0.9854285579787849,1.1193140657847405,,1.06468911460925,0.9511846840244073,1.0418297838101667,,,,,1.1657247716636359,0.9935379691433813,1.0210720601703156,,,,,
20170714,0.31431453977349105,,,1.0029280095930346,1.1339785315415358,,1.0809643885370852,0.9656949074418947,1.0595511218844522,,,,,1.1812960844409137,1.0030953391465707,0.9562419700694358,,,,,
20170717,0.2571664416328563,,,1.0225933129602143,1.1475527962647358,,1.0960351339710386,0.9848091753982012,1.0709393484237333,,,,,1.196676949088485,1.0051615886751284,0.9229575518890987,,,,,
20170718,0.21040890679051877,,,1.0072224656589666,1.0481752277950578,,1.0508817959687322,0.986883702305557,1.0301340225025983,,,,,1.2005646811666668,0.9845438004639412,0.8823993907263531,,,,,
20170719,0.17215274191951532,,,1.0186029615632584,1.0009810560278705,,1.014482101270056,0.9708016532263944,0.9981452577462488,,,,,1.2077833615561981,0.9650293772291512,0.8955723317506341,,,,,
20170720,0.14085224338869434,,,1.0467585177304017,0.967239104278588,,1.037678799083143,0.9516145176316333,0.989892059149447,,,,,1.229056578492001,0.9240182352901429,0.932490232972084,,,,,
20170721,0.1152427445907499,,,1.0758933433704394,0.9430179683195637,,1.058078572072563,0.950678182141003,0.9829119985602394,,,,,1.2476985151868478,0.9041922383824853,0.9620812093915286,,,,,
20170724,0.09428951830152264,,,1.0968369538102754,0.9381909297202556,,1.0461239545381202,0.952245961265335,0.9538630450438509,,,,,1.2634442226660456,0.884403710906846,0.9850473043829638,,,,,
20170725,0.09428951830152264,,,1.0962305585646661,0.9331889271175442,,1.035763613319612,0.9496205973302627,0.9286658518809899,,,,,1.1673452604254793,0.8482709944442502,1.0015151112033736,,,,,
20170726,0.09428951830152264,,,1.0993039427204478,0.9249941636206971,,1.0376500912840294,0.9352769258784475,0.924549508809177,,,,,1.0734283774832836,0.8674757152408281,1.0101292222900264,,,,,
20170727,0.09428951830152264,,,1.1051318017310015,0.9272968605352467,,1.0442812193561632,0.945912783692307,0.9288173645986882,,,,,1.0116302546035028,0.8971006989947417,1.0562949128485941,,,,,
20170728,0.09428951830152264,,,1.1152762424953975,0.9638157862204132,,1.0588564637579678,0.9502028764452163,0.9512129193686938,,,,,0.9445324071667771,0.9157627174520543,1.0924647719704474,,,,,
20170731,0.09428951830152264,,,1.1181451227151342,0.9953466949963012,,1.0709232040431436,0.9518356911253275,0.9702664714082324,,,,,0.8947811608891068,0.9427811407685895,1.1157243368712881,,,,,
20170801,0.09428951830152264,,,1.1297595354112626,1.050035053262876,,1.1039775516349586,0.9557099312942734,1.009598956860611,,,,,0.8505119614318359,0.9695039873245226,1.141745471269618,,,,,
20170802,0.6559758989667128,,,1.137530941408436,1.0512807528628103,,1.131523993450581,0.9878287377053209,1.0406706621536497,,,,,0.818096094529821,0.9996463520713935,1.0598349057081056,,,,,
20170803,0.9026421730665165,,,1.1410395625088785,1.053311620013597,,1.047896319813536,1.019430899453027,1.0155058576097022,,,,,0.7737818398388688,1.0440653507258997,0.9740534059060703,,,,,
20170804,1.0405757112580736,,,1.1393738214793803,1.0719433809650707,,1.004428683748101,1.0589515928075528,1.0183765237979876,,,,,0.7398903406508173,1.0815947604539489,0.9040744384926015,,,,,
20170807,1.1311665062092247,,,1.1386893326128646,1.0856771866387667,,0.9822276887733388,1.0888717925749967,1.0297029468007761,,,,,0.7128052809564966,1.1096374551172352,0.8495775306575797,,,,,
20170808,1.2089025205345103,,,1.1113011316184884,1.0974147368743792,,0.9884474243981054,1.1131409184806198,1.057782620598855,,,,,0.7573638255659368,1.1445852941657688,0.8063043288421592,,,,,
20170809,1.2641559318478233,,,1.095218612298946,1.1171739941930732,,0.9874759713691088,1.1291986041231379,1.0732005119932944,,,,,0.8054098365313133,1.0766902087850985,0.7858034934764244,,,,,
20170810,1.2999430250407644,,,1.079682366433179,1.1334071594407296,,0.9868066245147776,1.1400883421708286,1.0846447199586366,,,,,0.818457713229716,1.0252371541878185,0.7695809503575273,,,,,
20170811,1.3290675330526955,,,1.0902908192472416,1.0693918690252848,,0.9916261101623299,1.1647851699272531,1.067953506108059,,,,,0.8568652204069616,1.001483360507744,0.7632599506354476,,,,,
20170814,1.3513673371834944,,,1.0819268870958727,1.0175519196093434,,0.9922844285867687,1.186976310220807,1.0565523618095927,,,,,0.884455086377377,0.9888942838835402,0.7416648532423191,,,,,
20170815,1.3686766804695967,,,1.0788378589078846,0.9728288498655602,,0.9887685145518706,1.212436744275902,1.047696001592212,,,,,0.9177202957179491,0.9787849311094706,0.7275322418477345,,,,,
20170816,1.34384778990918,,,1.0797866759649353,0.9474121901975486,,0.9858727857589848,1.2116096737321966,1.0406441895901188,,,,,0.9414362551688406,0.9660679080462475,0.7817632041188375,,,,,
20170817,1.3158631902801896,,,1.0824103217293832,0.9247673419373363,,1.0359839645209907,1.2125142297568117,1.065398282690007,,,,,0.9775462781393077,0.9752088675990522,0.8543451160477218,,,,,
20170818,1.3073014263866467,,,1.0879282685973894,0.893231484817534,,1.0617000964869903,1.1839686489637808,1.0747162160015136,,,,,1.0069003988902727,0.9826864069243765,0.9105286816661495,,,,,
20170821,1.3005211592849208,,,1.087356242804523,0.8682103757411165,,1.072084828434343,1.1621846506203055,1.0719316365688547,,,,,1.0282087992346902,0.993060913117498,0.9375944949348639,,,,,
20170822,1.2457908633215653,,,1.1021179250258009,0.8482118920210767,,1.070853846063885,1.1412539365766634,1.0579907263689523,,,,,1.044826029150185,0.98312469288078,0.9598880507397476,,,,,
20170823,1.2016539127855548,,,1.1109225334069415,0.8094917909026753,,1.076260641110778,1.129125915777768,1.0540442801848469,,,,,1.048452255250287,1.0172366109686952,0.9685729073603067,,,,,
20170824,1.1524239174503046,,,1.1232649187300887,0.7756644879246408,,1.0807356563434913,1.1158395229235498,1.0529713735757051,,,,,1.0707061796433408,1.0444226429351362,0.9785544338917016,,,,,
20170825,1.1032911074474685,,,1.0222794258259755,0.7521787718857382,,1.0437974038892022,1.0789270779198479,1.0539051385574039,,,,,1.0441032929607645,1.0450575015277435,0.9730976949543801,,,,,
20170828,1.0634032939089046,,,0.9541171264091117,0.7354193274946659,,1.0138485685127447,1.0460711212030191,1.0522027290387739,,,,,1.0270624029238675,1.0343325204465499,0.9819603119342933,,,,,
20170829,1.0309742996923947,,,0.9078378129691086,0.7195488572765295,,0.975009909672312,0.9872902302351009,1.0251083742510652,,,,,0.9651390033180594,1.0309048081027534,0.9790092968990096,,,,,
20170830,0.9933872478216431,,,0.8731391616544489,0.7073780095366776,,0.9432276642185525,0.9457110699521718,1.0036357695490745,,,,,0.9053122207188254,1.0245892910659649,0.9753848263027888,,,,,
20170831,0.9650305804130608,,,0.8367630819592995,0.6957139304760425,,0.8998263974614101,0.9100812018228718,0.9490769296762818,,,,,0.8574899524267958,0.9625541111739941,0.9483021548190841,,,,,
20170901,0.9051490161230178,,,0.8043760627664327,0.6925195954178275,,0.8774809146211473,0.8919727578581531,0.9194445619339072,,,,,0.8275657836024151,0.9080583373849466,0.925888640506126,,,,,
20170904,0.855118103765628,,,0.8111985504167768,0.7342165473140155,,0.866513833730652,0.8862437713650352,0.9001045523520187,,,,,0.805512458183658,0.862351936870103,0.9105956084249003,,,,,
20170905,0.8360457011563823,,,0.8173544443565008,0.7689475441725897,,0.8302997961663487,0.8844675407940092,0.8778490598681112,,,,,0.7772602296337091,0.8389775713061338,0.9025591271101168,,,,,
20170906,0.8204703632746382,,,0.8239114619629484,0.8005908295937135,,0.8108529413798424,0.8516491617125985,0.8823541169363389,,,,,0.7830952486921853,0.8205530952777081,0.9064393826147212,,,,,
20170907,0.6870844400766797,,,0.8206449199415217,0.8301432425756625,,0.8085233548482861,0.854516776690726,0.8942814908953859,,,,,0.7666708737326284,0.8219791868430256,0.8857119004053396,,,,,
20170908,0.5775936196765488,,,0.8475953788788974,0.9119836437355407,,0.8376548876913157,0.8730217263477064,0.9104182211973478,,,,,0.7788292253307976,0.8404728330559607,0.8725192147178861,,,,,
20170911,0.4881023633800354,,,0.8828431139941476,0.9779295704710954,,0.8629700181838655,0.8891200554534173,0.92545041807168,,,,,0.7870611782382627,0.8641341366652076,0.8700013913300624,,,,,
20170912,0.41494383979923105,,,0.9193160781384966,1.033466432713671,,0.8948344579825366,0.9247808728738475,0.9499133897139299,,,,,0.8314416954120929,0.8728777343786797,0.8848809994755283,,,,,
20170913,0.3565913223846625,,,0.9476733921891668,1.0779794873787378,,0.9328803858717579,0.9716061111127784,0.98186683986127,,,,,0.874407700267983,0.8920507931823697,0.8851125425727348,,,,,
20170914,0.3095955661852577,,,0.9882237255218219,1.1182231010873704,,0.9697435809316097,1.0043773944013834,1.0222963068652318,,,,,0.9137580996691133,0.9429100088265231,0.9219902151519886,,,,,
20170915,0.25325298388010603,,,1.018369221367636,1.1565205503997724,,0.9679818941301498,1.0042759605521796,1.0230908937517866,,,,,0.9018124326723596,0.9767012181074264,0.9752928887191388,,,,,
20170918,0.20717186922926276,,,1.0101283974074582,1.1464426387820374,,0.9685518476226496,1.0095024921838103,1.0260004142245558,,,,,0.8955292448692078,0.995502124430351,1.0162816824615992,,,,,
20170919,0.1694807554213704,,,1.0073455472798938,1.124796258035995,,0.9792390805829381,0.9927918051741004,1.0332697913758269,,,,,0.9154411312805222,1.0093438011177527,1.0460114313635722,,,,,
20170920,0.13865034436073592,,,1.0065750776527322,1.0986022445398376,,0.9953694789970199,0.9848073404491389,1.0448108019865985,,,,,0.9137425621804868,1.0312278909288597,1.0758112913073605,,,,,
20170921,0.1134306641787108,,,0.9833317334458694,1.0726985015817319,,1.0079256266077596,0.9753221958902054,1.054781608055658,,,,,0.9390496364463815,1.0554899431040332,1.106394751412532,,,,,
20170922,0.09279986147046182,,,0.9494573179733379,1.0498995367342379,,1.0217461634934344,0.9782202228345214,1.0700290599510631,,,,,0.9641519368812599,1.0786457727712486,1.1311580918450415,,,,,
20170925,0.3300415138723404,,,0.9165638246971162,1.0345352007991746,,1.0376634139669396,0.9817757634434908,1.089347556455983,,,,,0.9834338615346223,1.0984247778782283,1.151003566134795,,,,,
20170926,0.5241264016419358,,,0.8902461185893167,1.0196287693256663,,1.0359715682960546,0.9763060907037839,1.0880021904858133,,,,,0.9921742501495607,1.0867201382039222,1.1634467442245526,,,,,
20170927,0.6829084573894629,,,0.8596606245650024,1.0072985349751569,,1.0058523138271858,0.9291690995516427,1.0566683055828292,,,,,0.9693868250469478,1.0756114188701158,1.1782000503162668,,,,,
20170928,0.8128112288757623,,,0.8746428077173112,1.0205424081502943,,0.988714549417099,0.9099274279145253,1.0372229550531546,,,,,1.0210537367468882,1.0673093336108908,1.1609183670606251,,,,,
20170929,0.9221708009532286,,,0.88840756396748,1.0238034576621808,,0.9927214055816139,0.9177571776495034,1.0427478359243145,,,,,1.0777302511440667,1.0762494349569884,1.0864821499545483,,,,,
20171009,1.0116422873099176,,,0.9304401453001728,1.038422129916168,,0.9946532745696804,0.9344440261548915,1.0499472210529128,,,,,1.1243806456656087,1.0884343292924619,1.0276316812072668,,,,,
20171010,1.0848432003234407,,,0.964149794734071,1.0560598070556817,,0.9927846676871174,0.9544318131949554,1.0469218214205143,,,,,1.1570260151642278,1.103773401343315,1.0449506602712075,,,,,
20171011,1.1447328279460343,,,0.993027071190166,1.071163612667823,,0.9908411395917522,0.9723093772444317,1.0451684894538378,,,,,1.180809995012479,1.1134448198887819,1.0589102216047648,,,,,
20171012,1.1937320745197593,,,1.0302539929342531,1.0711165039731958,,0.975080253121881,0.9795578803365601,1.0155326822757067,,,,,1.1975191986332547,1.0794758787623384,1.0707858605466094,,,,,
20171013,1.2338214582349911,,,1.055558714763654,1.0808091461919338,,0.9732976779178678,0.987564817276041,1.0056280454315474,,,,,1.2022363574523387,1.0636342603560232,1.0805873796005065,,,,,
20171016,1.0094818573608855,,,1.0794223351498955,1.0875010969891286,,0.9713978149582069,0.9958006090961523,0.9961361152754956,,,,,1.2043600283853524,1.0507008911816418,1.0861925222340372,,,,,
20171017,0.8259340605824164,,,1.0961584048471011,1.0933820422359262,,0.9751604498505848,0.9992968646805017,0.9974108272363998,,,,,1.2112048619256688,1.057446995928182,1.0781564673197335,,,,,
20171018,0.6757604552964009,,,1.110386572318216,1.0981169172466465,,0.9957675545667513,1.029034758848833,1.0169668029103147,,,,,1.2299731976697628,1.0672995905910672,1.0733962603958105,,,,,
20171019,0.5528923902002064,,,1.0839692714224296,0.9769017064943512,,0.996418505483435,1.0269303103987182,1.0256764024851792,,,,,1.1103285807848196,1.0757068797594818,1.0788152672259463,,,,,
20171020,0.4523648089436921,,,1.0687852599653618,0.9033615184047431,,1.0077023071353568,1.0429439396343652,1.0309812128907687,,,,,1.0096583267409756,1.0846469439653834,1.1026840191859828,,,,,
20171023,0.37011552912307566,,,0.9913325320150793,0.8516317321630505,,1.023200063022969,1.0127980921212485,1.0336905933227802,,,,,0.9288627389173391,1.091033350716882,1.1360829590534973,,,,,
20171024,0.3028210382790041,,,0.9256100293657945,0.8113596196203954,,1.0368917695578816,0.9849764202900082,1.039612744787638,,,,,0.8639244597466964,1.0810403037180971,1.091253972930134,,,,,
20171025,0.24776216007872418,,,0.9084468043699755,0.7783362519543384,,1.0365627041343655,0.9675486333381697,1.043378050943841,,,,,0.8106295359831011,1.0467273043229506,1.0593673302876632,,,,,
20171026,0.20271415481004101,,,0.898643603315685,0.7576133001488171,,1.0527437267130233,0.9639457785956134,1.0676688035761097,,,,,0.769553140177274,1.0398608649305368,1.0342131568206148,,,,,
20171027,0.16585680828505936,,,0.8995095388095367,0.7413972746101425,,1.050206981350066,0.9552362610491731,1.057153985590002,,,,,0.7402972445461653,1.0365771437625368,1.004305754475669,,,,,
20171030,0.16585680828505936,,,0.8977071650751942,0.728244330852526,,1.0434925399274957,0.9504237490873163,1.037005450466629,,,,,0.718056409333477,1.0342970567662122,0.9757963955031369,,,,,
20171031,0.16585680828505936,,,0.9059357478577896,0.7178345539982922,,1.036641827688127,0.9787205837529631,1.0205949912328873,,,,,0.723868306510766,1.0320733438976626,0.9584878458996968,,,,,
20171101,0.16585680828505936,,,0.919217529791044,0.7266863807338642,,1.0293272702064546,1.0051893102682894,1.0081863949893881,,,,,0.703999083623445,1.0300358668287182,0.969087824900511,,,,,
20171102,0.16585680828505936,,,0.9349427763727972,0.8141813322212036,,1.0388146957874382,1.0350326289965124,0.9943538989882893,,,,,0.7546870701812215,1.0191695870975535,0.97717135426123,,,,,
20171103,0.16585680828505936,,,0.9460434682065724,0.8577999026677957,,0.9982600421822351,1.0221025842393763,0.9446215566657227,,,,,0.7978167365083785,0.9623159262016391,0.9552820789175959,,,,,
20171106,0.16585680828505936,,,0.9943914927012231,0.903888887519468,,0.9769008468621394,1.0428982492450574,0.9156277524907281,,,,,0.8706173603073817,0.9240916984444534,0.9153330380746898,,,,,
20171107,0.16585680828505936,,,1.03413177813395,0.9431741126315445,,0.9611518008054997,1.0621857094356115,0.8938284651232554,,,,,0.9305255199158915,0.9012623400839955,0.9229256528277142,,,,,
20171108,0.16585680828505936,,,1.0065029439828816,0.9805628075596527,,0.950483706657875,1.075318464184457,0.8751450373984047,,,,,0.9834020068777996,0.8959691227131193,0.9105802324494976,,,,,
20171109,0.16585680828505936,,,0.9842905158491856,1.0129954605861202,,0.936904424911129,1.0853373786767466,0.8371286418307142,,,,,1.0270271809671285,0.8931150653865502,0.8971521307103605,,,,,
20171110,0.16585680828505936,,,0.9642669225559939,1.0270269940659615,,0.9195902108025685,1.0959857942471327,0.8226965280858141,,,,,1.0592194255639058,0.8472366629766179,0.8614866802502105,,,,,
20171113,0.16585680828505936,,,0.9345968375617183,1.0372682985334052,,0.905486581931389,1.0857115735194736,0.8163888726418235,,,,,1.1011272867994788,0.8158242983321147,0.8318445557618488,,,,,
20171114,0.16585680828505936,,,0.8994787401197749,1.04699565809124,,0.8852990886565203,1.0217501069830204,0.807958683807697,,,,,1.1028910144433381,0.7978740269324298,0.8014269091695431,,,,,
20171115,0.16585680828505936,,,0.9332801656878218,1.0810053056519917,,0.8877242387270278,1.0105270891270004,0.825312208798228,,,,,1.1278821285284764,0.8041594774118135,0.7498798433737774,,,,,
20171116,0.16585680828505936,,,0.9673823914421558,1.1062636906181063,,0.8828781611568343,0.9945871974548446,0.8476718531921007,,,,,1.1603952559369386,0.8095382963839973,0.7121845276241289,,,,,
20171117,0.16585680828505936,,,0.9924753199729899,1.1377221685153363,,0.9058160454551806,1.0092073506118053,0.8954342038062484,,,,,1.1878471566464368,0.8566862478050887,0.681657346807811,,,,,
20171120,0.16585680828505936,,,1.0281370106648056,1.1368072675377925,,0.8998548140413211,0.995003310386284,0.9235025276146323,,,,,1.1940661525422267,0.883224158891115,0.710999920498213,,,,,
20171121,0.16585680828505936,,,1.0577585703638859,1.1356097919463835,,0.9009303512991922,0.9824431112333339,0.9452643521097273,,,,,1.2026179327180548,0.9145149880773403,0.7594289311924437,,,,,
20171122,0.16585680828505936,,,1.10454830284648,1.135238096168345,,0.9042097531344142,1.0051841574198264,0.9641952653816996,,,,,1.2146376997573975,0.9419804454338632,0.8177941969441868,,,,,
20171123,0.16585680828505936,,,1.1426370340934768,1.142742923219746,,0.9123466085159573,1.0248359490190255,0.9923701311513828,,,,,1.2238960038206936,0.9686841900970866,0.8706524933458565,,,,,
20171124,0.16585680828505936,,,1.1741296749548997,1.1545401386844745,,0.9253391930450464,1.0405966515891039,1.0084255710432581,,,,,1.232457509962308,1.014828496819295,0.9258769770596886,,,,,
20171127,0.16585680828505936,,,1.2045709469181114,1.1545468158359014,,0.9556359955186456,1.066101940866071,1.0299373352409427,,,,,1.1750199991580885,1.038487021813031,0.975476527597008,,,,,
20171128,0.16585680828505936,,,1.2316290838597197,1.1582819268561102,,0.9828112107058129,1.1071468592715015,1.0481404202577616,,,,,1.0917403548822324,1.0579804980869882,1.013346250572637,,,,,
20171129,0.16585680828505936,,,1.1793933480834478,1.082757849816577,,0.9972463707262026,1.0849848677301783,1.0471562101251841,,,,,1.015065428369124,1.0651438541433194,1.0671841148031416,,,,,
20171130,0.16585680828505936,,,1.1383573817406294,1.036009425765979,,1.020001193564999,1.0679315487209131,1.0517059889622928,,,,,0.9515209828101543,1.078840102749036,1.1071441427104707,,,,,
20171201,0.16585680828505936,,,1.1042990478723553,1.0198544228875064,,1.0404695361314127,1.0565503320189291,1.041468000089528,,,,,0.9601686955905898,1.0822796764832245,1.1341384087805226,,,,,
20171204,0.16585680828505936,,,1.0442336269402965,1.0177919242401403,,1.0746390441242901,1.056833658124301,1.054721647014417,,,,,0.9705613851458101,1.1036858484336016,1.120888853474512,,,,,
20171205,0.16585680828505936,,,0.9962457768537063,1.0217930012547745,,1.098277490124283,1.057478985786473,1.0658191665501058,,,,,0.979290534962622,1.1159863706564466,1.1023864145597708,,,,,
20171206,0.16585680828505936,,,0.9406063830458488,1.037664175866344,,1.1149315387554044,1.0360846518819915,1.0749008925359622,,,,,0.9720433417959882,1.1263129519817825,1.0873690397504177,,,,,
20171207,0.16585680828505936,,,0.9574305369629976,1.0473049081481698,,1.1310288912909237,1.0377772623265555,1.0967093462677495,,,,,0.97459354182276,1.1420326599189852,1.091495274752392,,,,,
20171208,0.16585680828505936,,,0.9731933669438303,1.0542944744111038,,1.1482258587026588,1.0549168641945372,1.1238873320612366,,,,,0.9750495373852478,1.1571053277542322,1.0958287607849373,,,,,
20171211,0.16585680828505936,,,0.9800977444952104,1.0475532285854008,,1.1215161162979865,1.055629948763039,1.1152790433582656,,,,,1.0004437241660666,1.1386038750530993,1.0923030620066803,,,,,
20171212,0.16585680828505936,,,0.9850245160449922,1.0405637120417017,,1.0985422598742998,1.0578617277134084,1.1060602571390488,,,,,1.0346793384164301,1.1244435583072043,1.088790829585423,,,,,
20171213,0.16585680828505936,,,1.01759237899266,1.071544265327857,,1.0928013514518995,1.0882054593370714,1.1126321795227938,,,,,1.07139536475092,1.1248198823503939,1.087031932819281,,,,,
20171214,0.16585680828505936,,,1.0323951183069038,1.0876312081257122,,1.0780906315661476,1.1088103687635666,1.120201716567134,,,,,1.1061210999172304,1.1262434234609136,1.0948995562780963,,,,,
20171215,0.16585680828505936,,,1.0387168970466105,1.054181170407968,,1.063798680132281,1.1198319697814283,1.1327532152343318,,,,,1.0357747069162628,1.1276483568480014,1.1006889270435543,,,,,
20171218,0.16585680828505936,,,1.0666897798922592,1.0037520688895454,,1.0255283798965071,1.1194476301290646,1.1200841566732649,,,,,0.9822534083018262,1.1026811732900197,1.113202672979674,,,,,
20171219,0.16585680828505936,,,1.0906324813814632,0.9584298370194947,,1.0109382111007983,1.118403942145914,1.1158278552284113,,,,,0.9322957206688759,1.0673421350528314,1.1242615872345372,,,,,
20171220,0.16585680828505936,,,1.1192319853257906,0.8965297989627962,,0.9990758927407348,1.1126707509397809,1.1124004072547342,,,,,0.898857469613185,1.0382206812968504,1.1322672988193923,,,,,
20171221,0.16585680828505936,,,1.0217895798966132,0.8162899014632247,,0.9640630672949115,1.0868971601810744,1.0487327955048749,,,,,0.8312752215515877,0.9797492919761532,1.1059471673143761,,,,,
20171222,0.16585680828505936,,,0.9337212440277128,0.7800459315726442,,0.933826720221048,0.9757117592114309,0.9778512801337992,,,,,0.7768098770618586,0.9307782125337358,1.0865497783513296,,,,,
20171225,0.16585680828505936,,,0.8677144781143336,0.7584910188669943,,0.9382494901654143,0.8924567625208555,0.9376488992903808,,,,,0.7351920321730322,0.9149132027928355,1.0797615694924843,,,,,
20171226,0.16585680828505936,,,0.8067377037772633,0.75081283173762,,0.9625006860969056,0.8460725590872032,0.9187904001211057,,,,,0.7324089650126115,0.8718149270767321,1.0744773586454286,,,,,
20171227,0.16585680828505936,,,0.7604094414802316,0.7488259788453724,,0.9707809388911597,0.8080772483037585,0.897740892535719,,,,,0.7296090008904269,0.839309954538665,1.0630376427849872,,,,,
20171228,0.16585680828505936,,,0.7261204995244602,0.7438751189998528,,0.9825131178434279,0.7787853253620224,0.8738965624731433,,,,,0.6865678454773126,0.8085854728848387,1.006609239294473,,,,,
20171229,0.16585680828505936,,,0.6999599025501463,0.7620583552031114,,0.9877681569738127,0.7621024067754404,0.8492205064206864,,,,,0.6856933739132348,0.7903228200245237,0.9624921261998313,,,,,
20180102,0.16585680828505936,,,0.6980708487212451,0.7986193482516416,,1.0043179751787739,0.7605674040365535,0.8462472615975999,,,,,0.6866888296165152,0.8013572783080575,0.9104894353431224,,,,,
20180103,0.16585680828505936,,,0.6985589289597135,0.828467490420576,,1.003618294151469,0.7596447552211221,0.8307140002533052,,,,,0.7125202908063998,0.8235513780909997,0.8694788122245488,,,,,
20180104,0.16585680828505936,,,0.7033910006810299,0.8725652058776681,,1.0037964154773718,0.7702510178597278,0.8178502768836076,,,,,0.7424492293513311,0.8402471919666349,0.8442655575939404,,,,,
20180105,0.16585680828505936,,,0.7470590318660367,0.930826372075677,,1.0212045143060113,0.7668635821934803,0.8445897436662066,,,,,0.7970505508401733,0.8691718161196236,0.8386790691443821,,,,,
20180108,0.16585680828505936,,,0.7899330837732942,0.9352509747255354,,1.0331430068594254,0.8260573705611256,0.879427067129853,,,,,0.829796975541274,0.9076851303865588,0.872815262784263,,,,,
20180109,0.16585680828505936,,,0.8243444575595726,0.9391598268029793,,1.0295683796582256,0.8587957266248418,0.8990323499967291,,,,,0.8591871683825676,0.9142972267254078,0.8917886598769198,,,,,
20180110,0.16585680828505936,,,0.8660389425636018,0.9020515180682586,,0.9570711073039566,0.8549220401140895,0.8867560459699066,,,,,0.8639546054216898,0.9367071387911552,0.9075565692617078,,,,,
20180111,0.16585680828505936,,,0.9036142393821529,0.8731799706283846,,0.8955520303963249,0.8292233252259436,0.8643957441379251,,,,,0.8702162059752699,0.9383505425456264,0.923892146472344,,,,,
20180112,0.16585680828505936,,,0.9324271117839368,0.8609867958131712,,0.8476244820359816,0.8159559864127012,0.8509534340716874,,,,,0.9220923556374461,0.9436987838688322,0.9651089558043925,,,,,
20180115,0.16585680828505936,,,0.9565115464748437,0.8516020169131315,,0.8183393518095586,0.802270329860391,0.8487623401325454,,,,,0.9661557388572839,0.9524399085475533,0.9993913982482941,,,,,
20180116,0.16585680828505936,,,0.9710786116548711,0.8411952177862263,,0.8234404398632835,0.8062932685281232,0.8564423580778081,,,,,0.9943294435362001,0.973919585247964,1.0389564544123229,,,,,
20180117,0.16585680828505936,,,0.9754743929005375,0.836199200757922,,0.8382225365356943,0.8116709514952101,0.8743744666494445,,,,,1.0141063427083994,0.9915310127079128,1.0686559127756914,,,,,
20180118,0.16585680828505936,,,0.9718479515770964,0.8161118973383381,,0.8499586124137574,0.8144381818736752,0.8877318931722402,,,,,0.9848232546140374,1.0035876577511829,1.0883283435321567,,,,,
20180119,0.16585680828505936,,,0.997463969491016,0.8053134119731716,,0.8622924435674679,0.8356171809287698,0.9038767533015334,,,,,0.9647980473636705,1.0171193769626403,1.1012872274107033,,,,,
20180122,0.16585680828505936,,,1.0217380268044212,0.8202245222070043,,0.8755547512321109,0.8565112533799755,0.9165808624977656,,,,,0.9424935807246596,0.9867938308900751,1.0360234089897176,,,,,
20180123,0.16585680828505936,,,1.040649568375348,0.8541863542702272,,0.8961567996508977,0.8831314441833762,0.9358834836020014,,,,,0.9243404283781743,0.9823152792464783,0.9938113449704477,,,,,
20180124,0.16585680828505936,,,1.0686080490889522,0.9080176446180603,,0.9486832244084272,0.9317470804215973,0.962062110852162,,,,,0.9528369122454451,0.9814069629175751,0.9581643516022813,,,,,
20180125,0.16585680828505936,,,1.0926799459330632,0.9405490009615477,,0.9908864023301356,0.985177227817174,0.9897430738721963,,,,,0.9759781955959432,0.9929078079213156,0.9508949220819521,,,,,
20180126,0.16585680828505936,,,1.1140952555839496,0.9514608521830387,,1.0231033582624398,1.0221971511780485,1.0123249286377203,,,,,0.984198654317243,1.002616150409934,0.9442950930664205,,,,,
20180129,0.16585680828505936,,,1.1198494884468317,0.9334180555294264,,1.0483056535086979,1.0562130379535395,1.029769782927743,,,,,0.9859627045650278,1.0161597593381466,0.9362125009283354,,,,,
20180130,0.16585680828505936,,,1.1197033661971758,0.9533209754582675,,1.0154301492084974,1.0199423022823,0.9760436677288862,,,,,0.9817602241982137,0.9549474629008494,0.9266930242066078,,,,,
20180131,0.16585680828505936,,,1.1236290018199468,0.9738648346809033,,0.9862312684154524,0.9653664702785238,0.9264028566448759,,,,,0.9685885565045993,0.9123720692023001,0.9249176619062888,,,,,
20180201,0.16585680828505936,,,1.1321321741516435,0.9840437647691895,,0.9687366522818258,0.9829545358722718,0.9086366049481531,,,,,0.999109991999184,0.8810395307865255,0.9193195971257078,,,,,
20180202,0.16585680828505936,,,1.1316754649264755,1.002826295636804,,0.9511108116073413,0.994680768357443,0.8840231416181228,,,,,1.0234495398003998,0.8521513936202707,0.9287645454270473,,,,,
20180205,0.16585680828505936,,,1.1317162329349597,1.02098587568753,,0.9400734233569424,1.0059292323021862,0.8854213100476057,,,,,1.038969018533688,0.8536467500080142,0.9507573303774528,,,,,
20180206,0.16585680828505936,,,1.1390731177957427,1.0403194718183555,,0.9194311824068155,1.017050643288125,0.8816750115860023,,,,,1.0521546472854622,0.8420804730177094,0.9678881574832054,,,,,
20180207,0.16585680828505936,,,1.086087799878264,1.0605871184868114,,0.9065241216715515,1.0121328848360782,0.8916900154756041,,,,,1.002441492507958,0.8268924675030056,0.9767237541148679,,,,,
20180208,0.16585680828505936,,,1.0115812614293367,1.081378438935545,,0.8848506585237685,1.0060056719017436,0.895673220158726,,,,,0.9576016369629782,0.802387147937386,0.9635784945549183,,,,,
20180209,0.16585680828505936,,,0.9479529268773739,1.1072619331658176,,0.8433617043203426,0.9925293693920054,0.8910482741370954,,,,,0.9234040261624905,0.7841310318412588,0.9572208112990557,,,,,
20180212,0.16585680828505936,,,0.8925021372202797,1.1412674245061605,,0.8095733519338593,0.9813838173483805,0.8871526260127337,,,,,0.8973045928729666,0.7728168178643346,0.9420614255282264,,,,,
20180213,0.16585680828505936,,,0.850823227468375,1.152931532137363,,0.7971709829076143,1.0010453582496168,0.9280407931933606,,,,,0.8784430236737537,0.8100775308589805,0.9363783775679334,,,,,
20180214,0.16585680828505936,,,0.8093098077444004,1.1521322985689977,,0.8371558716862262,1.0090155561846819,0.9796893308524155,,,,,0.8578328919567129,0.83272731394707,0.9369247866525915,,,,,
20180222,0.16585680828505936,,,0.8145815008157352,1.1490086654056937,,0.8641737955889665,0.9647229121008671,1.0088050162468891,,,,,0.8470367204734152,0.8536718979796157,0.940554273813864,,,,,
20180223,0.16585680828505936,,,0.8378362974953265,1.154903188400209,,0.8929709696813742,0.941933139103831,1.0389656914706142,,,,,0.8498416101304743,0.8885864321904221,0.9575559668575941,,,,,
20180226,0.16585680828505936,,,0.8632157169843748,1.1586269547545582,,0.9086130776303738,0.9146616203849582,1.0278631487125443,,,,,0.8743330751724733,0.9236852072033409,0.9863841546085316,,,,,
20180227,0.16585680828505936,,,0.8651754603540828,1.1047723904787534,,0.9176184220879181,0.8938651381736645,1.020632024619752,,,,,0.8860112218251027,0.953867366448305,1.0107887652687384,,,,,
20180228,0.16585680828505936,,,0.903404202351985,1.0603899367169645,,0.927224144052768,0.8977347620584377,0.9962469409301277,,,,,0.9117906044657499,0.9835640200131771,1.0319593402238503,,,,,
20180301,0.16585680828505936,,,0.931423016842219,0.9872461406392687,,0.9653008779605874,0.9136080051965789,0.991632537381919,,,,,0.9372342234666613,1.017198450588751,1.0456655327337896,,,,,
20180302,0.16585680828505936,,,0.947566414037069,0.9333712695707579,,1.002433965761696,0.9279962494121797,0.9921154304249398,,,,,0.9438252470426454,1.0483883656909794,1.042638766073585,,,,,
20180305,0.16585680828505936,,,0.96941090497484,0.8885315642775002,,1.032981119773787,0.9525975832191798,1.0008883451092314,,,,,0.9653135792182578,1.0585816511300632,1.045248527145083,,,,,
20180306,0.16585680828505936,,,0.987728554653353,0.8680886991836791,,1.0672145539237272,0.9760255580169606,1.0118507373072623,,,,,0.9968364277601013,1.0733297811497569,1.0482024689815006,,,,,
20180307,0.16585680828505936,,,1.0047917643320086,0.8640288654813062,,1.0805272819670657,0.98298386343636,0.9963282552523949,,,,,1.0466795383750302,1.0901622349479685,1.051412607098904,,,,,
20180308,0.16585680828505936,,,0.992611956638518,0.8632231506067458,,1.1066440604121397,1.039130411555869,1.0090600242857237,,,,,1.0779335435334965,1.1041141298702624,1.0530219867806647,,,,,
20180309,0.16585680828505936,,,0.942096590007255,0.8378863197081687,,1.1181499186666948,1.0784539860578186,1.017402739855594,,,,,1.0866600746058257,1.1097775796906184,0.9477847070447728,,,,,
20180312,0.16585680828505936,,,0.9139876752110093,0.815857398217441,,1.1354351598150447,1.1143628889345443,1.039091734421778,,,,,1.0319802475746458,1.0764122933725242,0.878876216262504,,,,,
20180313,0.16585680828505936,,,0.9261622494994041,0.8296482249094351,,1.1554149329285401,1.1448086917247753,1.0599754605059806,,,,,0.9919886871771201,1.037656694883947,0.8205399294352939,,,,,
20180314,0.16585680828505936,,,0.9324387859500427,0.8306352346612352,,1.1808669753263814,1.1597891815365773,1.0880014216786922,,,,,0.9537141325445334,1.01015006439755,0.7695531803945745,,,,,
20180315,0.16585680828505936,,,0.9506238595939444,0.8526766626372523,,1.1520827374191518,1.1467476186193757,1.073041798029025,,,,,0.9374403163824875,0.9909767358043401,0.7366378583504196,,,,,
20180316,0.16585680828505936,,,0.9771016026478069,0.8790909847245749,,1.1282093988060118,1.1369238113181817,1.062462821225582,,,,,0.9162513695684148,0.9875751622525926,0.7356002916463384,,,,,
20180319,0.16585680828505936,,,0.9896042294928507,0.8884434878888344,,1.1168322471440482,1.1189402936329773,1.0539167443772641,,,,,0.907934589709443,1.0167637217963277,0.7368534719132945,,,,,
20180320,0.16585680828505936,,,1.0011792397253112,0.902746696179878,,1.1071292381679427,1.1034932190972806,1.0285344303711568,,,,,0.8994174392942378,1.038408946546023,0.7531911144130887,,,,,
20180321,0.16585680828505936,,,1.006227813587808,0.9140894061158478,,1.1064170654246686,1.0982816400678987,1.0283878031924938,,,,,0.8783288266194893,1.0588535498206015,0.7707151377331855,,,,,
20180322,0.16585680828505936,,,1.0194035018538956,0.9192377904518992,,1.0766936378757108,1.062011044402163,0.9942180865341466,,,,,0.88303566608668,1.0551486043461649,0.8488934070756545,,,,,
20180323,0.16585680828505936,,,1.0445964853405785,0.98501132037768,,1.064376319227366,1.0407487746922166,1.004281371753378,,,,,0.88162163245656,1.083379186189172,0.9469089182708401,,,,,
20180326,0.16585680828505936,0.0,,1.0634363484219478,1.0316792139777529,,1.0386994632000208,0.9823378033516883,1.011815365930498,,,,,0.9085219657295402,1.1209556184328076,1.0219620025809162,,,,,
20180327,0.16585680828505936,0.0,,1.004530060465061,1.0756519253391719,,1.026376560756257,0.9353311604955913,1.0280473242923813,,,,,0.9326220661470078,1.1533044214698565,1.0830225180990423,,,,,
20180328,0.16585680828505936,0.0,,0.9663205975311685,1.109220968223242,,0.9805303682219034,0.9143997212519874,1.033608242231257,,,,,0.9568129804567785,1.1714670647071144,1.1348298904520775,,,,,
20180329,0.16585680828505936,0.0,,0.9352652066950201,1.135068202399048,,0.9743845375782251,0.9131502887150927,1.0669628789163335,,,,,0.9638465785069948,1.1868107255107947,1.1800977321028927,,,,,
20180330,0.16585680828505936,0.0,,0.9083226172568255,1.1641521671634822,,0.9638204041573898,0.9236223201415689,1.079170904532261,,,,,0.9808262313214651,1.1972193157535638,1.2158481233176313,,,,,
20180402,1.4142135575209915,0.0,,0.9151877414472782,1.1922243628456453,,0.9496349624240733,0.9386861582133056,1.0938051440411045,,,,,0.9920817203745106,1.1574135805494568,1.2393876832896116,,,,,
20180403,1.4142135601896495,0.0,,0.9363969653818757,1.2119579138393821,,0.9378926863746468,0.943857622839016,1.1062435887257638,,,,,0.9965004193576537,1.1238722636499767,1.2574006813287946,,,,,
20180404,1.4142135610673812,0.0,,0.9558920246340531,1.2283101068112297,,0.9294070846566478,0.9480745020040355,1.1180211205156134,,,,,1.0196024616770878,1.1001350028015158,1.2719048519484017,,,,,
20180409,1.4142135614975564,0.0,,0.9729006164348467,1.2446849609698494,,0.94910618405982,0.9766573691880539,1.1453055487741932,,,,,1.0226497642046455,1.0964531069756043,1.1861641938437155,,,,,
20180410,1.4142135617489002,0.0,,1.0052122130425916,1.1486901354099786,,0.9432455641427465,0.9803271728028462,1.09380373731971,,,,,1.037614931152679,1.0422326977345213,1.1110071854957613,,,,,
20180411,1.4142135619110259,0.2175650057329176,,1.009747271634484,1.04585655439399,,0.9224819778976846,1.018212963596156,1.0622203019315046,,,,,1.05104068086642,0.9947905520971005,1.0487948092419905,,,,,
20180412,1.4142135620223666,0.38836251743205624,,1.0433029045750084,0.9511755304425303,,0.8905411986084838,1.0490471767340803,1.0350498745533792,,,,,1.0518623949849013,0.9602287931914831,0.9919233703189526,,,,,
20180413,1.4142135621021594,0.4986511570940948,,1.0688955653533498,0.8700005216831952,,0.875958517995985,1.0474223324739111,1.0048353579879192,,,,,1.0379703695767728,0.9338657474596476,0.9450156073762986,,,,,
20180416,1.414213562161106,0.5940940252783485,,1.085977105744568,0.8441698110416612,,0.8795337743701777,1.0471347623914755,0.9715163295224987,,,,,1.0205554111345174,0.9152738161723306,0.9197086733534523,,,,,
20180417,1.4142135622056362,0.6600042799126578,,1.0996498062825446,0.8101960451456072,,0.886619867964072,1.0177593187583518,0.9532238278625049,,,,,1.0021063644750712,0.9013296869506933,0.8578670699121905,,,,,
20180418,1.125307411893447,0.7144946721231882,,1.1109218835559824,0.7870411310271596,,0.8895107133399248,0.9893706582380006,0.9158093729838098,,,,,0.9891854255648937,0.8904911986265526,0.8053422086193481,,,,,
20180419,0.9004730505574622,0.7082349384004093,,1.0961217464823476,0.813937926760419,,0.8972703044889093,0.9769679951931789,0.8895638845410097,,,,,0.9946886948057565,0.8680359081678548,0.764223096397928,,,,,
20180420,0.7237378793703669,0.714031401551498,,1.0884858296740623,0.8413447190869817,,0.92928673984128,0.9744092264489119,0.9049617985494527,,,,,0.9808381386696152,0.8912193108069822,0.735409153127874,,,,,
20180423,0.5837138843003795,0.7207686934046708,,1.0657954907320493,0.8624848491410435,,0.9361693703741286,0.9435426214914449,0.881611646321941,,,,,0.9581290507154714,0.8878131440664019,0.7657040326557372,,,,,
20180424,0.4720818913416697,0.7139389806596611,,1.0043040738387903,0.9335851905164958,,0.9489602772190636,0.9292008725653806,0.8847111427484401,,,,,0.9436959801802204,0.9213007418171321,0.794886810100078,,,,,
20180425,0.3826419657374154,0.736435625700791,,0.9940035269256193,1.00254097791639,,0.9760774984819278,0.9057678251900895,0.8985640578872375,,,,,0.9375576672852765,0.9602447758320677,0.8259212508034199,,,,,
20180426,0.3106968771657375,0.7379801808858457,,0.9809339710321926,1.064272787921532,,1.0101277709788248,0.8829052307675879,0.9136895136087284,,,,,0.9486328199714631,0.9845663424684665,0.8552032331879738,,,,,
20180427,0.2526392206896258,0.7532841663919142,,0.9706224875030774,1.116235227053049,,1.0408798808124868,0.8699145618747766,0.9326524905862739,,,,,0.9617292818722536,1.0030088757333275,0.8732049467417221,,,,,
20180502,0.22048798754818374,0.7621583139698733,,0.9687684477367282,1.132456458319431,,1.0538699936408957,0.8482384176775521,0.9758155761727577,,,,,0.9802773066380762,1.019698434574757,0.863361301031031,,,,,
20180503,0.1944215108730249,0.7774127496631063,,0.9644846105135675,1.1469608716057427,,1.0642407375886187,0.8451540697515199,1.0104211042630105,,,,,0.9968059698896858,1.032501801808544,0.8824300409451509,,,,,
20180504,0.4195303088978361,0.7933108678056543,,0.9648085724893278,1.1591707917790761,,1.0751641468446669,0.8517427261860538,1.0475020975650893,,,,,1.0063785956112559,1.051157074047447,0.8813308346888212,,,,,
20180507,0.6025964547949764,0.8322000989163332,,0.9760000770698409,1.0905533870289963,,1.0817604544363304,0.8565736076039628,1.0781927177285524,,,,,0.9736338646330335,1.0718657661579678,0.8793095668570831,,,,,
20180508,0.7516384138725013,0.8548300930161927,,0.9760422043678173,1.0183318514700042,,1.0077462279899794,0.8292150906282784,1.0246574019397667,,,,,0.9410951312475668,1.0386678196415757,0.8667699416402633,,,,,
20180509,0.8730901798787449,0.8768135767745242,,0.9843529619989013,0.959669648160999,,0.961324318684104,0.8303924036033805,1.0032283457155908,,,,,0.9127022284788842,1.0190524845224624,0.8806703625342895,,,,,
20180510,0.9721324950014834,0.911433860193068,,1.0157197223478092,0.9059200036128117,,0.9299061497882916,0.8330670440620482,0.9841405429916588,,,,,0.9276601491089057,0.9903223788081601,0.8897156657192666,,,,,
20180511,1.0529489932891756,0.9024920468592832,,0.9665390900430094,0.8614182517785418,,0.9047054844026747,0.8436736695350758,0.9700553643090261,,,,,0.9398766712833215,0.9331958440571765,0.8963904181920047,,,,,
20180514,1.1189261036688065,0.9206868948318631,,0.9364985255512703,0.812415825628638,,0.9009868157485043,0.8544983223379115,0.9678588205783599,,,,,0.9342238421198918,0.8902202239068665,0.9117101717323033,,,,,
20180515,1.172810281859153,0.9399015031525474,,0.9113306546688721,0.7742204205858816,,0.8989128100335452,0.8706024318693009,0.9663762852493805,,,,,0.935693612127673,0.8609583050278288,0.9292679294461654,,,,,
20180516,0.9589370082980929,0.9570576155524501,,0.8163746755474136,0.7270042382635215,,0.8596405366450548,0.8928351842973937,0.8949996622475731,,,,,0.935869806319352,0.8382722480676327,0.9556219790563856,,,,,
20180517,0.7841602264605049,0.9739444966408803,,0.7396482241056389,0.6837772905896214,,0.8225199372740202,0.9262692992833303,0.8404074291295838,,,,,0.9366950434576581,0.8175572314866804,0.9725604335341892,,,,,
20180518,0.6413016840161205,0.9835529486641705,,0.8192433822592974,0.6892571367510177,,0.7774767365273255,0.955891219357358,0.7768306865766578,,,,,0.9375342161187833,0.7737663789477417,1.0066377731875011,,,,,
20180521,0.5245114446138832,0.9908373285815184,,0.8830265024876224,0.7668197146227396,,0.7360583907769193,0.9707532513571347,0.7399485773551618,,,,,0.9531217046357812,0.7439882472756921,1.0471027235968169,,,,,
20180522,0.42901866569053704,1.0021284493131382,,0.9398916191691123,0.8422312077567834,,0.7303069471829758,0.9898301866114597,0.7427163966763662,,,,,1.0039016912562149,0.757783956832245,1.0847539211729544,,,,,
20180523,0.3509302598604114,1.0078775905067092,,0.9950928481495361,0.9092141334049263,,0.7284925082131309,1.0123154176263016,0.7534997317693422,,,,,1.0477048477971604,0.7749956734972542,1.0533175952264218,,,,,
20180524,0.2870678742169626,0.9857035707289223,,1.0417637675811846,0.9683140621909497,,0.7337422615697851,1.0368493182506553,0.7530260668008886,,,,,1.0520113267770008,0.7981052264906721,1.0288065880185169,,,,,
20180525,0.2348356497108115,0.9863411239867012,,1.1003277928311068,1.0172314715986666,,0.7393725247217291,1.0571037393828457,0.7627718826254483,,,,,1.034664317054599,0.8418915091131424,1.0099914843154119,,,,,
20180528,0.1921127844598391,1.0014606724997468,,1.1483389476413384,1.0646625115379327,,0.7316540176409722,1.0701098639261546,0.7626843686989264,,,,,1.0499192374715953,0.8803398934996687,1.0146229051836848,,,,,
20180529,0.1571661382886836,1.0005635174246756,,1.1878492855034632,1.1001129159556287,,0.751851979809575,1.085388726200184,0.7883384081700224,,,,,1.0399097936667052,0.8856750763198894,1.0194662924553026,,,,,
20180530,0.1571661382886836,0.9999961461541128,,1.232691035874714,1.1448391603871502,,0.7986374460945536,1.0947454212917191,0.853472910972547,,,,,1.0362451371953374,0.8569493375392186,1.0249943221438769,,,,,
20180531,0.1571661382886836,0.9939481118651907,,1.2694856054609238,1.18226890304491,,0.8376188720824401,1.0378570345349611,0.9045038087329721,,,,,1.039225886756672,0.8716773201930154,1.0281321400842267,,,,,
20180601,0.4705718425769698,0.9844099889221151,,1.1676172080177831,1.1887720003233369,,0.9129430056007544,1.0293370612092105,0.9688245269102521,,,,,1.052928045286987,0.9284189139688104,1.0131220552419882,,,,,
20180604,0.6909630094904832,0.9869993846834472,,1.0786581926927334,1.1248268502660592,,0.9785068667018915,1.02293073954463,1.0085419310045132,,,,,1.0595008793779002,0.9732395104538771,0.9896193852770083,,,,,
20180605,0.8515717654289586,0.9842778572905116,,1.0055361577709059,1.0720568196798357,,1.0255243270641197,1.0101107716249789,1.0422688592347074,,,,,1.048905430481417,1.001671847679133,0.9708348739182736,,,,,
20180606,0.9716808809282478,0.9857272023307335,,0.9477791346347048,1.007117741270716,,1.0650813288181897,0.9885957710804232,1.0637358758171627,,,,,1.0402651860790528,1.0275358357865563,0.9885747495125201,,,,,
20180607,1.063251195031661,1.0062388635363047,,0.9048612916197994,0.9572844154055774,,1.0774203415508812,0.9711549537045837,1.0886072949762806,,,,,1.0496408699751976,1.0644873360702598,1.0035330743641522,,,,,
20180608,1.1340949401576847,1.0193836374416334,,0.8866075481150871,0.9303877291091838,,1.0865397081586041,0.9560426489576196,1.0921806584033087,,,,,1.0639085722869728,1.0673307090058826,1.02234729481015,,,,,
20180611,1.1895277391166001,0.958671758662035,,0.8465239344899643,0.9043494238427917,,1.089381044345358,0.9455072060041186,1.090877860319118,,,,,0.9827302670244518,1.0724017937850694,0.9696082824675518,,,,,
20180612,1.2332875968170889,0.9203679808377935,,0.8184274514596789,0.8603343823615845,,1.0845825554207258,0.946187847467595,1.0801021856893893,,,,,0.9304085633937875,1.08351158898743,0.9326329291596808,,,,,
20180613,1.2680745617095461,0.9095289703501143,,0.8210118876996398,0.8648370016273261,,1.0917163736852415,0.9723713633465242,1.0776714714013136,,,,,0.9042638245800222,1.0968735204550033,0.923001116739021,,,,,
20180614,1.295882281634647,0.8820731765430332,,0.8210969055704573,0.8670217048333113,,1.1040934697111286,1.0284846312346183,1.0820974585709116,,,,,0.894570466686271,1.0979967081147637,0.9092341494716957,,,,,
20180615,1.0513680241768648,0.8596245171523419,,0.8851363615011658,0.8801185370485786,,1.0505137348270748,1.043519240589033,1.0624815118534527,,,,,0.8724616480703729,1.0895473703453695,0.9329566489038568,,,,,
20180619,0.854343115238594,0.8513044758749445,,0.9513078010527556,0.9411224244337374,,1.04785470595975,1.06457369061541,1.0729263020309032,,,,,0.9135663270246955,1.096454986537685,0.9669342761799944,,,,,
20180620,0.6951288848330778,0.8448948971311683,,1.0067934561751057,0.9992101444120416,,1.055853759354999,1.0874096554948771,1.0812865587585179,,,,,0.9514052201278739,1.0959551581656035,0.9950006402427857,,,,,
20180621,0.5661711323130174,0.8451322755505724,,1.03984072815063,1.0498859803958815,,1.0628775855853743,1.1093478207352838,1.082728330761665,,,,,0.9827140110433146,1.1066131349336583,1.0184859032855422,,,,,
20180622,0.46152414644969725,0.8448702506527965,,1.0526128361786762,1.09238204019474,,1.0670717596653563,1.1123269790019308,1.0611875622438665,,,,,1.0101544057678422,1.0705459718451964,1.0290468669316437,,,,,
20180625,0.37647574118000593,0.8622844053231294,,1.0616391086430728,1.1252279358588066,,1.0695696344608039,1.080745157332288,1.049176047551272,,,,,1.0357280567023135,1.0529556589254028,1.0358328627514282,,,,,
20180626,0.3072700053619474,0.922666462019072,,1.0802327207551432,1.1531258803853315,,1.0757214930456807,1.0568047136502696,1.0090403361854958,,,,,1.090865406875327,1.0287183270563809,1.0771707313197536,,,,,
20180627,,0.9823172276383817,,1.0953508311770355,1.1854897314705655,,1.0952919994170536,1.0386612862118445,0.9933419879148958,,,,,1.1447308806868874,1.0064373185470925,1.1034263821659611,,,,,
20180628,,1.0048662772220323,,1.0796816923953787,1.168396500609216,,1.1050219371969354,1.0141489428108965,0.9844487139746618,,,,,1.183230993697872,1.006096614836313,1.1129802223622847,,,,,
20180629,,1.0328691125214085,,1.0703746780736088,1.156345935529612,,1.127211783271979,1.0002601862071574,1.011999349550215,,,,,1.2110616980553237,1.0215037906612592,1.1284232282301185,,,,,
20180702,,1.0494487124551415,,1.0641674699801258,1.148816874357166,,1.1640701254250405,0.9861840093749419,1.0450530909719409,,,,,1.2350125111359576,1.0367725388553308,1.0839892298314608,,,,,
20180703,,1.0284286417714292,,0.9976279764528561,1.0260728214904593,,1.1461434073209857,0.957802325269239,1.030917460034393,,,,,1.1855173377763417,1.014712451365629,1.0346710432414596,,,,,
20180704,,1.0433565927696016,,0.9467214631587543,0.9256405480983693,,1.1279764295384878,0.8862648019035455,1.019155826838015,,,,,1.1514687681411266,1.0090509476781255,0.9952346021203471,,,,,
20180705,,1.0378782634285024,,0.9010375457074244,0.8435202407991244,,1.1168946138301066,0.8499505999709962,1.0296950805354517,,,,,1.1264327831512195,0.9617316692689745,0.963424852160112,,,,,
20180706,,1.0349986501585355,,0.8427982118608595,0.7669915986519291,,1.0948236719222557,0.8290616581411611,1.0355849883992618,,,,,1.106602336414951,0.929697773102097,0.9376118435310081,,,,,
20180709,,1.0270086925835271,,0.8000797085043978,0.7202330780915026,,1.0763498549464252,0.8232307890497153,1.0395435801056077,,,,,1.0907609535826819,0.9157906583158995,0.9118372478039026,,,,,
20180710,,1.0205299181993819,,0.7602192094697596,0.6927207198311939,,1.055502475916668,0.8188022998380861,1.0541321928153857,,,,,1.0777149515816866,0.8895961727626258,0.8424981183118961,,,,,
20180711,,0.9705565711333772,,0.7116607374801415,0.6701328770512854,,1.03475642847074,0.8227289355062694,1.0676504706238645,,,,,0.9660317538508114,0.8831036474242585,0.7929899141729502,,,,,
20180712,,0.9811747304282101,,0.7346959351118243,0.6746008164261085,,1.0202637308794151,0.8358206006361018,1.0794103276997922,,,,,0.8735111043109439,0.8662112480360654,0.7746916783120653,,,,,
20180713,,0.9865248270017312,,0.7504160601784473,0.6673014623057202,,0.9697602833664415,0.8357187232039123,1.0427553482730636,,,,,0.792183554311095,0.8598123613462458,0.7418250429765034,,,,,
20180716,0.5105880365802368,0.9782878800998379,,0.7594662142398189,0.6544268847358966,,0.9211520616447331,0.8573670068795141,1.0084356797929208,,,,,0.7286845713453289,0.8543404251538527,0.7378361309753537,,,,,
20180717,0.6732913207033842,0.9843097398620235,,0.7987251443909361,0.714870179634824,,0.9012711711845652,0.8798695661481742,1.00143458803901,,,,,0.696012483818607,0.869967858559601,0.7566219239516448,,,,,
20180718,0.8063944200526395,0.9892812684922343,,0.8307681319154241,0.7684312237515543,,0.8864124816803128,0.9367451203595999,0.9954892089404045,,,,,0.6701691011768088,0.852560870321964,0.7732587586757169,,,,,
20180719,0.9162266653745686,1.0021710095816825,,0.8549436572318965,0.8173079934321058,,0.8358106405381788,0.9478955833924614,0.9262020945878225,,,,,0.6853791881828973,0.8670503521902075,0.7848439647361497,,,,,
20180720,1.0074817639832958,1.0221986032310102,,0.8936947606461993,0.866735034669227,,0.814552709409424,0.9563759273840837,0.8787439608062793,,,,,0.7039634711114162,0.8882647309734674,0.799200537336934,,,,,
20180723,1.0820238673581561,1.0411859404181891,,0.9023523244692351,0.8698874924379221,,0.7960356744201913,0.9592482585642506,0.8401083885507165,,,,,0.7161026207354695,0.8991958179849417,0.8195949384479227,,,,,
20180724,1.1446483850250557,1.0502849509761696,,0.9215817892652828,0.845864963444769,,0.7792833473160145,0.9705224947835579,0.7999792844489653,,,,,0.7605873374260792,0.9184620715066757,0.8777886766153968,,,,,
20180725,1.1968421359787471,1.0867384327625476,,0.9579350499597156,0.868870360212757,,0.763134633248259,0.9503484829382411,0.7707145155496615,,,,,0.8526085514904502,0.9394428022463307,0.9231989275992323,,,,,
20180726,1.2398044459869075,1.0670815416759454,,0.9403392941556888,0.8865890385200313,,0.742693550973656,0.9333794145318487,0.7342073623112704,,,,,0.9274463411686246,0.9640263345149609,0.9124459712979436,,,,,
20180727,1.2749299116995574,1.0500510585630376,,0.9299695815992917,0.9084233082895985,,0.7519181494287075,0.9433398229955523,0.7277480880610685,,,,,0.9763033349763773,0.9687205806330051,0.929278277530684,,,,,
20180730,1.1146561470062442,1.0404816388994618,,0.9408305204157246,0.9307897182716279,,0.7665133205483542,0.9198979473669736,0.7419493302729923,,,,,1.0217894299111685,0.9802640035615301,0.9557569315337009,,,,,
20180731,0.9495894474648705,0.9475597518514104,,0.9426069426919494,0.9509738476223804,,0.7843962398262739,0.8980342166871822,0.7554255385393791,,,,,1.0455768146781523,0.9947196654572115,0.9774996323680332,,,,,
20180801,0.8254866513614129,0.9261684009988325,,0.9709478704338512,0.9748953016751642,,0.796944061301724,0.8824774501035052,0.7628413088041519,,,,,1.0592944736376453,1.022334106829577,0.9972504038413795,,,,,
20180802,0.7223513779070854,0.9072124349425864,,0.9967187375611549,0.9864151140451153,,0.8420010672932307,0.8908894813647025,0.821514937216852,,,,,1.0799273050794362,1.0528622721669363,1.0181361163478408,,,,,
20180803,0.6405785842288223,0.8931714985481699,,1.0198085168365314,1.000571638514495,,0.8628747639964862,0.9118702747492551,0.8804678969330134,,,,,1.0968123631935998,1.0864291110106437,1.0391744603466389,,,,,
20180806,0.5742132892175137,0.8738992524975872,,1.045988111690736,1.0231450070773347,,0.8880270895633848,0.9374217601366267,0.9320900359474693,,,,,1.0970914568390142,1.115334692035229,1.054525533963705,,,,,
20180807,0.5192808543367704,0.8857160041387651,,1.0709715768481662,1.0524295500859264,,0.9107457546714625,0.9420386224506071,0.9771465920117688,,,,,1.1041602221208222,1.1403093158667756,1.0408161470159207,,,,,
20180808,0.4787628773673697,0.9172390435871204,,1.092962701029267,1.0408435913012555,,0.9299292818408663,0.9634705949064923,1.009690944589201,,,,,1.1002467465601051,1.1539354624106557,1.0303647277927128,,,,,
20180809,0.4463857683924198,0.969610606803232,,1.1263234353739329,1.0302281086053147,,0.9424344912655258,0.9834365940731273,1.0333610850888453,,,,,1.1153478463681736,1.1662466771213011,1.0501227224446437,,,,,
20180810,0.4214913754672184,1.0144774982479712,,1.152249314643642,1.0399217821281863,,0.953444913294588,1.005358549702857,1.061635206773103,,,,,1.1283784015987641,1.1932498915188188,1.0625533754510637,,,,,
20180813,0.5106435465866691,1.0508389898873256,,1.1646816693278357,1.0507123169230541,,0.9660902829545728,1.044770937518426,1.0839644044881664,,,,,1.1374732891220585,1.2143254730407842,1.0684229780791201,,,,,
20180814,0.6286070489535727,1.105040336363469,,1.181397665633836,1.065240913709874,,0.9546651227661749,1.0800740988600346,1.0976276461862997,,,,,1.1381200501947688,1.2278769639938283,1.0746301024926497,,,,,
20180815,0.7080095988925148,1.1326924546038808,,1.1648480272947555,1.065789712492116,,0.9571063330894578,1.1043998920971159,1.1128942013322451,,,,,1.1468419192948143,1.2390328590296624,1.0827561545523021,,,,,
20180816,0.796555451737298,1.1595218472536588,,1.1687812668808375,1.1013474656925966,,0.9601822692472891,1.1226460737112902,1.124555454381693,,,,,1.1445935878778843,1.2412239523427808,1.1219446284048527,,,,,
20180817,0.8468139871176306,1.1715505604770078,,1.1552295652273041,1.1299166779348178,,0.9977995599399531,1.1394983425191136,1.1185140260227333,,,,,1.14112902695221,1.2171923643699771,1.1477125205669552,,,,,
20180820,0.8915244816941528,1.1749328336711173,,1.1465805980464587,1.1457511170564056,,1.0099383585216104,1.1512908042445273,1.079800614391655,,,,,1.1429566577114743,1.1809894208854939,1.1699075115071955,,,,,
20180821,0.9089652797897482,1.1178170274781905,,1.0906083324476712,1.1812670692489602,,1.0200016627073496,1.1537637820251103,1.0385091949259904,,,,,1.1416005450021696,1.151536744077307,1.1956162815662355,,,,,
20180822,0.9320545066328669,1.07229668703237,,1.047334821392774,1.2164130168573941,,1.0292360041489919,1.0973369511412372,1.005229722695753,,,,,1.1307409813782896,1.1309238342057784,1.216984948835452,,,,,
20180823,0.9554363891855782,1.0324775085160698,,1.0120637902648808,1.2444203923128607,,1.037716814103225,1.064394733581159,0.9836852117211852,,,,,1.1087576522964073,1.1175272898988324,1.2337380038725458,,,,,
20180824,0.9745231871769999,0.9933421139824674,,1.00501806230647,1.2629198424425536,,1.043431988450675,1.0380573845354595,0.9643048295967553,,,,,1.0991734338165529,1.1001484928179455,1.247447994942456,,,,,
20180827,0.987330989255046,0.9606702426792009,,0.9918948685180805,1.2771640474208046,,1.0514519883735294,1.0198994480715187,0.9610222509608609,,,,,1.0919097719590385,1.087985999788282,1.2581328495148585,,,,,
20180828,0.9986116719810088,0.9255775062709657,,0.9741606814171476,1.2877343168290203,,1.0334095576729831,1.001621081543325,0.9347691577432634,,,,,1.1083684330753278,1.0454960099396564,1.2561907204326563,,,,,
20180829,1.0150807512816933,0.8977679316916465,,0.9726409693074846,1.2988164250532248,,1.0156599124909627,0.9805697356255721,0.9188839066745917,,,,,1.121547735578715,1.0097634588061235,1.254673720214262,,,,,
20180830,0.9693830162819225,0.8634900507382942,,0.9223659916139555,1.2749996151703094,,1.0192575371498733,0.9597853851449295,0.9175155064810474,,,,,1.1102440464267709,0.9879786703709486,1.1445845857868473,,,,,
20180831,0.9360475582944843,0.8368215062456721,,0.8848304893388812,1.2511750226182219,,1.0162173711566234,0.9498917805175683,0.9024061696674708,,,,,1.1012495141609062,0.9757524770834458,1.0618188357599145,,,,,
20180903,0.9220629780770405,0.8069354294664651,,0.8588261430257872,1.2426543486191006,,1.013266315202116,0.9348945865752135,0.8972110603581176,,,,,1.0743354828786367,0.9332536541450329,1.0027101244910617,,,,,
20180904,0.9231929223386544,0.8018774642526693,,0.8514530575040747,1.1329323463365533,,1.0231816748376248,0.9265295397836445,0.9007056783014812,,,,,1.058518528665941,0.906195455695043,0.9557261882927923,,,,,
20180905,0.9355799733880925,0.8083553847956674,,0.8507339473434831,1.0453274751214028,,1.0143141097525963,0.943557952735237,0.907602114720545,,,,,1.0516442294271962,0.8771419891686056,0.9250062475324123,,,,,
20180906,0.9416516355765693,0.8195000492802295,,0.858996270905594,0.9699327498065706,,1.0104988850119512,0.9272481143884556,0.8565226721934595,,,,,1.048389196104559,0.8240244689307725,0.8982068389781835,,,,,
20180907,0.9388093666614662,0.8360012809781318,,0.8539666757788514,0.904567147465296,,1.0074668215096503,0.9112892575789454,0.8201112496560242,,,,,1.0353995987189502,0.8132259064024391,0.8425813663579009,,,,,
20180910,0.9421649379118556,0.8566801349788634,,0.9007611138718429,0.8530637751369992,,1.0095386847210635,0.8976204140679849,0.8066974477309881,,,,,1.0240154986147316,0.8070721258070856,0.8135062967765766,,,,,
20180911,0.94605118814636,0.879098744038317,,0.9664657448485752,0.8018894552673393,,1.0306250950706957,0.9016289131957788,0.8460459300494306,,,,,0.9583539509926031,0.8326067187955029,0.797231870864862,,,,,
20180912,0.9490283630592933,0.9049399405055182,,1.0206896391786164,0.7856121935448199,,1.047373759766953,0.909136580029642,0.8784294426850653,,,,,0.9075872505612523,0.862837858565337,0.7946416968400097,,,,,
20180913,0.9495539037910177,0.9072064094100438,,1.0817725617727134,0.7864998922399504,,1.0589304574960483,0.9172029229761709,0.906178275470286,,,,,0.8817221704079228,0.8881610635756652,0.830935762103382,,,,,
20180914,0.9540133851930024,0.9200016481737093,,1.1320418846104299,0.7888200462896616,,1.036983572246694,0.8878487912605725,0.944738029569816,,,,,0.8638547852481673,0.9121897629323771,0.8697674335153549,,,,,
20180917,0.9523105616707562,0.9357343978852801,,1.1728202572565474,0.7656522576441304,,0.9959059758445492,0.8851512588780992,0.9801833606134956,,,,,0.8550609360342901,0.9464709728256779,0.9075440703131017,,,,,
20180918,0.9514334146557296,0.9503955685750112,,1.2067617903260375,0.8044855040186935,,0.9666091942318907,0.8915138772442002,1.0145705847388047,,,,,0.8415688026696638,0.9732742269521719,0.9430985144065387,,,,,
20180919,0.9509570303666894,0.9734723318911624,,1.2337759951024,0.8364637435729366,,0.9424475891427208,0.9014059884456467,1.0427952923784816,,,,,0.8328449318484934,1.0084483677419485,0.9195756681873762,,,,,
20180920,0.9516925560914494,0.9962384207806712,,1.2504401415810613,0.8888321943131496,,0.9248892536130852,0.9330276473116702,1.0852804840845007,,,,,0.8250812949466608,1.0549344193127237,0.8952602266838204,,,,,
20180921,0.9586160174078431,1.0134599037886882,,1.2647893123297043,0.9325938051708055,,0.9289247599466302,0.9606319888377716,1.1232324255574346,,,,,0.8270869102803621,1.0624036364763272,0.8370349998978392,,,,,
20180925,0.9785650462891902,1.038845732892366,,1.1814454909776424,0.9681337798817393,,0.9275809889731063,0.9829266102270444,1.1375652460651697,,,,,0.817426311718167,1.0589063937721124,0.7844236867563945,,,,,
20180926,0.989217938931535,1.057952557121632,,1.0526898682673942,1.0005550242416923,,0.915013807496838,0.9883112126900794,1.1059961841458847,,,,,0.810750030774458,1.0550615453245304,0.7299266143712504,,,,,
20180927,0.9931627253686112,1.060827254345498,,0.9503430275695188,1.0079938847562007,,0.9063973321533941,0.9922949393074049,1.0781399458076308,,,,,0.8047485272403516,1.0377289788910273,0.7318537187950779,,,,,
20180928,1.0077480679005544,1.0790999984430005,,0.8685720141301743,1.0101794976124212,,0.8991399012593861,1.0020290115910895,1.0549804746334364,,,,,0.8095390363756998,1.018880667613531,0.7380128063490419,,,,,
20181008,0.991715481497421,1.0625175321737688,,0.811672691458703,1.0110365980572464,,0.9523992017905002,1.0338252817296227,1.087183277533832,,,,,0.7879110965940246,1.026149501896961,0.7463245279425664,,,,,
20181009,1.0016958375212015,1.0623504541297124,,0.7573883983968444,1.0366977907834323,,1.0066544247083966,1.0277672880724535,1.1125310607658683,,,,,0.8062832968560147,1.0481435442622589,0.7580615834783088,,,,,
20181010,1.0046158101661031,1.0383434557384341,,0.7222854276566698,1.0630547606969825,,1.0635452879151228,1.02703970076211,1.1330625518102162,,,,,0.8015237854738454,1.0632014993231895,0.7658710256273608,,,,,
20181011,1.0559798402645992,1.075842243714224,,0.7093180232332521,1.097246403024706,,1.111919203295922,1.0587804292189191,1.1560823273283978,,,,,0.8129617752422358,1.0656748736469541,0.8209940913649731,,,,,
20181012,1.0985518127044926,1.1083195246308064,,0.7024226203660291,1.0886974859085445,,1.1508820698054059,1.0794433854464796,1.177070266945208,,,,,0.8256413356320598,1.0774407894805955,0.8743439741050577,,,,,
20181015,1.1311723907887294,1.1326208909696829,,0.7006761196939031,1.081302349125942,,1.1790851137223586,1.097021981280606,1.1971273980607084,,,,,0.8387519499798969,1.0978776901616334,0.9268614253489403,,,,,
20181016,1.1533718849172576,1.1408859480014875,,0.7565285063847867,1.0739337817193346,,1.2028558125244824,1.121091135338965,1.218502333057443,,,,,0.8576395496872032,1.1260209104621748,0.9754116852063831,,,,,
20181017,1.1726456553910924,1.1476707073282377,,0.8468384993840338,1.0748591990123733,,1.2227843454737222,1.1376188985119617,1.239841512664936,,,,,0.9126023833335347,1.1343779622155803,1.012236296856012,,,,,
20181018,1.1923700087205302,1.1615067368742522,,0.9211665365537774,1.0859498426509007,,1.2396972492442755,1.1502047851165698,1.2577158658208345,,,,,0.9768811756010158,1.1486077465903335,1.0284382667574923,,,,,
20181019,1.210113639262205,1.1695463776773836,,0.9818177333154491,1.0966172452841985,,1.2526932671302413,1.1482757922044018,1.273427900289458,,,,,1.023132542693069,1.1637109933266239,1.0495953272821361,,,,,
20181022,1.2238278728132237,1.177014108914055,,1.0166452363670322,1.1066949166664386,,1.202381260078575,1.1578978279787808,1.1912802674342446,,,,,1.0640869590975173,1.1537484677266732,1.0746843343597117,,,,,
20181023,1.182915518502722,1.1325488798847845,,1.01366065898953,1.0676900340339874,,1.131806955747996,1.1644808818630736,1.0807780598711474,,,,,1.0277946119143733,1.113705239431632,1.088004259730398,,,,,
20181024,1.1482302036438734,1.0921831691437516,,1.0116784127064413,1.035487633707273,,1.0571048797768954,1.1511775842372356,0.9882960676228276,,,,,0.9834990005971851,1.0834065201137668,1.1033133167176796,,,,,
20181025,1.0773985533398664,1.033049965921875,,1.0072446185883537,0.9709105921153707,,0.989668154507062,1.1138581521996807,0.9171934864999995,,,,,0.9498767873661077,1.0753231113919288,1.1005888115310785,,,,,
20181026,1.0250938412243926,0.9891773981263382,,0.9882753793602657,0.9268250918685842,,0.9306230347094756,1.0920714712973334,0.8779629935708145,,,,,0.9270778297683657,1.021336392718627,1.095927195057886,,,,,
20181029,0.9831042960269604,0.9525527726438746,,0.9734024378705571,0.9305932489641106,,0.8927003084763409,1.0764265861278137,0.8434972021458792,,,,,0.9519529715519323,1.000863247659446,1.0797860417276752,,,,,
20181030,0.9467122781315481,0.9294860633810214,,0.9599633414509755,0.9364561271808353,,0.8504867363211356,1.0328577150732237,0.8125130922153321,,,,,0.9725646730850017,0.9752652173940587,1.064793765897732,,,,,
20181031,0.9109605211998839,0.9033590077899193,,0.9239709879042373,0.9241768155588032,,0.8182116446444971,1.0056129068201423,0.8037856582175404,,,,,0.9907954655591114,0.953122536294427,1.0528761026494897,,,,,
20181101,0.8825838731947232,0.8820350783385487,,0.8899391302655935,0.9104215765177135,,0.7869480417479487,0.9885153071418717,0.7965370930856338,,,,,0.9722184132878504,0.9335296399839329,1.0128652129667517,,,,,
20181102,0.8591625189278862,0.872573332754963,,0.8679973231987278,0.9049094293284841,,0.8034376147295005,0.9514193184359666,0.8022670568701029,,,,,0.9664899391424367,0.9287510077621385,0.9852598867809031,,,,,
20181105,0.8164700511253029,0.8524106035747759,,0.8632548845008015,0.900710141967007,,0.8460891700318472,0.891941880500571,0.8526109675179006,,,,,0.9651108542650367,0.9483188426206361,0.952439954419948,,,,,
20181106,0.8071005582553684,0.8644450984906649,,0.8854399676467701,0.9315588627850934,,0.8966637861902759,0.8458495157419583,0.9180051070730958,,,,,0.9948120710761479,0.9793729317555822,0.9446168515419409,,,,,
20181107,0.79188270419034,0.8494228017417587,,0.8992028304104833,0.9593708963665378,,0.9433994438785657,0.8179140790180951,0.9730993504091721,,,,,1.0352348972348033,0.9890795738818328,0.9325639853540441,,,,,
20181108,0.8041671949790743,0.8649844440534274,,0.9225479524117738,1.0015077375274977,,0.9787161591752802,0.8091896753167418,0.993613288517587,,,,,1.0492974541941642,1.0007046129704915,0.9505553535180816,,,,,
20181109,0.8143414330098749,0.8735431555420688,,0.9486158937652943,1.0405345905733059,,1.0154089823105812,0.7925376341923829,1.02176502037072,,,,,1.0661773923090645,1.035832604850446,0.95904555512763,,,,,
20181112,0.8214697645349359,0.8883759675296797,,0.9727130825423768,0.9910470448248379,,1.034844508178317,0.7815137313000691,1.0420391949304724,,,,,1.0368518386849797,1.0229705435378083,0.9821224398942751,,,,,
20181113,0.817283626161505,0.8964896360024226,,1.0009913672789033,0.9522254551910079,,1.0654291211363343,0.7734147341506603,1.061427807056023,,,,,1.0107915504839784,1.0162602420654652,0.9916441990915061,,,,,
20181114,0.8583588718605467,0.920330080834706,,1.0565881170518563,0.9196043026489634,,1.0888716147760005,0.7648523223170155,1.05450688800954,,,,,0.994275419241998,1.01982883802464,1.0079066221589859,,,,,
20181115,0.8977097149158237,0.9376363861733605,,1.1030352999287114,0.9063503352800988,,1.0952777065337362,0.7524827552812873,1.0433609134841875,,,,,1.004587422129149,1.009902329645814,1.0358135979755043,,,,,
20181116,0.9316135705760431,0.9524255264589578,,1.12932819055989,0.888603215516,,1.0614382378273188,0.761969526386768,1.0042616950442709,,,,,1.0203815367728495,0.9981938074171617,1.0529890639062625,,,,,
20181119,0.9768665736985684,0.9747968280127796,,1.1545946632830004,0.8432102806158194,,1.0347218174613326,0.8056265825074472,0.9737183153476309,,,,,1.0319427384198887,0.9774950195673956,1.0902216495436445,,,,,
20181120,1.0059536367424198,0.991906271636974,,1.17425690910759,0.8224666234796176,,1.023828233996898,0.8313435968499109,0.9550042133038841,,,,,1.04600180278992,0.9445317119215009,1.1124687260449881,,,,,
20181121,1.0230221565778874,1.0276927770194382,,1.1846840715106823,0.7953742769584248,,1.0202126260482967,0.8513071345490753,0.9600359197196086,,,,,1.055760201447037,0.9479195939646353,1.133452228393151,,,,,
20181122,1.038581945814987,1.0368765023839492,,1.1550386905773995,0.7723532947480328,,1.0399777817715152,0.8887006196941528,0.9666615524206535,,,,,1.0688112191178878,0.9439354060342009,1.1255814540162044,,,,,
20181123,1.0581157490546678,1.0494103290417294,,1.1302656137217186,0.754539412007163,,1.064858039343378,0.9248682382065285,0.9896175985311115,,,,,1.0804473245078487,0.9468308061578593,1.1063017062723715,,,,,
20181126,1.0684997115469854,1.0364352083218058,,1.1063340683268141,0.8105126013451354,,1.0862951511365257,0.9647818438737041,1.0124540569213452,,,,,1.0928142950394781,0.9707584777140469,1.062786243736266,,,,,
20181127,1.0910513440505538,1.042260311760095,,1.0941711755497803,0.8557182349507889,0.0,1.0840834686321767,1.0194178853253202,1.0303631324403832,,,,,1.1048034458963987,0.9881368108023723,1.0326687754293182,,,,,
20181128,1.0802495387889517,1.0529306828856213,,1.099170250682493,0.8976925642674453,0.0,1.0911276241824566,1.064668754773204,1.0813703800706338,,,,,1.1248143068133973,1.017038786423813,1.0073862942036482,,,,,
20181129,1.0726927301561948,1.0736313835678335,,1.0909069442588253,0.9308315265519902,0.0,1.0959317060882858,1.099397714728909,1.1221398781775314,,,,,1.1346615750531526,1.038077097461828,0.9867795650247977,,,,,
20181130,1.064741277371418,1.095328690337115,,1.087470565744664,0.9634938278892858,0.0,1.1206070573804294,1.1235126973328913,1.1656964211915486,,,,,1.1223260579008818,1.043300799903704,0.9905308215790396,,,,,
20181203,1.0675324375351265,1.1261033468451989,,1.0996539399338252,1.0061891000426628,0.0,1.1424871631518556,1.13358701440039,1.2032998650277915,,,,,1.117451992902038,1.0572795299002364,0.986066741371202,,,,,
20181204,1.080735335880184,1.1505661280909392,,1.109658521449879,1.0107598277236658,0.0,1.1562919605169748,1.1427073446334144,1.227168401676396,,,,,1.1135355327416037,1.1092894230017003,0.9869396399866438,,,,,
20181205,1.0704101449414476,1.1535447392261424,,1.1118347805717232,1.0174476939139732,0.0,1.1630990959052598,1.1509465292352523,1.2185482804126848,,,,,1.101328998824212,1.136095060070404,0.9881547617300744,,,,,
20181206,1.0626931524000158,1.160088589719917,,1.1263089339932035,1.0171944166945575,0.0,1.1500365497689102,1.1500281630408107,1.2208773781837292,,,,,1.0860215336245425,1.1612884479267014,0.9973798215768237,,,,,
20181207,1.0533552307662666,1.1645506249147999,,1.1144043077588492,1.0102804854025234,0.0,1.0764513304381629,1.1448580027392044,1.1682822759303202,,,,,1.0562580558453667,1.1698053272986109,1.0208379228916795,,,,,
20181210,1.0434852534244248,1.1565449022692844,,1.0879842180900436,0.9694181607950932,0.0,1.0010436122084152,1.1385699285949176,1.1334769202693333,0.0,,,,1.047578842805046,1.1652448669524798,1.0335040078507454,,,,,
20181211,1.0425766738709679,1.1618744415441098,,1.0811024632662944,0.8968785501144813,0.2175650057329176,0.9743136921472676,1.12640550184197,1.1214254218499198,0.0,,,,1.0378673644731717,1.1696254219955904,1.044512364095784,,,,,
20181212,1.0493922000405536,1.1659662718618058,,1.0497384461387296,0.8341049807922563,0.3469829264557421,0.9221159369845915,1.1127875282411026,1.0791410958918057,0.0,,,,1.0210093786300363,1.1673477507695549,1.0541798895746552,,,,,
20181213,1.027099794737849,1.1399752417245637,,1.028940398558075,0.7960694477541648,0.45459663429276204,0.8867340055303211,1.1095313557956468,1.040293855245569,0.0,,,,1.0058305836392278,1.1636847693598902,1.0667447316005803,,,,,
20181214,1.009154793925568,1.1131290482150429,,1.012874487038152,0.7702536965907626,0.5432634956277281,0.8528957982383593,1.109008782139285,1.0055434091748603,0.0,,,,0.9993317382066368,1.1457328677470249,1.0617263870183185,,,,,
20181217,0.9886561593668666,1.0689585320930681,,0.9632452398944278,0.7458036974594812,0.5499649039806658,0.8263274674381679,1.1001924664895513,0.9665979830328407,0.0,,,,0.9932316568010872,1.1269251443931683,1.0525507442145505,,,,,
20181218,0.9653474506994358,1.0397295475283783,,0.9265416207037716,0.7492718812066598,0.5442195441987049,0.8063899999024438,1.0923247668605083,0.918321006964967,0.0,,,,0.9927238597955642,1.029024240166005,1.048708611093375,,,,,
20181219,0.9686085949438109,1.0338309964526682,,0.901494864712915,0.7696779838388821,0.5310910070810247,0.7926963393544435,1.0913540446825563,0.8877515268053522,0.0,,,,0.9867568665371277,0.9559212828336037,1.0425751588030203,,,,,
20181220,0.973127530084403,1.0293944466323879,,0.8663741211056688,0.8073276407427743,0.5237479744053165,0.8020446317983662,1.081776235458974,0.8491620318579758,0.0,,,,0.9845240486615079,0.8923691470080412,1.0406621966531524,,,,,
20181221,0.9820838097069226,1.023989226532281,,0.851316990736182,0.8549248297272514,0.5203729175178083,0.8478648586503496,1.072655188330219,0.8383470244760899,0.0,,,,0.9497881487498251,0.8343111504092554,1.014689472783887,,,,,
20181224,0.9567795683321668,0.9637335121123081,,0.8460448261997828,0.91458229896826,0.5235785645226779,0.9035177249780638,1.0248803130860389,0.8234898889260895,0.2175650057329176,,,,0.9055017447098106,0.7909183122457935,1.0133141021277317,,,,,
20181225,0.9654052961394055,0.9563898408256467,,0.8624602176767441,0.9931247392331547,0.5187023166688822,0.9189071025275767,0.9918910470087824,0.7809187893090617,0.37782852210524753,,,,0.8833276756633395,0.7664381623559055,0.9916014054854277,,,,,
20181226,0.972307821381656,0.944837595908847,,0.8911743051874348,1.054795841851032,0.5272871036575136,0.9545682491586154,0.968272658382585,0.7744135343158715,0.5067203795849089,,,,0.8735713524990574,0.7556544423680225,0.9594461205256178,,,,,
20181227,1.0142641909696783,0.9913976271078982,,0.9250478470322486,1.1035859925418512,0.5396123294911549,0.9704945502095392,0.9446237839458972,0.7640726164180407,0.5979500914774794,,,,0.8658426476663746,0.7498624912662376,0.9229512445054775,,,,,
20181228,1.0474395798648377,1.032192830213077,,0.9463830034594192,1.1440786176654107,0.5891425578317587,0.9867260517418479,0.9262152677824986,0.755488589753308,0.6706845326442767,,,,0.828354882735403,0.7446461804887249,0.8920388564658198,,,,,
20190102,1.0780261204251775,1.0747791629469838,,0.9867706705230127,1.1777196418739542,0.6756411811688381,1.0017469349364159,0.9374703206075651,0.7629137796782222,0.7244211718548897,,,,0.7845731623502934,0.741076623059989,0.8656849527729059,,,,,
20190103,1.1085614320995734,1.114264468740027,,1.0217020226442273,1.2053028129723626,0.7608898442203905,1.008919738268701,0.9296004063398169,0.7858630823742315,0.7866282615517333,,,,0.7794061062510338,0.8046773160167104,0.8672552615555057,,,,,
20190104,1.1204234039947278,1.1387173371116346,,1.0548623933875818,1.2268195199792868,0.8349149255820113,1.0346835606321232,0.9233642792444723,0.8235651960410538,0.846140793274529,,,,0.8281885763888628,0.8607972473937555,0.875783746619628,,,,,
20190107,1.1292001899789177,1.158243044379177,,1.091547851862524,1.240898955081981,0.8949326699022676,1.0483487888382215,0.9247443815148557,0.8545319274565389,0.9015164026307869,,,,0.8695340809096433,0.9095919361925366,0.8821362476048341,,,,,
20190108,1.1386486272251735,1.1729288678030703,,1.120960433543501,1.2406620506122072,0.9419831541254482,1.0627304735648124,0.9277753385740007,0.8858818598604817,0.9236197394753731,,,,0.9233402997302097,0.9525026373156787,0.9022423002064136,,,,,
20190109,1.1545437239991236,1.1913509519104404,,1.1439707526763119,1.2410414392606792,0.9654197870740098,1.0559210118807785,0.951710016366532,0.911732882600941,0.9445824101101256,,,,0.9715020857398162,0.9823073253917733,0.886106292817172,,,,,
20190110,1.086399260344028,1.1344849153366656,,1.0974952683346602,1.2066148882301402,1.0050574890302868,1.0605943808340939,0.9650942618874574,0.9518178630377996,0.9159411773870962,,,,0.9743989174947092,0.9154069827037106,0.8928637231863225,,,,,
20190111,1.0255068755147076,1.086631515323605,,1.055813638138179,1.1792254060389595,1.0057841374492054,1.0655441612105365,0.9635232402365521,0.9760029162923051,0.8935191307834778,,,,0.977245537831526,0.8580493415147292,0.9169702410177255,,,,,
20190114,0.979884126525528,1.0217582203849518,,1.0267863646049902,1.154572140998718,1.0180009195326818,1.0692004701939628,0.9665238793108056,1.0071161828390252,0.8792261077514236,,,,0.9786909173235586,0.8083950859805192,0.9464994390187316,,,,,
20190115,0.9344235335103339,0.9634585088867457,,1.001183414271834,1.1355727512813019,1.0247420981087245,1.0714074363775976,0.9686816284879262,1.0331108456531344,0.8758585628250557,,,,0.9432977339661903,0.7698559876367027,0.9815806227766324,,,,,
20190116,0.8853771353318102,0.8991811790839638,,0.9540176665668202,1.1208244713835411,1.0311206617663102,1.0541813441183714,0.9468188616416094,1.04054371235859,0.8423573249144314,,,,0.9032886646220467,0.7381064263809798,0.9998209696097135,,,,,
20190117,0.8534686058324836,0.8364605083192702,,0.9215981367668512,1.104634547682344,1.036792822624968,1.0405330670688977,0.9351018281295849,1.0477025826282826,0.8189990030617166,,,,0.8782958559471192,0.7235989731620387,0.9967067370538035,,,,,
20190118,0.8249013351248154,0.7796752547482563,,0.8841890631825867,1.0247577290054417,1.047978907689167,0.9889073127371286,0.9077602970131563,1.0261563528002502,0.7979972225431399,,,,0.8400327053156834,0.6880811084761222,0.976292220886571,,,,,
20190121,0.8018942558782354,0.7289561809325662,,0.8658478088413746,0.9632487047037847,1.0581436382741942,0.9513748592366796,0.8862708305868447,1.0159555417252009,0.8003965781648357,,,,0.8252194389447047,0.7054366894461882,1.0041079252874738,,,,,
20190122,0.7895286582977283,0.6918695938752567,,0.8576709920563128,0.9408254781063,1.0678392906912924,0.9279234860868618,0.8661782392945414,0.9998697305485909,0.8052704257757692,,,,0.8236666041325558,0.7430838132147283,1.0272047276900946,,,,,
20190123,0.7781181846325317,0.6544793473725039,,0.849834352374395,0.9170412529451376,1.0343382355676576,0.9157160159522313,0.842513795910648,0.988488678756468,0.8179489494826501,,,,0.8332852145778649,0.774802578410837,1.060955436843293,,,,,
20190124,0.7953333767284652,0.6545063996395997,,0.8835512632062887,0.9058347740461312,1.0062087269534934,0.9097967747735635,0.8310939483626455,0.9817684967159973,0.8587476799301813,,,,0.8634194913861174,0.8487962565739913,1.0876457477010224,,,,,
20190125,0.81150923599065,0.6540859244885155,,0.9180237493798796,0.8967981736383345,0.9878136919877529,0.8956619669361944,0.8289538752229169,0.9723047729523046,0.8949006310316475,,,,0.8886348111555128,0.9134973378870017,1.096788319557369,,,,,
20190128,0.8203540418887392,0.6662887986297353,,0.9369150034725436,0.8876028406339949,0.9803832693840672,0.8890394316143984,0.8334233081681404,0.9401710673514245,0.931558035318028,,,,0.9241131323593015,0.9735054900550938,1.0998111074178742,,,,,
20190129,0.8256950440464687,0.6803807497329624,,0.9550519924017895,0.8832834513010623,0.9732264569516946,0.8905124201723651,0.838633744772511,0.9253302281421423,0.9381738096276044,,,,0.9690917926429673,1.0199204579280141,1.09473836100022,,,,,
20190130,0.8415710992241194,0.699089364746107,,0.9833482626230778,0.8683047265561554,0.9473791662280253,0.9117914115103404,0.8565857443917069,0.9280029951007902,0.9666015255543154,,,,1.0110536169305062,1.0642518714738594,1.0998708754242046,,,,,
20190131,0.8695738288578169,0.7354689398427993,,1.0030359751174656,0.8599331397683023,0.9523124631959177,0.9314764926919782,0.8702051446114043,0.9308276192037758,0.9888199028597915,,,,1.0469635533703634,1.1039510025113586,1.0957889958199498,,,,,
20190201,0.8887093642687702,0.7735573343663236,,1.0168688735156806,0.8990074841301099,0.9529703936843872,0.9571797880242705,0.8933922167495423,0.9411856788685253,1.0069215918628918,,,,1.0745026897366763,1.1455949749825327,1.0961609431932537,,,,,
20190211,0.9271496405428679,0.8091282131819517,,0.997311934067501,0.8983891478319811,0.9463586174437969,0.9991785142692385,0.9172519198601304,0.9579268035427682,0.9951347050733523,,,,1.0564969225647638,1.1322061954941476,1.0256438222225186,,,,,
20190212,0.9526689640905441,0.8358567398240704,,0.9592809056435356,0.911390162893958,0.9561404820326435,1.0278326120344365,0.9243964447003308,0.9682600823558228,0.9921146040946762,,,,1.0422611702607765,1.088780026081686,0.983121674341523,,,,,
20190213,0.9772234063502857,0.8744958096311434,,0.9661467871067295,0.9256936324027081,0.9938463483311046,1.050464749997338,0.945624931950821,0.979471988193212,0.9964752607953054,,,,1.057943634049386,1.058212631433334,0.961090124246334,,,,,
20190214,1.0014835927326726,0.9034551873793945,,0.9726778736579138,0.9455807005285898,1.0219237880236527,1.0764486023358506,0.9745901335816398,0.9918710627073978,1.00283786862556,,,,1.0704724419652,1.0379503764235498,0.9498602566029479,,,,,
20190215,1.0250178364282805,0.9264166144744159,,0.9713109355328713,0.9687335899419939,1.0481639223986077,1.1018485721866709,0.999917550400398,1.0087041940989883,1.0091005642438067,,,,1.0722743663560128,1.0557938466984729,0.9526224465783849,,,,,
20190218,1.0382698515219022,0.9426390151824163,,0.9781325408330321,0.9962268572634734,1.0511005938730222,1.124754826424347,1.0164455435607886,1.036027934046132,1.01725206165889,,,,1.0655508731726533,1.0579095233654465,0.9560870586827876,,,,,
20190219,1.0499038370929088,0.9445141234958755,,0.9840155418399367,1.0342144114574159,1.062580129761696,1.1501232948028977,1.035351093024727,1.058056885497699,1.0380519476157688,,,,1.0620342756693077,1.0598603983722035,0.9906505359181604,,,,,
20190220,1.0661878537913536,0.9567836322247526,,0.9900081220768422,1.057482552112926,1.0807906970052352,1.1588190400025695,1.0267311508483024,1.0502507988213095,1.0432358828109436,,,,1.0583598661629352,1.0537725416400083,1.0091735608082288,,,,,
20190221,1.0672267788466097,0.9619482401420295,,1.0021067131779722,1.0817478669816079,1.080650631064559,1.1628259693579512,1.0228512148757836,1.0422490578640466,1.043676198081635,,,,1.0222966529241653,1.0451713355309136,1.0248097669472807,,,,,
20190222,1.05513762863172,0.9361980409000038,,1.0034506343159206,1.1000382986777695,1.083005608773505,1.1753397958476202,1.0266116390369413,1.0399610084318,1.0363977778865727,,,,1.0018030671144122,1.038133668714154,1.0243471755379994,,,,,
20190225,1.0339494817534234,0.9343245789980562,,1.025664182350678,1.1115126870406462,1.0807478900348269,1.1373633027222336,1.0283404325946912,1.0226598693653997,1.0308231670698784,,,,1.0084851440604383,1.0529417618964485,1.0588828581262282,,,,,
20190226,1.0247147157584053,0.9662415593646722,,1.0485784952699457,1.1273216485427637,1.0653780435251692,1.1132132759687563,1.0393072742916505,1.021327465563046,1.0273400107860728,,,,1.0048376363490836,1.080098072211196,1.077823841434085,,,,,
20190227,1.0124319442321834,0.9896724987058959,,1.0363129150379196,1.141395184837054,1.0450172122187695,1.0803262522438306,1.0069931085946684,1.0109667058179634,1.0045684638280628,,,,0.923602097830165,1.1010767762890434,1.0830072695465724,,,,,
20190228,0.997795932400517,0.9954727447817686,,1.0230334637576408,1.1525665378513357,1.0247331158692066,1.0486697587864957,0.9637220756868208,1.0009528301239075,0.9867501841554445,,,,0.8572232344669997,1.104148581713138,1.1060345576318427,,,,,
20190301,1.0005842358540287,1.0121120081484307,,1.0305209048581745,1.1463366169441833,1.0050064748065637,1.029758100280118,0.938229689581064,1.0042619528353627,0.9862736176976584,,,,0.8756012568656943,1.0788050200391057,1.1195310661579227,,,,,
20190304,1.0056712891938087,1.019373212382898,,1.0417453642775851,1.1562188008977372,1.0049859442784836,1.0148920469326959,0.9169201868618675,1.007359401753382,0.9387018373981117,,,,0.8914754410535638,1.0524960587734424,1.1348242804844346,,,,,
20190305,1.0108912819457834,1.0254630685539954,,1.0492788704195712,1.0905528737378938,0.9899301548258559,0.9724780893639505,0.8926402007883697,0.9922666237647356,0.9098335345472914,,,,0.9039528865566784,1.0356355450365293,1.0933069310571728,,,,,
20190306,1.0136588734380305,1.038885781907519,,1.056246629927259,1.036465144333192,0.9758128465404382,0.948266014288215,0.9031126880276779,0.9984232427686418,0.8885038681136748,,,,0.9170070641165158,1.0249487217132054,1.066469046977737,,,,,
20190307,1.0201238456402686,1.05447934791711,,1.0598852780656327,0.9960965875657696,0.9373653001068021,0.9336936451550196,0.9116816909945057,1.011847305986315,0.9067422001994685,,,,0.9455990864979833,1.0381502737771624,1.0464643191421683,,,,,
20190308,1.0342635340904276,1.0747025779819281,,1.074373631449482,0.9492955573671097,0.8879655417902644,0.9249698580086209,0.9231088149364925,1.0260789281283902,0.9305586035034236,,,,0.9783947426451589,1.0491711957697931,1.0383495123943853,,,,,
20190311,1.047698927984954,1.0914340957075495,,1.0733476786102831,0.9144354391419318,0.855050516925173,0.9357078492771821,0.9546161019265793,1.0401309790224529,0.9674782160816069,,,,1.0057791499738542,1.056145733175674,1.0314152375122687,,,,,
20190312,1.042398406397737,1.0555934845406432,,1.0734643054495248,0.8961655963275347,0.839710259847205,0.9396087501707563,0.9777134096813476,1.043483197274561,0.9977474137637026,,,,1.0250525515174422,1.0616500042043826,1.029800792390086,,,,,
20190313,1.0373003124968767,1.023698144692342,,1.0889212372580093,0.8829975919139067,0.8297768884832151,0.9416560475454706,1.0052947479988819,1.040248125829683,1.034579768218421,,,,1.0768672253446536,1.0614498085662778,1.0232430612223757,,,,,
20190314,1.0347306889131596,1.0104595210688705,,1.103513199631641,0.8685812376286203,0.8240844266507692,0.9503473716736538,1.0393643962561185,1.0453333757008663,1.0651072718134014,,,,1.119710574949204,1.070403584726587,0.9642396919536027,,,,,
20190315,1.0028958277337814,0.9807378535398139,,1.03439013378747,0.8176360578711956,0.8105409130928649,0.9139495340435861,1.0489273003036221,1.0063030732157265,1.055774410733562,,,,1.0627663315345406,1.0336810266258272,0.9105109905766335,,,,,
20190318,0.9665415986400667,0.8995606584478943,,0.9755274403729197,0.7703460420219105,0.8017043343541368,0.905750392542537,1.0782790427873044,0.9712562264114567,1.0419709754343585,,,,1.0295401774580375,1.0025665045145993,0.8539986426072539,,,,,
20190319,0.9410613164047522,0.8321311489607615,,0.9299209005308652,0.7828496719228251,0.8069831886787394,0.9321306048199458,1.110232532713158,0.970376289627599,1.030478192320839,,,,1.0005915122337485,0.9778253139133508,0.8446925805125088,,,,,
20190320,0.9294821435618925,0.7782119400520344,,0.8983759275607018,0.7951178323195249,0.8381490606254312,0.9375566091771771,1.1110890274104417,0.9658696770947636,0.9750288629506494,,,,0.9380893955875096,0.973374024993911,0.8564313325637722,,,,,
20190321,0.9297440840883683,0.7387761212398072,,0.8516580454277873,0.7823203570203439,0.8820038696626258,0.9495918072727847,1.1186933934190548,0.9626548933787039,0.9149585479249491,,,,0.8940185928588776,0.9530604138444158,0.8686048044031294,,,,,
20190322,0.9124982208078721,0.7051776175910499,,0.8064265558693199,0.7745274980519797,0.9182546344034704,0.9616939986282723,1.1454198464653762,0.9570029665374673,0.8638421275909252,,,,0.8460889945826398,0.9379177229214056,0.8805507004082768,,,,,
20190325,0.9154920248253832,0.7233926994705779,,0.7883637929254164,0.8100285433093989,0.9475387188138678,0.9737324367122836,1.161939855487487,0.9496217991625645,0.820704926134985,,,,0.8103721895008654,0.9253852827570386,0.873153782111084,,,,,
20190326,0.9185449916901073,0.7662920340723425,,0.747922714961479,0.8349150762552496,0.972375025235351,0.9826045855830213,1.1765596451055766,0.9445317721413133,0.7873754727378464,,,,0.7814560785318572,0.8928992375846605,0.8691643939373207,,,,,
20190327,0.9241412245150983,0.8051242867165266,,0.7331207050581341,0.853071468863913,0.9926280606438359,0.9956461997404079,1.195202017210936,0.9461535930101561,0.7717387205196138,,,,0.7503292862676162,0.8675091700266715,0.8632331522495782,,,,,
20190328,0.9363453885630874,0.83046177264797,,0.7207031594763476,0.8702125391138884,1.0205203157315255,1.0060358143082488,1.2086104920193026,0.941150106553093,0.7995329950501626,,,,0.7293717021504786,0.8507836929174358,0.8974510846403425,,,,,
20190329,0.962426156788378,0.865929313655168,,0.7735749306705929,0.9160675830434531,1.057698130010713,1.037456435990411,1.2119780267060152,0.9603173315819835,0.8471095231432872,,,,0.7806682677108953,0.8665022396926282,0.9290068507364702,,,,,
20190401,0.9897126984305114,0.9339761568077632,,0.8209023553521625,0.9667325632394476,1.089590962337682,0.9944941529303577,1.0920610985894874,0.9261880991969978,0.9013423098803417,,,,0.760129260129363,0.8821671149255413,0.9541921423252283,,,,,
20190402,1.00028888589997,0.9911576533137353,,0.8640761717221087,1.0002561582685028,1.114262627486317,0.9568045304867134,1.0033993667652974,0.8986875939968682,0.9456859637301155,,,,0.7828199490130257,0.8935871724217743,0.937230466459277,,,,,
20190403,1.0002492720064042,1.0392009933547577,,0.8829671255003558,1.0319637712597054,1.0899370607348247,0.928082087286731,0.9689013053327632,0.8777534053409626,0.9992554568572326,,,,0.8236000422032447,0.8844933040217116,0.9158307409702222,,,,,
20190404,0.9874182816201917,1.0688980603388463,,0.914499870860824,1.070095026111126,1.0836213170446576,0.9049386897347621,0.9419286900227307,0.867868109860919,1.053953418813355,,,,0.8681463316646164,0.8922108064851207,0.9052788732483689,,,,,
20190408,0.978888666526607,1.0989923640697987,,0.9467202845651537,1.1053297072330288,1.0859834403826205,0.9046111651106349,0.9211182719832512,0.8999455584165482,1.0989030804159345,,,,0.9157092461789976,0.9164050027511675,0.8925963106685098,,,,,
20190409,0.893128867802126,1.0603362226008306,,0.9513117233848224,1.072308990941185,1.087904936724579,0.9072175670109311,0.9206247901909883,0.9339947658819832,1.1373593235038335,,,,0.953333239778461,0.9410291900582117,0.9063010006998031,,,,,
20190410,0.8462361710451292,1.0353007883733332,,0.9675998670397132,1.0632750899164887,1.0895084540762978,0.8990621232215104,0.919425635233131,0.9568773118125385,1.1680909572399791,,,,0.983996495492329,0.9718664052510384,0.9249247201218962,,,,,
20190411,0.804986255696098,1.0140958876555368,,0.959426644341449,1.0456984545691452,1.0902149217749593,0.8926011238778699,0.9174225844264641,0.9738489212783932,1.1823760438943411,,,,1.0087367916388186,0.9900848723244761,0.949276801044259,,,,,
20190412,0.7753874117220988,0.9903935655843769,,0.9584200098078751,1.0042141950818353,1.0529577832487145,0.8500192419921914,0.9332590812612264,0.9772066094515769,1.083006943722447,,,,1.0282284055129811,0.9836786252459198,0.9723581126408992,,,,,
20190415,0.7614404457507394,0.9755674120323313,,0.9394409758879363,0.9833796199438705,0.9990195829887533,0.8405964413405729,0.9559528662597426,1.0010541571572562,1.0166459578427616,,,,1.0315968424516946,1.000245695319786,0.9914139012574591,,,,,
20190416,0.7763216272296378,0.9751395664930496,,0.9250854026198191,0.9689265490425821,0.9581929032662998,0.8683768395419827,1.02505718731856,1.0403395838740401,0.9646173613393706,,,,1.0663212438657976,0.9935933920515176,1.0152825398444905,,,,,
20190417,0.7872033352718102,0.9605253389630783,,0.8847823658720861,0.9595990669129337,0.9323718830246353,0.891062185543307,1.077883009826613,1.072611445200534,0.9209692374867342,,,,1.0516618983529262,0.9890825852767019,1.0538167184794747,,,,,
20190418,0.806891314704745,0.9488862041532238,,0.8567510612925943,0.9637337900002837,0.8746765288398628,0.9332741262719787,1.0668374660773368,1.096258103498887,0.8878104971368187,,,,1.092500759806379,1.0075725391959491,1.0877962106194998,,,,,
20190419,0.8549920776610263,0.9433186626494026,,0.8737554820622628,0.968463417447974,0.8412605178106214,0.9677983131163487,1.0588822360809151,1.1176578197732663,0.8458264422292116,,,,1.1011898586711828,1.0240047147569453,1.1158862826410325,,,,,
20190422,0.9061395991499991,0.9593662525427729,,0.9100249849249428,0.9701700876201897,0.8040116342838285,0.9290278665063402,0.9965334760936184,1.010563228891068,0.8090085767030301,,,,1.1091054204654136,0.983420461210075,1.1394262597432514,,,,,
20190423,0.9849310172305059,1.0026018203210665,,0.9384364033846031,0.9975708921949706,0.7931552789491192,0.9020859366508518,0.9395821979959327,0.9282959960096763,0.7736118959669706,,,,1.1133378980608049,0.9482884831137355,1.1373806422764436,,,,,
20190424,1.0389398565413566,1.0350029126966491,,0.9641583179748113,0.9620673786471835,0.7869650063231385,0.8729942614986098,0.9390320733008573,0.8593424314373374,0.7524371362435531,,,,1.116341052678081,0.9195227517803447,1.1338937099067283,,,,,
20190425,1.0896002572159997,1.064641652418201,,1.0056931780682818,0.941862422283244,0.7716991046208129,0.8542556908521947,0.9346993041243288,0.800250981734424,0.7417483107008551,,,,1.1114530126179456,0.9051411973231123,1.1110877090228515,,,,,
20190426,1.131990267511845,1.094200494658771,,1.0358540938048333,0.9387609793020564,0.7843236751993551,0.849929684792299,0.9107332301534387,0.7535616921617044,0.7908692308771456,,,,1.0989029506702137,0.9186841694220533,1.0880922035872822,,,,,
20190429,1.1694106590742148,1.1269181699526805,,1.0711194822584569,0.9409480113239811,0.8193106796966736,0.8489791714022196,0.8902444854880571,0.7107685895218381,0.8690776268998184,,,,1.1028051614827816,0.9314671793179254,1.0732707941971447,,,,,
20190430,1.1816796822129212,1.1451138542771222,,1.0993825717970371,0.9952564978277135,0.8527903545436101,0.8659026720765481,0.8925268521234455,0.7018844900546005,0.925462962329409,,,,1.1090858896459708,0.9591556511381324,1.0545713943829014,,,,,
20190506,1.2082418709094016,1.1730069004120176,,1.1431233422235796,1.0395545585119201,0.893628589587792,0.8850016505546956,0.8962568046608103,0.7033312567276958,0.9732826344047675,,,,1.1208645352391113,0.9840287992284718,1.0447697168401773,,,,,
20190507,1.2268031015764327,1.1972910151180922,,1.167469994142305,1.0543294664084881,0.9628727613837269,0.8422056357737214,0.9073889494634352,0.6956602815295039,1.0137925428247223,,,,1.040341244844591,0.9728087964363675,1.023319858829259,,,,,
20190508,1.2310615434554864,1.218714572936821,,1.178579621455951,1.067469619753129,0.9995242411321345,0.835668679421667,0.9260692740322889,0.7185281802428387,1.0532562343942964,,,,0.9855744092643689,0.9597832480353261,0.959768852863918,,,,,
20190509,1.2271526488169184,1.215521342760509,,1.1612089961850924,1.0804061909514415,1.0257298002548674,0.9010778380958929,0.9864639373474727,0.8154515890963872,1.0876200702922363,,,,0.9322175810666913,0.97382011680487,0.9225065419878169,,,,,
20190510,1.2239828453030894,1.2064788561603361,,1.1523401404902613,1.0950837971631577,1.0487287617918097,0.9539651294029596,1.037494310686149,0.8891815744144514,1.1190544870019379,,,,0.8873388506837125,0.9892538924844679,0.8964699113505192,,,,,
20190513,1.2270616109166606,1.205072501131886,,1.14617589862277,1.1179225384957363,1.074311483814336,1.0124001515680894,1.0446971366155235,0.9529493126932109,1.1525841825177254,,,,0.8661199790546934,1.0085235223620257,0.8896759379997253,,,,,
20190514,1.2038500615677736,1.1949495866316655,,1.1125795050769411,1.153494153155826,1.1081708045099072,1.0542109883459496,1.0535146875666677,1.0143611479918375,1.1851210132779724,,,,0.8857774165075294,1.0291480675715747,0.9051625786274281,,,,,
20190515,1.1858099261631365,1.1844009018167239,,1.0943686688651977,1.1643368461611818,1.1325701523956264,1.0932352027618413,1.0758296564292449,1.0732651341704265,1.2063807394503774,,,,0.90863023808349,1.0029573102799627,0.9501714672039271,,,,,
20190516,1.1627494557115896,1.1422474316595865,,1.0845617139984232,1.1748137138582049,1.1499672297988939,1.1303065451308656,1.0960300798448166,1.1245074472335503,1.1914967991446967,,,,0.9303475779440337,0.9931222931873207,0.9794354339334628,,,,,
20190517,1.1549279622381454,1.1119683487250531,,1.0703652545951348,1.1599456192700677,1.1617655286413435,1.1599441573214617,1.0815808967436447,1.1534242913777346,1.1833779935504938,,,,0.9444800130958961,0.985186663931815,1.0054778099999473,,,,,
20190520,1.0958600479579372,1.0205659953250867,,1.0464016852656692,1.1514016063380836,1.1470185363626635,1.1897086881159153,1.0541202397399523,1.1796546940647477,1.1805342964647303,,,,0.943154213523351,0.9892959642648994,1.0098996157925813,,,,,
20190521,1.04541079848667,0.9552943446774712,,1.024867086956881,1.1544772920418613,1.1341540970842807,1.2266729268975147,1.0524298214582721,1.2055969535351467,1.1785062012123486,,,,0.9859210130684819,1.0083880916328882,1.014843654271278,,,,,
20190522,1.0093429234229445,0.9032845218075226,,1.0092877583778417,1.167990321587088,1.1389434943956593,1.2517402574703056,1.0488098732685756,1.2091939327137908,1.1726256453466433,,,,1.0195788099820446,1.0258713456990214,1.0317989127017517,,,,,
20190523,0.998964408561582,0.893340084863141,,1.0354864331277391,1.1793203735083855,1.1425137607690072,1.2540561762540297,1.0297695001857503,1.2103214777557783,1.1703912996740815,,,,1.0551184560991258,1.057275844500492,1.069699344183561,,,,,
20190524,0.994376776478134,0.9175675077284376,,1.0546485163571935,1.1896610919777042,1.1427241642919248,1.2540664173498566,1.0111877158053661,1.2106920596278625,1.1836101148955944,,,,1.081346628087252,1.0858527390097497,1.1021749255390625,,,,,
20190527,0.9783401678930388,0.9236177715280608,,1.0633349394120948,1.1967087506023342,1.1286505042527255,1.2258989052459976,1.0008802573092135,1.203094142218606,1.168447910749909,,,,1.1142374414165015,1.1025999313030745,1.1255188061945083,,,,,
20190528,0.975090625431907,0.9400583364508373,,1.0787881506661725,1.1816479751720468,1.0608390950300968,1.1754302071155467,0.995184768450936,1.149161890985128,1.1125638879185713,,,,1.0946339602480673,1.0986180678039894,1.1417894851618542,,,,,
20190529,0.9718017994472973,0.9507965758808806,,1.0840393001886566,1.1739273305196072,1.0143143489293698,1.1332918436957797,0.9756850237175827,1.0993828401307653,1.0711708512079927,,,,1.0777853754196818,1.118351899349679,1.1014277868275386,,,,,
20190530,0.9654069397182469,0.9664529314410787,,1.0816346650667985,1.1299736615768747,0.9900129080961169,1.1064775001746259,0.9526501029800594,1.0628591011577968,1.0478973942559118,,,,1.0594831242459664,1.1322181896861025,1.0701580947721028,,,,,
20190531,0.9615867925519848,0.9898010665611676,,1.0906318572236242,1.1154180605916042,0.9608140844413873,1.0827004406486458,0.9380051089223621,1.0380582252845727,1.0050208532754648,,,,1.0451124400202152,1.145018514358647,1.0325229004010186,,,,,
20190603,0.9449895562548433,0.9955838640553374,,1.0885942954208663,1.1072340755070074,0.9918715781434616,1.0587151318845254,0.9345808585017433,1.0216244123850984,0.986647455611408,,,,1.0521534775495618,1.1377080021894834,1.008166865378862,,,,,
20190604,0.9494427293339205,1.0105210197115324,,1.0973541122295931,1.083139837945757,1.0159608661223363,1.017888017788089,0.9118961254398708,0.9890342430517094,0.9708810265091199,,,,1.0598783663882003,1.1305001660083005,0.9817028480469997,,,,,
20190605,0.9619749578707063,1.0302229035514334,,1.1077560062122096,1.0329399967061812,1.0252305077779764,0.9818510851302324,0.8953899161943982,0.9688663081038968,0.9742987024090118,,,,1.0666267325409238,1.121120023577914,0.9402389541400198,,,,,
20190606,0.9621469502122056,1.0438218751009083,,1.0898278103428374,0.9822044305400258,1.032501375436981,0.9652357759568115,0.8956423416033482,0.9577111163325099,0.9774808884724336,,,,1.0453002115545749,1.1031714879264627,0.9111648402323441,,,,,
20190610,0.9742743892000694,1.0709282161058364,,1.0850130789649963,0.9392159843612207,1.0434383578609732,0.9520449191182125,0.8950409186688479,0.9515914178309729,0.9331075851024715,,,,1.0450303445869566,1.091403734612816,0.8913273969569737,,,,,
20190611,0.9906644004851747,1.0989839358243263,,1.0874219542662065,0.9062533620538934,1.0643216821295134,0.9563423981839803,0.9128913934602455,0.9511193889573346,0.9124610745540419,,,,1.025202751828423,1.0821913492183919,0.9435832573581105,,,,,
20190612,1.004713863127332,1.1126645111282067,,1.0933937383446337,0.9031060478947508,1.0990770443455513,0.9417828567139,0.9175775568280363,0.9605543920660619,0.917093276353597,,,,1.0378077951302496,1.0785882459543465,0.9832761838328232,,,,,
20190613,1.0163581061310478,1.1299950052310568,,1.1005983384675222,0.8922307941657993,1.1197552990466741,0.9431723666138527,0.9352820153631364,0.9745617050220122,0.9174449262357364,,,,1.0537453533634407,1.076998844715408,1.0261356550093863,,,,,
20190614,1.0312391884292624,1.1448381708149413,,1.1072253384201562,0.9086154623151617,1.1343377717753331,0.9395856098820256,0.9535035586747922,0.9836735545245273,0.9202556037858107,,,,1.0689212198511073,1.0728428208670644,1.0605232813566272,,,,,
20190617,1.0173427892116715,1.1157151056931034,,1.0918514207131134,0.9129432265022531,1.1509147495042582,0.9383439153266444,0.9723769800706724,0.9924798677170806,0.9326278466508245,,,,1.0843693983122928,1.0666178289580865,1.0877305870299168,,,,,
20190618,1.0054487869340667,1.0808984799007704,,1.0593037570959276,0.8974820977341482,1.0965366475820018,0.9324199441071978,0.9867784778858198,0.9738078506286948,0.928689243746125,,,,1.0623205305887635,1.0093073537483124,1.1090782600684783,,,,,
20190619,1.0108051612731705,1.0536155977180008,,1.034473980244669,0.8976666181074643,1.0501295919845857,0.943696557628229,0.9884148780373333,0.9720999720411495,0.9275429936605749,,,,1.0477355041766372,0.9630931085596445,1.1166394900369214,,,,,
20190620,1.015158902540038,1.0311608046031548,,1.022546789122834,0.9032748141517161,1.0104404371911613,0.9343199629713572,0.9682345825389242,0.9564191736344416,0.8592719913993079,,,,1.0313427516698066,0.9140849745944175,1.1229684868322847,,,,,
20190621,1.023967976471065,1.0031035737001557,,1.0071253003360203,0.9047539082528041,0.9640492081086478,0.9314250892408964,0.9574488752791271,0.9526261779836931,0.8238476011603107,,,,1.043361949159664,0.8912758781897958,1.1442814250606108,,,,,
20190624,1.0248472579108339,0.9572578247924132,,0.9927667831469033,0.9039156271057796,0.9285555766310842,0.9307498850458906,0.943295000747337,0.9498131497945889,0.8583441094489531,,,,1.038981809480329,0.8734057884718683,1.1625976585355906,,,,,
20190625,1.0254843157289182,0.9242337096127535,,0.9697245719495807,0.8845697867768694,0.8844197454410105,0.9302344787528939,0.9372019057238266,0.953161561991151,0.8944420871437511,,,,1.0423932644493838,0.8730725409669704,1.0504612416286545,,,,,
20190626,1.0059515034673259,0.8913659300398974,,0.9519804916556571,0.8540441828631637,0.8060889578650015,0.9088056519762533,0.9217852399450216,0.9255574234467109,0.9227747646148152,,,,1.0112076281130704,0.8575934074970435,0.9561668831451682,,,,,
20190627,0.9899564693955196,0.8662729766158669,,0.9362600174547708,0.8303107447314899,0.7416094563525418,0.9075108622566409,0.9283628941573796,0.9227075968056268,0.9563565347391516,,,,0.9884989294059092,0.8372841102229059,0.88885050121278,,,,,
20190628,0.9503363708007615,0.8484147005858501,,0.9071559474712008,0.7995537863273621,0.7456365755578077,0.9021959705101461,0.9359557485502371,0.9178377536541846,0.9915855760182608,,,,0.9713075499788734,0.8387719591723647,0.835107229187478,,,,,
20190701,0.9416139279876437,0.8598990409897055,,0.915656137889295,0.772764606678951,0.7530041885946094,0.8923896343365659,0.9516726468357654,0.9187820267077701,1.0203008681631942,,,,0.9822150571421637,0.8482892726765566,0.793342962936078,,,,,
20190702,0.9166603102671453,0.8637903472610368,,0.9259085049136282,0.7498761551764536,0.7938522817328731,0.9053250930940444,0.9641775438273812,0.952163979996801,1.0519868362464528,,,,1.0077149375151249,0.8989838744771335,0.7590282370566065,,,,,
20190703,0.9278382241430523,0.8848561471863827,,0.9469332537509471,0.7354145651033863,0.8305665320073896,0.9212988606863137,0.9815647019170242,0.9808998955175173,1.07966681317504,,,,1.0395909093342772,0.940500653241271,0.7536755805382636,,,,,
20190704,0.9366088692580484,0.8943142599968228,,0.9536529108503119,0.7445456757119788,0.8617822497794562,0.9407083500261018,1.005151280048854,1.0198897808203475,1.1262040818981438,,,,1.080724232749482,0.9636747477201636,0.7445203950802669,,,,,
20190705,0.9455640501886585,0.9012949518551592,,0.9702045394038276,0.7613026674220638,0.8991977273081496,0.9513671667925045,1.0299550172870569,1.0505892133335009,1.1571869453636336,,,,1.1129466334766114,0.9822019254478122,0.7405778345452096,,,,,
20190708,0.9533197573627352,0.9292865232696494,,0.9844353791036233,0.796364086520831,0.9535194906811679,0.9532942750652447,1.030728122454775,1.0757594665989065,1.122294106961898,,,,1.1395011814267815,0.9926741355261935,0.7384418590987554,,,,,
20190709,0.9615448420365109,0.9456855466153167,,0.9927534627198704,0.8552997764377213,1.0240354985234321,0.969428551286282,1.0346880310510667,1.0956848701018733,1.1231007069253829,,,,1.1615596163934565,1.0026410583244674,0.8216658784533738,,,,,
20190710,0.9770642481292631,0.9492377678342291,,1.0026112208979014,0.9166868086083843,1.0925592947320797,0.9878373212705733,1.035438672957827,1.1223849685296163,1.1253478596565973,,,,1.1820748354310793,1.017575787080557,0.8733342610308941,,,,,
20190711,0.9950986462526692,0.975648552637063,,1.0128423647560518,0.9720079660181562,1.1485692000690408,0.9957481852476544,1.0202169252402962,1.1352327138533926,1.1292186263559272,,,,1.1990884992360813,1.0367681513006994,0.9148615314304747,,,,,
20190712,1.0247301008221457,0.9951318751317392,,1.0353188157119795,1.019490678094713,1.1646911824706336,1.019018905602469,1.016889382908,1.1546431963359656,1.125118088408346,,,,1.2135361050591558,1.0332639965024668,0.9488099474587457,,,,,
20190715,1.0361258773520672,1.0056611481614621,,0.9740201583043743,1.0593338075338614,1.1663718119916502,1.0372930458992942,0.9933043935282737,1.1656656221034936,1.1190071479885872,,,,1.1731977697024187,1.0157085102029861,0.9666023991928097,,,,,
20190716,1.0558982892260194,1.02124171367301,,0.9287193514140651,1.0997697387700078,1.1658964731732142,1.0071177049467686,0.9533112106913021,1.124950931028094,1.1040427472670764,,,,1.1253570830652562,0.9791879021870724,0.9833856336083976,,,,,
20190717,1.0445777824736082,1.0115515850718693,,0.8814284694134629,1.1334710967372519,1.1644948792411338,0.9897534127585549,0.9373094027962313,1.093413502510861,1.100804461422708,,,,1.0888333193396111,0.9567792240185196,0.9539335366952096,,,,,
20190718,1.0316608217907173,1.0100896481164505,,0.8542125358257757,1.1553113138828213,1.1319264311314245,0.9901040324488296,0.9196415267298251,1.0627443163512325,1.0950735400343077,,,,1.0476553429951467,0.948028278393102,0.9485064382235945,,,,,
20190719,1.0145784172340042,1.0145811285317132,,0.832456313074943,1.170474128877002,1.11479012829051,0.9829636193459224,0.8995262339064111,1.033895966189616,1.106466598329664,,,,1.0094535118975039,0.9502526748491449,0.9462675691127922,,,,,
20190722,0.9985095352389893,1.0090542249848027,,0.806617258444191,1.1598891934206867,1.0930857438386565,0.9784574593280922,0.905779894737696,0.9995100129145681,1.1300354376103403,,,,0.9945528750340795,0.9548767815976047,0.960482278293675,,,,,
20190723,0.9851215807478009,1.008995870110496,,0.7891589638790009,1.0702194853113214,0.9681526504504789,0.9713732678435635,0.9113798191349849,0.9766998679757112,1.0786501526097758,,,,0.9821088246827152,0.9501880549739269,0.9582655762553933,,,,,
20190724,0.974252810465739,1.0179282482317604,,0.780949149981157,0.9881135448977788,0.8949090658584145,0.9734015850944118,0.9198072837953302,0.9543094025142492,1.0361960138702426,,,,0.9392159870271951,0.9398826545737311,0.9489232325475898,,,,,
20190725,0.916594349270995,0.9531615421696236,,0.7562264239254385,0.9366929454752146,0.8341677903993253,0.9763411921881922,0.9336359671706448,0.9340492462239007,1.0029218575295185,,,,0.8961933098987468,0.9370550584043139,0.9475337124587263,,,,,
20190726,0.8799712741335861,0.9073018422823982,,0.7417400374894167,0.8943049203964124,0.7956923387945909,0.9625743559577984,0.9137989663142648,0.9086447662880982,0.9797747386144829,,,,0.8610574073105005,0.9432598883702609,0.9469072963372209,,,,,
20190729,0.8595752276305254,0.8745824098122655,,0.7825666186023482,0.8660312965121013,0.7699637578547335,0.9383264363465742,0.8876350994122623,0.8460433065743201,0.9667838215407613,,,,0.8606621623346402,0.9653361576829134,0.9659551993033105,,,,,
20190730,0.8549908690895903,0.8585768793002198,,0.8186388691798436,0.8227608409127813,0.7513766982546517,0.9416056463853928,0.8735604037884419,0.8177690681052336,0.9618657596741851,,,,0.8799254752501166,0.9881516137980852,0.9802325951885678,,,,,
20190731,0.8656869024594483,0.8191816301052557,,0.8509751819025346,0.7904436034882945,0.7343815103224406,0.9514234223714414,0.8636093624541127,0.7989869067219127,0.9564764481280535,,,,0.8985571795920765,1.0107128225422306,1.006872125536075,,,,,
20190801,0.8716466832274028,0.7821205178536473,,0.8858246825820314,0.781187022025375,0.7427582738791837,0.9611701302061839,0.8703430192261093,0.7898352223609804,0.9592417163394326,,,,0.8986927583907779,1.026366407920683,1.0162950332228833,,,,,
20190802,0.910850662462098,0.7903242509846479,,0.9412646968861147,0.7916457489202516,0.7484972013797245,0.9784950661288746,0.9024289463911886,0.7968034351267171,0.922992070413577,,,,0.8969407549591829,1.030553143283797,1.0099918751185326,,,,,
20190805,0.9428471177174346,0.8061715187447369,,0.9808456716800759,0.811350431205549,0.7557711696204145,0.9896754547601565,0.909773241756661,0.8378169351865299,0.9039069546968338,,,,0.8608430943886718,1.0523835151379535,0.9882140268712188,,,,,
20190806,0.9696992028756384,0.8184043563247339,,1.01243573090413,0.8941169982229902,0.8360129935252059,0.9993702394514905,0.9062989660037506,0.8665387403239634,0.9175903421689109,,,,0.82901361862314,1.0599887803286796,0.9785658625124284,,,,,
20190807,1.0015775365818014,0.837398844544414,,1.0274718276973638,0.9661654690979737,0.8733004462604981,0.9976911608913024,0.9170763005580633,0.8921099230633273,0.9239347214222188,,,,0.8239939367153271,1.0725171218401601,0.993764153407435,,,,,
20190808,1.0512710689502869,0.8967226637157194,,1.0548273721289871,1.0074539693376694,0.9087198071607561,0.986645953260486,0.9373992935903278,0.9160216002015973,0.9296609737174891,,,,0.8200682479805592,1.075304389207481,1.0044789601410196,,,,,
20190809,1.0826810756445937,0.9344342093505317,,1.0616521460950226,1.0451139479054357,0.9386532707805968,0.996072565916586,0.9905921880931785,0.946015859420488,0.9435985612153909,,,,0.8194804542340882,1.061392210040036,1.014858147138504,,,,,
20190812,1.1092277635576167,0.9735481288135822,,1.0812823800897673,1.0750690327992705,0.971496808465889,1.0122192082927581,1.0435578193293364,0.9993384332775616,0.9255007755962331,,,,0.8025057583167573,1.0504773586829899,1.0146812125180744,,,,,
20190813,1.1103732635229109,0.9937426138965587,,1.0979463629029493,1.1085906615595098,0.9937085388591544,1.019600980945947,1.0906465520830626,1.0436363002037177,0.9077299307526875,,,,0.7696083679590184,1.0520070897933014,1.022678017925806,,,,,
20190814,1.1046081627223583,1.048838056457302,,1.1096779612224228,1.1368379625416731,1.0128319945163982,1.0153785452657837,1.1217356889098635,1.0728837450210755,0.8981593896795526,,,,0.7643184732785023,1.0482893350301794,1.0302452598998044,,,,,
20190815,1.086293920964008,1.0949783714163133,,1.1161016769772651,1.152418303084566,1.0254032362944363,1.0048070671908436,1.1427140448175037,1.087590470664299,0.8873469188677493,,,,0.7754210862680909,1.0482972333218843,1.0431175337556988,,,,,
20190816,1.0461138836342891,1.104835352292893,,1.0744141626020427,1.1399266553399812,1.0217357663149143,0.987449263876691,1.1331147538332742,1.0893294036004226,0.892795419363897,,,,0.7670849431954732,1.0557070483160114,1.046448712733142,,,,,
20190819,1.0398456867517702,1.1138520737428261,,1.041975319099404,1.13239720789701,1.0130162396702038,0.9600624071375542,1.1203860799241057,1.0096646742311899,0.8405310417108289,,,,0.7626088767365872,1.0064125856261246,1.06235099389638,,,,,
20190820,1.035391870760167,1.1214082723392775,,1.0140884590096848,1.0906606516368265,1.029217236758449,0.936702443960812,1.1013510599818406,0.9450766448575025,0.8031080930203842,,,,0.7566484018243188,0.976240041285348,1.0756711442144125,,,,,
20190821,1.001786917873157,1.0998912527519225,,1.0057143742619772,1.0640956473003307,1.055190936861623,0.9340137256352138,1.0868284051310027,0.9081459537842499,0.7699226618380037,,,,0.7817206076344553,0.9409243080555872,1.0669004552284191,,,,,
20190822,0.9727089556461631,1.0715431143024616,,0.9989435466261692,1.04749244148815,1.0772730880237706,0.9451566290052474,1.0923432864241347,0.8951405112016589,0.7525963654615242,,,,0.8165129203848219,0.9074322432276043,1.0648432082126986,,,,,
20190823,0.9492477073812489,1.0474362507075712,,0.9988516431378862,1.0334340009040202,1.097344325711349,0.9069099730086956,1.0600266394893876,0.8704848982877144,0.7172838033480984,,,,0.8487200322231139,0.8953557469643617,1.075183982586135,,,,,
20190826,0.9304180491284723,1.0319440449063593,,0.9992870445468776,1.0200863627593528,1.1155657915897124,0.8794062725246781,1.0333613041297567,0.8514179495939549,0.7252347824000656,,,,0.8906316678429294,0.8853217996256306,1.0493787672865853,,,,,
20190827,0.9100912500044462,1.02285048659328,,1.004576164217661,1.000306513469829,1.1322021495872943,0.8624164608838291,1.01244980626819,0.836584256499757,0.7512112291381964,,,,0.9363745194953762,0.8713776568044698,1.020035522451562,,,,,
20190828,0.8924165069134341,0.9674354529903504,,1.009880308896587,0.979558647826818,1.1468726706362793,0.8487667339762509,0.9793637070830659,0.8177502005246523,0.7750155536291993,,,,0.9269969135819942,0.8953901412786328,0.9702385947893466,,,,,
20190829,0.848780220267724,0.8904891827144724,,1.0129100807972427,0.9555756083303664,1.1473718340826158,0.8609704305955648,0.9504565892263838,0.8109459764831867,0.796368030024436,,,,0.9138295942074436,0.9150038446216703,0.9141193776857102,,,,,
20190830,0.8267618393880714,0.8537258696265577,,1.0420856411058539,0.9549783321162133,1.15820788165804,0.8989900001040564,0.948746711261921,0.8528071461080324,0.8081527116592016,,,,0.9204419496551187,0.9227496129853441,0.8672203161125461,,,,,
20190902,0.7880557941264554,0.8388616119012636,,1.060497221751838,0.9263784554251757,1.1586846055309217,0.9398999984028776,0.9458305898348092,0.9254681869176061,0.8575778799713492,,,,0.928574166795188,0.9763801013168312,0.8675952676485417,,,,,
20190903,0.7561796319872567,0.8278323776797633,,1.0759183517521078,0.928479247712971,1.132629776276858,0.9703316431275242,0.945787320657437,0.9789937075281416,0.9080952180140441,,,,0.9377338356814127,1.020755756834509,0.8656024664321252,,,,,
20190904,0.7453341895055651,0.8337151827854432,,1.0489329952736213,0.8977303585051678,1.1113594904459663,1.0061049397653654,0.9567758183304782,1.025706285091998,0.9506861575233992,,,,0.9226912537460349,1.0291112086803411,0.9077893120723141,,,,,
20190905,0.7402005951494367,0.8581621501148361,,1.0379899579592364,0.8815899364013631,1.086004432894876,1.0264679140985553,0.9550116487490556,1.0481501439049266,0.9899707964415213,,,,0.8905916431567257,1.0520410078418334,0.9416972480484614,,,,,
20190906,0.738044575447298,0.8807091122870551,,1.0304259215357845,0.8787010496932134,1.0582085963386867,1.0622558411748533,0.9567924654357597,1.0473790290534388,1.0374999067006763,,,,0.8515371560683063,1.0682443039422906,0.958830352182713,,,,,
20190909,0.7420561923509857,0.8872026061039667,,1.0279625193432451,0.8808557634089651,0.9744855752136784,1.0980286927100242,0.9772124605818507,1.0492935865632356,1.061971983506187,,,,0.8065757602188511,1.0769911795513847,0.9772110857659335,,,,,
20190910,0.7498380964319371,0.8896667074347449,,1.017906812550295,0.8918484727320175,0.9147753692520653,1.1224757922714101,0.9933467104222806,1.0553779896414939,1.0631518067120265,,,,0.7832455150084278,1.07722925486758,0.9958297230329012,,,,,
20190911,0.7466374635037636,0.9140330471295315,,1.0084165869241217,0.9031823671863991,0.8665975569303513,1.1416954551132092,1.0047564952349985,1.0541543670264928,1.0620187807324735,,,,0.8045969330418379,1.0677888374220093,1.0224329020317058,,,,,
20190912,0.7867098628081769,0.981797780400268,,0.970420700728089,0.9238412719378939,0.8342886678007193,1.1144450241712929,0.9800061760529808,1.0528666376110505,1.0589224737186127,,,,0.8095040122583427,1.0529683583880214,1.0320460385903791,,,,,
20190916,0.8801424325645771,1.0523180673209453,,0.9892908099624355,0.9289510870917784,0.8096413731469322,1.1257815085878216,0.9760872035834746,1.0558603198551004,1.0934875430463071,,,,0.8617812068729729,1.0619479691013023,1.0294467311444826,,,,,
20190917,0.9579614445094782,1.095730394444731,,1.0100908072725132,0.9469636733184242,0.8069342701196692,1.1333509723404085,0.9719582706662409,1.057169502198045,1.129398673894973,,,,0.9079640689114958,1.0513669274052007,1.0364807473854896,,,,,
20190918,1.031458542118043,1.1404924917048194,,1.0371910548572847,0.9524157541972377,0.8246582846364823,1.1513871132692413,0.9753019832831323,1.072142061317868,1.1705729107179077,,,,0.9684734376512736,1.0682610339071288,1.0334241654294485,,,,,
20190919,1.0937967862520896,1.181572700989346,,1.0724940132002065,0.940864495388604,0.8395225511348082,1.1684670761795117,0.9966196904998758,1.090106207776187,1.2051964167287745,,,,1.0325935962286168,1.0970645822910217,1.0158537622236894,,,,,
20190920,1.1449274682444273,1.2131797636428532,,1.099950498150291,0.9363894146080552,0.8570697923379642,1.1876094092083938,1.020443923272746,1.1105141997184227,1.23694185514049,,,,1.0886133671661526,1.1072779767208425,1.0007966292045174,,,,,
20190923,1.187613106738386,1.238997080481887,,1.1221774872456374,0.9342158563470193,0.8772644485071223,1.2023158981354212,1.0512560686976853,1.1377679541042345,1.2630801224442036,,,,1.1387379259864059,1.1175269355727078,0.9953654151321829,,,,,
20190924,1.2242952217133842,1.2625128772010714,,1.1409244481779284,0.9258873356246551,0.9313062743161418,1.20595390924996,1.0464545513873722,1.1507462379054698,1.284642044284962,,,,1.1788398547483894,1.1206250165209732,1.024069319679302,,,,,
20190925,1.2553739102859982,1.2818234527927,,1.158936327310742,0.9190553551198077,0.9603851026572172,1.2092380502277496,1.0447158554832787,1.1566714375689613,1.3029240366194907,,,,1.2100918408125987,1.1246188911296402,1.0499186351509309,,,,,
20190926,1.2829584754162282,1.2980403658872919,,1.170210029378475,0.9197359911676647,0.9816889992916845,1.2145926586601494,1.0453965933269598,1.1638731045583672,1.3216621737708274,0.0,,,1.2301995251698483,1.1344347997024453,1.0783658872785213,,,,,
20190927,1.3006246904023102,1.3015789676699616,,1.1941793423620186,0.9285974955181855,1.0286940322817348,1.231188553035258,1.0574342744070888,1.171783612023443,1.3372628865030138,0.0,,,1.2519317367344942,1.1489857955683167,1.0831220856924955,,,,,
20190930,1.256946474099897,1.222498592648738,,1.1412913379971634,0.9322090132915926,1.0532016177372137,1.1570673941817908,1.0148241158327291,1.0987170212752813,1.3213450583139603,0.0,,,1.2153054900354892,1.1272027987146394,1.0869894604012067,,,,,
20191008,1.1258778714548165,1.1083586259240177,,1.070386348750439,0.9306484813886379,1.0411878413357039,1.0461395328844132,0.9799574694226556,1.0237166715524129,1.230232177826482,0.0,,,1.1472156464967747,1.111604897380311,1.0892989660977122,,,,,
20191009,0.9972998125386745,1.0086708689393615,,0.9560996811426989,0.9474309725493367,1.045854203297267,0.9355780707394488,0.9496960376599546,0.9439716748936967,1.1171852359578682,0.0,,,1.0628244956737392,1.05250795584747,1.092975130578675,,,,,
20191010,0.8946650931727496,0.9129783974574278,,0.8846429941310391,0.9812376147390289,1.0496872050019745,0.8436958787628661,0.9020453374408339,0.8616923297970123,1.0391915471174236,0.0,,,0.9524167438010396,1.0101614365405027,1.1043620418951847,,,,,
20191011,0.8197901373108454,0.8646991430429962,,0.8185536157387918,1.004655494279223,1.0516607344508997,0.7761888464253075,0.8735528066316642,0.7969829672363398,0.9747610196385293,0.0,,,0.8706213209872902,0.9864952656271897,1.1153184228789648,,,,,
20191014,0.7554333333866371,0.8280360034255084,,0.7663934223429347,1.0146777547516503,1.0505189255471454,0.7374485918311475,0.8423622835576263,0.7613281470869953,0.9157813058941593,0.0,,,0.7996271727859873,0.9432599202493467,1.1249922001667152,,,,,
20191015,0.6914783390604929,0.8049808513989187,,0.7325077307744846,1.025181252006513,1.0579612853577989,0.7134068874513825,0.8388621953043799,0.7422871618329576,0.8669725207692752,0.0,,,0.767685200011393,0.912956545041319,1.0474951092032048,,,,,
20191016,0.6302344654380632,0.7777864322738863,,0.6997914801301253,1.0306271614849096,1.0686741540554636,0.70641148579901,0.8296108262973961,0.7374941305147048,0.805762159694897,0.0,,,0.7409206572664606,0.8888381058062916,0.9892238343545714,,,,,
20191017,0.5807000988750738,0.7616579966829712,,0.6718740240853999,1.0297591353115783,1.077705543140133,0.7003757665925283,0.8205615225102,0.7333201452767568,0.7335750560763881,0.2175650057329176,,,0.7211108946097631,0.8693641469831431,0.936771355659736,,,,,
20191018,0.5435361016725517,0.7523073826404666,,0.649958517145516,0.9965428460683161,1.0123389229796513,0.6977801165917743,0.813484808690941,0.7219413521502784,0.6780545803792776,0.38067289891910555,,,0.7027429897863252,0.8536218667865056,0.9624958670876536,,,,,
20191021,0.5351086080240645,0.785883564250765,,0.6756464069210547,0.9786007087292414,0.9661895319126284,0.7398790772842834,0.8137469723229255,0.7690966809949614,0.6375771898391835,0.49815268026323184,,,0.7288615154308506,0.8113186456774741,0.9847936221613928,,,,,
20191022,0.5758217708180352,0.8331135211415013,,0.7184359472864252,0.9601462641212188,0.9514941981694872,0.7968322684340148,0.8059799532147137,0.8116345249378024,0.6465573408048404,0.5935906032894511,,,0.77490479665943,0.78823053311595,1.0072764571449502,,,,,
20191023,0.6376885852803391,0.8820071808648628,,0.7999232619866362,0.9508715940028037,0.9194000947190255,0.8662317311003166,0.8042101510863726,0.8640313154058218,0.6795340028774979,0.6739839335684847,,,0.8128345716643294,0.774367452060748,1.0203950928802843,,,,,
20191024,0.7025714850944436,0.9364926486436543,,0.8324048450231192,0.9423874255842467,0.8922787839181772,0.9239205795441991,0.8236160937382453,0.9260144722894983,0.6816673396600881,0.7441042280484699,,,0.8875333061922605,0.776856922355606,1.035386592017354,,,,,
20191025,0.7303762536684228,0.9216162376195475,,0.8646775189904481,0.9355289077120611,0.8716389752445871,0.9677583802039497,0.8150551737624815,0.9734659763288246,0.6830706602751946,0.806445037804734,,,0.9465519707708772,0.7839415665053994,1.050464174594481,,,,,
20191028,0.7502145940139688,0.9020112132728478,,0.8720353133169633,0.9476188269185508,0.8402315028433636,0.9764047777839268,0.8466542421960767,0.9742940495345028,0.678068013157981,0.8619997461967782,,,0.9962078428121309,0.817830649151329,1.0637392478840064,,,,,
20191029,0.7694593075071803,0.8576872214473339,,0.8039661896440499,0.9378188164298443,0.8310502595836226,0.9774095490535468,0.8510195923985518,0.9699202060129305,0.683718453425982,0.8895846123522003,,,1.0186804652829085,0.8543578631238594,1.107320878293286,,,,,
20191030,0.7974757436166231,0.826781021412321,,0.7649882931828792,0.9383159592940519,0.8082981837973152,0.9275513393400396,0.8619762960940397,0.9447442204763782,0.6842319648013245,0.8830616319157681,,,1.0384181319177093,0.8622908082148731,1.1418506248606541,,,,,
20191031,0.8152250929550954,0.7711664649564032,,0.732927030122723,0.9432511317719964,0.7925610838753886,0.8878610620095193,0.8831771183490071,0.9248630861244,0.707339054277858,0.8772829010907673,,,1.0548741824012133,0.8692746843002022,1.1664439166526046,,,,,
20191101,0.8300089849585687,0.7343445697050608,,0.7100492459434207,0.9583798514298998,0.8324483523102297,0.8509111872917634,0.9044049278009837,0.909850240735023,0.7258510607942328,0.8530418229209247,,,1.0700219593189622,0.8748145093956206,1.0795287612328706,,,,,
20191104,0.8479388379300532,0.718237136178588,,0.6959154142184214,0.9702178207280224,0.8539043388277832,0.7990556847963362,0.9172812940477493,0.8818812017778717,0.7297477134109126,0.8595323014054752,,,1.0384999951502663,0.8851823669319576,0.9782861158784276,,,,,
20191105,0.8711179444017494,0.7163243232478301,,0.6952614834815657,1.0125234362088023,0.8611481270873602,0.7734120280494301,0.9378062311656924,0.8632073539417368,0.7314552289169067,0.8664349761962256,,,1.0123411067316253,0.9017928581822862,0.8938504339959868,,,,,
20191106,0.9109012047021896,0.7220644979992673,,0.6926262559856278,1.049635792751166,0.9103782505031881,0.7295639572792119,0.9637659955399742,0.8459541310598266,0.7612871479132334,0.8713349584699128,,,1.011154037769248,0.9257779065995388,0.8191796674108321,,,,,
20191107,0.9268849714797837,0.7285220614834889,,0.7136138191513869,1.0812468479872135,0.9511790997990793,0.6909994613122513,0.9924669177004174,0.8114632544601719,0.7963010157020319,0.8661282219669739,,,0.9765092798460994,0.9477617324443938,0.7608801348587039,,,,,
20191108,0.9651024368004376,0.7663634696628729,,0.7318027069340393,1.1103584750733793,0.9856251736439446,0.6679005473744105,1.0216131391471295,0.7845746470756739,0.8263334040599076,0.8996594967879749,,,0.9497250269474866,0.9512820569052495,0.7176079805137506,,,,,
20191111,1.0209042510874633,0.7960727126455786,,0.8161648701444779,1.1234616857802184,1.0203089847893125,0.6631787934059011,1.026825581958018,0.7872125886063198,0.8455309183991314,0.9339436789923237,,,0.8914620461083529,0.9663975633588557,0.6926063836663128,,,,,
20191112,1.0690765859678812,0.8469895648899167,,0.9082292452487634,1.1463648844406784,1.0193834065888414,0.6618734974537928,1.0419823090675884,0.8181758288023355,0.8666971607908269,0.9714460701481062,,,0.8493314274569689,0.9717950272595605,0.6723461898765555,,,,,
20191113,1.1035329239395963,0.897359234109027,,0.9808822125929404,1.1548251690820113,1.0161220144859173,0.6954205863655666,1.030981300514602,0.8686788496307207,0.8907429830637281,1.01707434654475,,,0.813373627795859,0.9873369139622239,0.655853609156049,,,,,
20191114,1.1188010141251412,0.960229759974889,,1.0382556553924915,1.1651123198335138,1.0127596609627416,0.7207396676991756,1.0167563218570859,0.9068562815445681,0.9256361163986833,1.0535961076157556,,,0.7935568948736931,0.9984390467329299,0.655409403400571,,,,,
20191115,1.136927143163013,1.0028320652858305,,1.0833113693935448,1.183741173559381,1.0106539622970983,0.7497193718317804,1.0009420863773173,0.9550800772899576,0.956258232129299,1.0974913998723064,,,0.7774067708624166,1.0138953948435387,0.7128839030264073,,,,,
20191118,1.138606017143025,1.0256081991036436,,1.1268891143126538,1.200076790255309,1.003571013472789,0.7732064316835902,1.0220289765851305,0.9987117217834789,0.9875423988820212,1.1183002848943508,,,0.8223685393467621,1.0387607002035137,0.7822155298407172,,,,,
20191119,1.1500766684931578,1.0173443076230613,,1.150474662478889,1.160488616364176,0.994152822924571,0.7927705233494022,1.0403258445520345,1.0315891087762994,1.0133722040515,1.1279387920289563,,,0.8548183239130533,1.0239565767857242,0.8395658976151135,,,,,
20191120,1.1567537610907426,1.0220286789538424,,1.1750871242994212,1.151240118033092,0.9202587199254312,0.8428552827408635,1.0554562139321062,1.0643644093483546,0.9771141349437588,1.1327202500319893,,,0.8679883728195731,1.0009996638874865,0.8873404261002238,,,,,
20191121,1.1924203683997092,1.0440545743095289,,1.200742682085061,1.1433356805186978,0.8788266064982863,0.9111860906912349,1.0562498925175359,1.1034543487388473,0.9735926332608654,1.1530556646485552,,,0.9008570229705903,1.007351852964222,0.9563551286818832,,,,,
20191122,1.222747136561697,1.0660260053494615,,1.2238315127919543,1.1251677206522628,0.8376203354605625,0.9541083045707335,1.0575048451655022,1.1364577860223728,0.9806020208359182,1.1075843682942095,,,0.9193508312291039,1.0123403420096675,1.0069351678638043,,,,,
20191125,1.232887809996048,1.087589811484126,,1.1508747982225023,1.1131187428525406,0.8183180001004842,0.9843093448018312,1.061174441391145,1.1535671896835018,0.9921204271445234,1.0350989804347286,,,0.9444980990576629,1.0100545141771429,1.040306317511838,,,,,
20191126,1.2412948864866493,1.1027016139273431,,1.092413414637965,1.1136724491946517,0.8168389041391694,1.0150302359068482,1.0651878311776246,1.140702730405941,0.9898276874108514,0.9766110570904706,,,0.9839199809243888,1.019107447346858,1.0673448184014471,,,,,
20191127,1.2360467462019875,1.0994455127991616,,1.053451769804339,1.1166475142372125,0.8203772479967485,1.0349518726840343,1.0818039142101923,1.116367664419872,0.9994850378386246,0.9322219035533496,,,1.0158729497693888,1.0271773495575127,1.0936842090497496,,,,,
20191128,1.231232900206365,1.094071412002286,,1.0236002893852163,1.1156782325231702,0.8274125217740733,1.0157269443948929,1.1133166046547338,1.0982362988625085,1.0100043310186428,0.8893524441564865,,,1.0418037610617594,1.0375394675887146,1.1010734735838317,,,,,
20191129,1.151970060261247,1.0838824916038716,,0.9844152538447982,1.0890039869684174,0.8351756516720927,1.0071165042845651,1.1394675583342326,1.030379414006708,1.0184089423213867,0.8646850440966456,,,1.0583832633056538,1.0451810448053906,1.1141331990906387,,,,,
20191202,1.1172503033968713,1.0936726000097257,,0.975603284828963,1.0609437679785014,0.8643550971127625,1.0012107401827968,1.1021174252391435,0.9775448771137146,1.030727574356563,0.8602602985665386,,,1.0413923013905748,1.0549405495739756,1.1255602333724468,,,,,
20191203,1.0864437458701524,1.112997281731208,,0.9686005246248518,1.0611061593576783,0.8902656092985055,1.0111559119589302,1.1118605441574185,0.9194219437464117,1.0522440456392983,0.8587272998019361,,,1.0282347489999013,1.0607427119806048,1.1376579624411267,,,,,
20191204,1.0415776055445094,1.101031800402545,,0.97416835352942,0.9997783384409709,0.9520396220358416,1.026159138340669,1.1398088986471744,0.9048266937611325,1.0943527586632151,0.851932706580794,,,1.02090301238031,1.0654532378264763,1.1511027596924541,,,,,
20191205,0.9748621688496389,1.07506885008431,,0.9655475182946657,0.978870736534488,0.9870497290565791,1.015634630025364,1.1659613792922432,0.895169627727113,1.115376102586625,0.857935837869763,,,1.0141735267602388,1.0642840701917056,1.068044635257235,,,,,
20191206,0.9223369855102502,1.0422684454177407,,0.9453726751979783,0.9676644984810399,1.019749520540614,1.0188867683231664,1.1873803794170406,0.8889761133386775,1.1163225746162957,0.8931587196484481,,,1.0160986611921414,1.0780755187830082,1.001674139886928,0.0,,,,
20191209,0.8861376870184539,1.027667124593332,,0.9915283664663705,0.9549919229976547,1.0366900110118,1.0162116999670174,1.201952284479649,0.8805026858612243,1.117014037058966,0.9467534374401965,,,1.0221691991358786,1.0612137375869974,0.955784531160972,0.0,,,,
20191210,0.854021537199583,1.0140234579309066,,1.0323639658900823,0.9179881982436521,1.0508234219088362,1.0158960700565474,1.2143356273099342,0.8823857438128949,1.1062804203492143,0.9918770738867507,,,1.0197355452167325,1.0332055584044022,0.920449069066164,0.0,,,,
20191211,0.8353436861162793,1.0098343170485193,,1.0635224254658362,0.8817169528528331,1.0681517761572594,1.0313085659344674,1.2254930526845078,0.9137971972271566,1.101542575579891,1.037053525277025,,,1.0174295174996923,1.014691524941301,0.8767965422614177,0.0,,,,
20191212,0.822508658702578,1.0083662219265463,,1.0875872267094058,0.8554828907626311,1.0782179908742442,1.0572172606364525,1.2035813962034974,0.9398392018505302,1.083556373926251,1.077792091769634,,,1.0251595375266156,1.0065051503972404,0.8531727474042013,0.0,,,,
20191213,0.8553351294351386,1.0129399298478123,,1.0836532720522145,0.8533886719704211,1.0706826409177022,1.05528610843025,1.181168600165393,0.9673550340702864,1.0951631655146954,1.1073008043084498,,,1.0271904664016072,1.0022645471815537,0.8354515924770579,0.0,,,,
20191216,0.779367576350883,0.9557588576934095,,1.0727109251922298,0.8581251612739016,0.9859089470341702,1.0517903718831758,1.1738419057422511,0.985163040247349,1.1017272633730895,1.1150298399215477,,,1.042616207739272,0.9838904042043924,0.8214167061246875,0.0,,,,
20191217,0.7321764123796395,0.9080912218324395,,1.0650846337631668,0.8651611192073366,0.919239424585399,1.0399215732868101,1.1486834234167473,0.994688029135667,1.087541457609356,1.1136023509032849,,,1.0596402560468388,0.9617454505389357,0.8128154924280504,0.0,,,,
20191218,0.7116251187929582,0.8748221204030179,,1.0462642050482902,0.9192874517036689,0.8892747928486231,1.0311195761608267,1.0733647316899433,0.9966219134378395,1.0742107536832959,1.1213623418204683,,,1.075933800907109,0.96714981806889,0.8258051636088022,0.0,,,,
20191219,0.7299450920503856,0.8455195960971714,,1.0325852634175718,0.9162205179925282,0.8643914383182401,1.0387262392519958,1.0131100950715255,1.0160489668215584,1.0689218768335889,1.1055067404441001,,,1.075501117209732,0.9661214006557933,0.8656657895115596,0.0,,,,
20191220,0.7450012078393424,0.8267442657515274,,1.0281157472084175,0.9085091195329756,0.8417630463194056,1.0379382668788029,0.9644069115739623,1.0225403951650613,1.0697805063646826,1.0927102509841642,,,1.0712687577564155,0.960119842819401,0.9005884391505818,0.2175650057329176,,,,
20191223,0.7619952824446122,0.7785888630127668,,0.9860756225404796,0.907862294240429,0.858937343604097,1.0436461582988386,0.9418322821614113,1.0386523073285352,1.0569551674660578,1.0856643476234549,,,1.0713810250687048,0.9754969850269878,0.9289210027463299,0.39190662844260743,,,,
20191224,0.7806761731975893,0.7449850529991084,,0.9332638350641792,0.9235765715149171,0.8708411145992213,1.0464223506799304,0.9239543104066397,1.0520889370667323,1.0532490029886765,1.0613991452921574,,,1.0735996329921211,0.9986677121627089,0.9482852243767361,0.4085921701940172,,,,
20191225,0.7804979648416748,0.7136294174904945,,0.8865148080972678,0.9352156844104295,0.8769414006448893,1.014263249390747,0.9005634135284013,1.0301927346222628,1.053597428283055,1.008743055619116,,,1.0770099468140562,1.0076404076318601,0.9794215783829792,0.4054688101330517,,,,
20191226,0.7816031194558912,0.6897206003174041,,0.8476576195406744,0.9450784804090422,0.8844585254901532,0.9868184985124628,0.8731387357315524,1.0244672749525516,1.0461866254939056,0.95740954591223,,,1.058210273251509,0.9825381528367854,0.997372496900378,0.39533623036911214,,,,
20191227,0.7830485037742057,0.66998328479509,,0.8671206996860418,0.9540921796227299,0.9040775127687534,0.9615643543839429,0.8499392264037778,1.0258666755241508,0.9992917244492532,0.9197660309970849,,,1.0552384303160178,0.9672933251994611,1.0122442850797506,0.38948849827611964,,,,
20191230,0.8598877624464012,0.6926424857387414,,0.8780249493806097,0.9710952563191222,0.9599358256409779,0.9431392554151475,0.8303981440041953,1.025269235488132,0.9693944868222031,0.897289806543325,,,1.0410170258677938,0.9659838120538627,1.0237765849519802,0.4256650024992376,,,,
20191231,0.9296789142540343,0.7401277404626613,,0.8853662977996946,0.9663722470214222,1.0132498038375672,0.9676190111297357,0.8197914552432255,1.0067168091228693,0.9425260515476074,0.8792153665775053,,,1.0424321043486584,0.9807034145761923,1.0305087983586043,0.45337052960558927,,,,
20200102,0.985646457669467,0.7817736393297795,,0.8944875635142012,0.9492184039691759,1.0257755011087224,0.9818908847772139,0.8440223912401242,0.9740960366080091,0.9246473366642914,0.8573057003267232,,,1.0449354467520842,0.9484946751396807,0.9875431060839316,0.4800915335654356,,,,
20200103,1.0282346616331182,0.8707052227807216,,0.905167549084643,0.9137182348489955,1.0421413248659195,0.9954324465512504,0.8499517194114253,0.9489130555342358,0.9125134805392507,0.8369651404773212,,,1.0578644111314048,0.9345157897291622,0.9923553646850326,0.5054942447360389,,,,
20200106,1.0795948752424982,0.9524444852314226,,0.952236026293579,0.9211488007913241,1.0762079063167052,1.0144663136475662,0.8711284839014884,0.9537851518184454,0.9184707581217728,0.8342412240838076,,,1.076130388360478,0.9414148975258329,0.991054944442266,0.5165683669908736,,,,
20200107,1.1215779804416206,1.031393702353627,,1.0025091250513116,0.9171095894491984,1.0378726137121366,1.0343763923008922,0.8394621793882442,0.9758789305937865,0.925480171175789,0.8355961763455616,,,1.0963731399054417,0.952513019903994,0.9831381076422407,0.5255640180079851,,,,
20200108,1.1540404724326838,1.0953156235054369,,1.0467125113913331,0.913062495224258,1.064956757734852,1.0514882978504958,0.8281097550707244,0.9943562087535878,0.9344276413615814,0.8556972376264843,,,1.1036480363209866,0.9583082226145049,0.9751680544219171,0.6085885404972644,,,,
20200109,1.1947236159699108,1.1531627153329853,,1.1053620813752156,0.9344713381406509,1.0882933159767874,1.0881123789967433,0.8307193875473514,1.0286991031733788,0.9238404714987508,0.8977202128980759,,,1.1212523036258624,1.0061325653001445,0.9551496340040253,0.6860826595720324,,,,
20200110,1.2256621984452336,1.1999942548277822,,1.151535364380768,0.9524722243768168,1.1096409890103913,1.12220148615416,0.8797978320735124,1.0496952933102237,0.9313070453364448,0.9535408821007377,,,1.144803329301956,1.0571719537265483,0.943154104374429,0.7774221513380062,,,,
20200113,1.2519831770238747,1.2352782097688526,,1.1761035484275293,0.977041112094488,1.1289028257271136,1.15688353114727,0.9385197470398574,1.0672543037427111,0.9635061116749721,1.0034254107249272,,,1.148892892397976,1.1031923913366108,0.955205261928109,0.8546150531303629,,,,
20200114,1.272968378506126,1.2631913022957335,,1.2009081486917068,0.9995107929523189,1.1494822424265998,1.1856208368697996,0.9870030613278243,1.0922087382929646,0.9994395869940782,1.0400841192811217,,,1.1568162733406644,1.1402039905544161,0.9662853659838206,0.8772867625989615,,,,
20200115,1.282317354947016,1.2846060790717901,,1.2253976282566532,1.0254172244283062,1.1599854930969682,1.1864284458041545,1.028534685464581,1.12186765599258,1.0273261295931506,1.047512556891896,,,1.1506757793319948,1.1610624714477875,0.9785363740307174,0.9033231842363173,,,,
20200116,1.2908680543096123,1.303207100691709,,1.2458224585835351,1.0455807650108415,1.1780782627552946,1.1929277314209907,1.061236034846538,1.1527943425421883,1.0605534567392094,1.070997611743568,,,1.1463202524141323,1.1944676922783095,1.0098656754029944,0.9120928867847342,,,,
20200117,1.2878442135027146,1.2863894269616218,,1.2586234585257245,1.0895792033095832,1.1912729324287132,1.194884472873272,1.09328726456155,1.1776821971685922,1.087459715638431,1.0978518444714669,,,1.130768747715,1.218716647185859,0.9924752350784162,0.9199845288000351,,,,
20200120,1.2437939826882582,1.2316250227157537,,1.220162297569185,1.0902992412071864,1.180409604564485,1.1752724268247772,1.1081003507519287,1.171244878862664,1.0893731962683693,1.1148221000961707,,,1.0901337485322087,1.2304150881078306,0.9792977517663698,0.9484398984596332,,,,
20200121,1.206549273139741,1.177371639253371,,1.1884608385244146,1.0919037739444184,1.2156726242041513,1.1573489779264523,1.1406767547200642,1.157844993756969,1.090987833102659,1.127276505082421,,,1.0426501426678867,1.2392775682249433,0.9756700866647634,0.971520354775602,,,,
20200122,1.151644056822147,1.1223702851174806,,1.1549518252741209,1.0930342318276323,1.2081841070823975,1.110589840214731,1.1513132079281032,1.1275520776425698,1.0711451438886237,1.1342973140859218,,,1.0087818440431946,1.2344532197655178,0.9837209285865853,0.9977945362822007,,,,
20200123,1.0727304640630542,1.0146762144840913,,1.0999297201767129,1.0919340286336858,1.2010641036400043,1.0570300267535937,1.153698496191316,1.1040419543520386,1.0616529364258014,1.1396951216403486,,,0.9371700822965874,1.1953559508447453,1.0140185972017421,1.0326058911021885,,,,
20200203,1.0476547042999211,0.9952315965581913,,1.0890055081466317,1.1102266242746324,1.2129980266806195,1.0812630265963254,1.162324651783369,1.1207968347552568,1.0603735241272503,1.1572503219836852,,,0.9799460264248439,1.1889172798271046,1.0708383033296172,1.071673640239863,,,,
20200204,1.0251931692735448,0.9841420219181664,,1.0897064339345552,1.0992800989901401,1.226942851011342,1.1028101336879184,1.17126217561585,1.130394376531008,1.0519940293174916,1.1535193877013805,,,1.017702210686563,1.1406447595835567,1.1218394587200335,1.1185061696264456,,,,
20200205,1.0151823760405632,0.9774864156685295,,1.0940200170683227,1.1088389410077395,1.2399656985024956,1.1262534749987612,1.1835438435559649,1.1416201229169707,1.0539425688762492,1.1580180555352821,,,1.0553426799363894,1.107242972620064,1.1636930789223092,1.1636091257893293,,,,
20200206,1.0151239201297864,0.9856333748396828,,1.0999608738578834,1.1238804822520514,1.2532944665545669,1.1503361121450604,1.1958067488881003,1.155629522586549,1.0626662040096282,1.1686766797608195,,,1.090198629449611,1.0880624727850954,1.2009667444753729,1.198998733123316,,,,
20200207,1.0152521200190057,0.9900319201062883,,1.1046217533896916,1.1373924028329305,1.2626059128986502,1.1701202812203004,1.2055928133652718,1.1658022063683005,1.0739284151433013,1.1783245019791766,,,1.1159696440832025,1.0771320980985726,1.2314286359968964,1.227522425253496,,,,
20200210,1.0211955843731095,1.0058766851058238,,1.110197322342741,1.151278093064111,1.2694906763176854,1.1881323412190192,1.2139650259811932,1.1734326089671707,1.0826721441837563,1.1873448366341817,,,1.141755648291797,1.070133696876789,1.2618538640040655,1.2476884083076603,,,,
20200211,1.0422595227576643,1.0342811738652116,,1.1307138955831864,1.1798383803682884,1.2620617997521435,1.2113192962470736,1.226909635737135,1.1891713785629008,1.102595037585051,1.190572582032618,,,1.1712333834746704,1.0540901684712074,1.287724281399763,1.2681393292300973,,,,
20200212,1.06166295566841,1.0659256862866815,,1.1480309728303713,1.2041075606653204,1.2401705872609632,1.2309886697476924,1.2375221047320875,1.2048765099439107,1.1205615484768614,1.1928132235496574,,,1.1987745953857454,1.0385734108236253,1.309612079211155,1.2858190001211967,,,,
20200213,1.0871632175883477,1.0985398279178078,,1.164601119327515,1.2242538690420435,1.2351792830480026,1.2545944877559172,1.2503420581796538,1.2238326521338847,1.1452522158059322,1.2000953723374992,,,1.2235001507696324,1.0324243522032956,1.3243245850647647,1.3008312802646915,,,,
20200214,1.1209595987512089,1.145934597797314,,1.1810308078846004,1.235233681200641,1.2292149138320747,1.277240502502438,1.2630872088398055,1.2408397042666175,1.165322310897757,1.205634767646657,,,1.2526316259391674,1.0418199950220304,1.333909303609795,1.3082188434585011,,,,
20200217,1.0176305931243992,1.0972127543238748,,1.0472944191383802,1.0897670435594502,1.0947664775726489,1.1010637171324453,1.097793105979667,1.0864944692643694,1.0112484606908039,1.0732537656578052,,,1.126207900317879,0.9500953852468411,1.1966667910849393,1.1738194670721203,,,,
20200218,0.9351301714949157,1.0024136209776275,,0.9395702559681007,0.966834791059895,0.9494302657751115,0.94459083299766,0.9637206806321604,0.9649237973836614,0.8946852441620827,0.9682716321280137,,,0.9770736811368839,0.8729840711687947,1.088197494723091,1.008365091217581,,,,
20200219,0.8697057450507265,0.9309227442561678,,0.8690489309611125,0.8619714771698628,0.8305288166511339,0.8308211104658385,0.8623966834250048,0.8779713129849972,0.8001331908020712,0.8748479309131795,,,0.8507176292226843,0.8052357700368663,0.9993872333279638,0.8723324978414406,,,,
20200220,0.8069545143865966,0.8565892019109913,,0.7966348201596164,0.7727184035228526,0.7585504502678071,0.7468429747261055,0.7835866815592969,0.8132872924443674,0.7244809129668368,0.7949017962214151,,,0.7503134606550274,0.7439284568377169,0.9045344063337046,0.7520165966638113,,,,
20200221,0.7644715629055903,0.7955775097625809,,0.7402147112945611,0.6983759812068548,0.6926492375768815,0.678249341349863,0.7172167988641334,0.7542738578691895,0.6639910200057975,0.7281928686796866,,,0.6695688969120838,0.688464570461881,0.825235621488436,0.6579772988518509,,,,
20200224,0.7652491943665629,0.7810952336874795,,0.7018473230806191,0.6766237063155869,0.6410018278203518,0.6375749887938558,0.6646149394512486,0.7040247922161305,0.6341897975169124,0.6750372194367481,,,0.6237303111301925,0.6553339434679761,0.7610134192149914,0.5806370063645273,,,,
20200225,0.768093038329903,0.7693248784031077,,0.6714113806231928,0.6562127057346853,0.6058565023276293,0.6036072151532832,0.6105216781217911,0.6637649482887803,0.6108597927591611,0.6309281302814671,,,0.5860604211327393,0.654190477806093,0.7099603955565008,0.5267159506960061,,,,
20200226,0.7932372487308019,0.7833644263417737,,0.6870541065638968,0.6520408199029886,0.5964504839901983,0.5802902600673133,0.5699361372225203,0.6365799669473229,0.6088281420855436,0.6056767385922106,,,0.5759526964524788,0.6591872459142879,0.6688535280365837,0.5083883336868134,,,,
20200227,0.8171231733142813,0.8007909968055789,,0.7147480595833735,0.65083985002462,0.5980751310636234,0.5633697174341232,0.5389849624555824,0.6135755556410591,0.6088308969055871,0.5949903084055046,,,0.5777204679472161,0.6655867138526725,0.6212118212782555,0.4944995818750409,,,,
20200228,0.838179800943451,0.8209557554245765,,0.7517498340135657,0.7037672650200857,0.6132234331927268,0.587763017394867,0.5222302531908407,0.6381453560298268,0.6161707953072472,0.6135923874580215,,,0.584490326361574,0.6966338491079331,0.6014505393841537,0.48745029571709986,,,,
20200302,0.9154331359210417,0.878032618179225,,0.8571981612666334,0.8166440717112088,0.705914447263906,0.7306744399196201,0.628665868877768,0.7661114271874152,0.7299928592846324,0.713122208904927,,,0.6769783959691503,0.7880162897594994,0.6844210005295779,0.5738712013713057,,,,
20200303,0.9807798937503175,0.9527822914189572,,0.948541014279539,0.911457041579452,0.8158465586059264,0.8539328220601763,0.7223087525488423,0.8692692820024595,0.8187331770656515,0.7942616351807422,,,0.7888349525584945,0.8723354639447946,0.7553317853064773,0.7062931608479522,,,,
20200304,1.0274798033895658,1.0004569697447392,,1.0057929710166253,0.9940932929608229,0.9039969007442977,0.9458409444867695,0.7902339882517225,0.9429690956060708,0.8844721974254667,0.8651466596020201,,,0.8849864242382446,0.9375746550385384,0.8116154766784922,0.8139136106675635,,,,
20200305,1.065080018865189,1.038990513611703,,1.0596197512225765,1.0624270751138227,0.9137307509935954,1.0096433623450252,0.8175142456554289,0.9943697115104544,0.9227169422828005,0.9222631847887065,,,0.9515355618123527,0.995231472763476,0.860398412960021,0.91121125906763,,,,
20200306,1.093210345332252,1.0681480307978308,,1.1018214940430022,1.1151223756222888,0.9516345936080832,1.0617661847648627,0.8272878810680373,1.0397102751769312,0.9367734259634233,0.9621752539672225,,,0.9924461027489028,1.0474353981038853,0.8992102739532045,0.9896173055587121,,,,
20200309,1.1097658262039658,1.0853867463696327,,1.1359265213685603,1.151602909257838,0.9902900342237945,1.1089389726716758,0.8842539209037436,1.0898057783505097,0.9867976708431407,1.0112446408377742,,,1.036423911557701,1.0960096241656796,0.9226048529030694,1.0456167525520148,,,,
20200310,1.118272987891826,1.1016992810638346,,1.156671577722478,1.1881024181240596,1.0397951834543384,1.1539388564956792,0.9639060803187867,1.137699550904791,1.0315873242168818,1.0449141570184939,,,1.070415616624602,1.1092770099476577,0.9554499081851269,1.0784405446182543,,,,
20200311,1.123839552071842,1.1212244026400586,,1.1699914164286642,1.215665970008683,1.0729205838644205,1.1900871884526625,1.030950063290856,1.1758183608935855,1.0652799168054088,1.0706566118271024,,,1.10263818531695,1.119087986019661,0.9833859686551634,1.0904409297951994,,,,
20200312,1.1299185695635987,1.1382921714231617,,1.1792903576294964,1.2382057659757117,1.0932677581827654,1.2190609358910705,1.085366198197099,1.207023953334878,1.0926843042516912,1.092258542307314,,,1.1280234665590743,1.1255667762896309,1.0180943957446997,1.1033829040503598,,,,
20200313,1.139279201741983,1.1641185123150652,,1.1858248833832277,1.2152921141006874,1.0937006691608513,1.224376675536432,1.1229676887317435,1.2132153892633097,1.1170628659869444,1.1066148507587623,,,1.1524824209123388,1.1172425189312907,1.031213767634337,1.1127611814136675,,,,
20200316,1.1150238488535236,1.1698034724006137,,1.1498038821965313,1.17394508197699,1.0921765716017457,1.2062124219628994,1.1522718742927847,1.203452150905296,1.134668934777795,1.1049459031155642,,,1.1589738061292874,1.091497672206089,0.9992376336202707,1.0794755635188584,,,,
20200317,1.0960699451198155,1.1566629307172178,,1.1083434194307364,1.1394331800463633,1.0904834123997098,1.1829481767358554,1.175315002652027,1.1883391289093512,1.142864702015324,1.1025870529671986,,,1.1413942055618156,1.0669604796286192,0.9705422801801438,1.0510460670866386,,,,
20200318,1.075171559093104,1.1421601231494822,,1.0711157027301401,1.1148502854636786,1.0899237131766948,1.16674645436204,1.1970849791858444,1.1771888198916711,1.1470284550996783,1.1012557992816707,,,1.1089616243022569,1.0515159068655247,0.9503315745538057,1.0220952177552063,,,,
20200319,1.0533977803474994,1.1295644587584242,,1.0258079067462906,1.0934272005633632,1.1159413465442376,1.1556743507153133,1.222597975805369,1.165160681034697,1.1475468628095153,1.0936935258201255,,,1.0809062083341114,1.0355147666620341,0.9475423970018765,1.001200193414946,,,,
20200320,1.0743692201923165,1.1530312918928831,,1.0469457729959504,1.0802032661007115,1.1230286927060682,1.152685291564785,1.249404118703347,1.1653955800154592,1.1757603879220688,1.1133058465315235,,,1.1019731743757901,1.0508412683263164,0.9521171435194948,0.9965074983258352,,,,
20200323,1.0796556627571965,1.1724244807619135,,1.057553810710283,1.049054046050481,1.1020574183263272,1.0933721580342457,1.25685583086776,1.1276951222486409,1.1717593742684134,1.126507389390556,,,1.0969322738497884,1.0131974449457115,0.9870642930032939,0.9894425950506488,,,,
20200324,1.063934040407677,1.176713356141976,,1.0537174329851309,0.9912571699246211,1.0576980737124673,0.9928005314342346,1.2294301262915044,1.0646678261243059,1.150383290355703,1.143127789131656,,,1.0847909671271552,0.9953526987989755,1.0081662585667415,0.972641717409453,,,,
20200325,1.054861496075666,1.1389267585224725,,1.0475880207512784,0.9528796150748956,1.0280860941557406,0.9097621856903368,1.1955638645945614,1.0170068693989485,1.1332378388896025,1.1520609607520311,,,1.0770608014786816,0.9837825442184536,1.0252831235168065,0.9517708557390806,,,,
20200326,1.040377552321122,1.0983052093931385,,1.0471528020168046,0.9214786225708164,1.0081923381153255,0.8883412406249273,1.165999223793041,0.9907844989366403,1.121336423335577,1.1678493846082911,,,1.0705657094758796,0.9727350729204204,1.0364895292181442,0.9350466084353651,,,,
20200327,1.0275573255275086,1.0622382135021173,,1.0465576554183713,0.9070739617628821,1.0041969711164147,0.8702343557129111,1.1227371584857493,0.9822078056273902,1.0996702242933776,1.1835813517627158,,,1.0615128803868494,0.9772471910816893,1.0469266062876597,0.9151235975873793,,,,
20200330,1.026598992148325,1.00757612189545,,1.062283885937961,0.9116157697238852,1.0165291778509105,0.8906757738287967,1.101031835229861,0.9922359115233746,1.1010926590533205,1.2007390259876347,0.0,,1.0701330948243701,0.9961790287521665,1.0766143836452862,0.9464039822468941,,,,
20200331,1.0297984309895452,0.9722837365764558,,1.081053383856337,0.9255369485573202,1.026101856029863,0.9314815423461313,1.0748748570937963,1.0256367001032825,1.1399081527775674,1.2247781467235554,0.0,,1.0957929425859778,1.0266272831473215,1.0994767536437877,1.0020842081212067,,,,
20200401,1.0220067192282596,0.9293506265235785,,1.0785378436626851,0.9252673970894497,1.0362156431195406,0.9765746895935042,1.0870117353072752,1.0541403994521659,1.171043697107477,1.2354449980922453,0.0,,1.1179753276274764,1.0529807491187586,1.1199556282146208,1.0517754597592763,,,,
20200402,1.001835437116898,0.9078467535025535,,1.064691331642315,0.9258968638353711,1.0321944631365634,1.0324817823772863,1.1148165887541395,1.095103318327932,1.2011670046111267,1.2306130039020353,0.0,,1.1317774242533811,1.0811142156752744,1.140350045751943,1.0873822615668978,,,,
20200403,0.9654280160875188,0.8870502957950032,,1.0382333740937784,0.9252310761942957,1.0227840419632945,1.0773032208558757,1.1407363031914637,1.1260822515867155,1.2210330721995057,1.2214606733275808,0.0,,1.1297208774033556,1.0861016383699427,1.167944708283844,1.1113758819715613,,,,
20200407,0.94131544777662,0.8703362951933068,,1.0174124960223807,0.9127003495589372,1.0271282126027914,1.1294483517349747,1.1599454534636473,1.1581431405921905,1.2308582633060927,1.1853792685757296,0.0,,1.1184219827468624,1.1129531976128129,1.1745998141527088,1.1286370963606418,,,,
20200408,0.9357437037912973,0.8687698940074634,,1.0125632254342831,0.919314965176389,1.0401404652530402,1.1807777087292919,1.1808057163459427,1.1903100716060577,1.2348521964487973,1.154165510778962,0.0,,1.1105438709968978,1.1347369286339593,1.1770047484715622,1.149854239853595,,,,
20200409,0.9310855699290309,0.8912023700918961,,1.0120102552918155,0.9215770198478365,1.04946787747927,1.220575706967024,1.1996094408833944,1.2146685658609153,1.2345723837561065,1.1106478410659748,0.0,,1.1029106184553064,1.1507739838646336,1.1787608508848246,1.169072775740955,,,,
20200410,0.9241699045828662,0.9207823325221999,,0.9890000439639102,0.9212252642101167,1.052269996786085,1.2257050808354157,1.1982146433198675,1.215653167878544,1.2319682089734196,1.080313427168055,0.0,,1.0977333320285383,1.1632130941014083,1.1768173285424637,1.183072758465606,,,,
20200413,0.9214287800755095,0.9461743344039747,,0.971658290815977,0.923598973695807,1.0281776897413648,1.211502456797305,1.1927550400975104,1.1791018733819842,1.2266666416443723,1.0546191157355456,0.0,,1.0969507846087425,1.1529025051345652,1.194447094540682,1.1993328310279978,,,,
20200414,0.9018213143997977,0.984333418408869,,0.9280759303983026,0.908315262959497,0.9831296823309997,1.1548073261076448,1.1215406326223272,1.157416374998225,1.1724033726913594,0.9972510183983359,0.2175650057329176,,1.0497307793355959,1.144495891905304,1.2099584307427156,1.1588139164404745,,,,
20200415,0.8753676816031801,1.0069623652491382,,0.8860399210680179,0.8897077331346472,0.9462306857806699,1.1093212109932173,1.0392309523181589,1.142908498655105,1.107488116990032,0.9524764385083601,0.3581671956967925,,1.0085996544953593,1.1338710070948066,1.2279031170148436,1.1259354393536762,,,,
20200416,0.8720102302049183,1.0389855814156561,,0.8691760929469283,0.8765539951697577,0.9112550340150521,1.0749524529705317,0.9740551331008802,1.1324642955562432,1.0569291612599956,0.9246759199371412,0.47335804217202554,,0.9736388989822015,1.1244173483995517,1.2396175430746763,1.1164372268668024,,,,
20200417,0.8378704640247084,0.9907808659537479,,0.8144184669039332,0.8566934306091984,0.8887238949088834,1.0347095974641118,0.9131232837945534,1.107936920037874,0.9559512766647047,0.8949934135888791,0.5498385198848791,,0.9107829109477454,1.0981368722943075,1.2517437712722776,1.1095269505507028,,,,
20200420,0.8296808022985148,0.9629388893099695,,0.7801599962377251,0.8363353361243915,0.8796839502912276,1.0024245872514252,0.8579177488631841,1.0871928714883674,0.8761348621686994,0.85865972299119,0.6087283437660105,,0.8629726063268766,1.082175074149235,1.222325841154053,1.103181944335354,,,,
20200421,0.8130939802398878,0.9018460950671263,,0.7737609512331861,0.8609212052040435,0.8658107453821363,0.9725616385153495,0.7720895009739638,1.0628557159929248,0.8496362491065574,0.8776683379798706,0.6325939303198075,,0.8371539125700382,1.0662210594695658,1.2082618897679571,1.106434420297372,,,,
20200422,0.8291838474867509,0.8687720830670417,,0.7833187813968703,0.8661292329687337,0.8758405446042621,0.9400895022656091,0.7031110321283187,1.0425122253389767,0.8520108005396247,0.9109508536803375,0.6500935648934881,,0.8497582571924808,1.0557767892708945,1.198592544444234,1.1098728010510852,,,,
20200423,0.870253564263439,0.8794261599054457,,0.8323082064144758,0.8952859194927973,0.8864171369100764,0.9418566036595232,0.6666992469599963,1.0367877522876954,0.8746143835100634,0.9508573243884297,0.700807765415881,,0.892937008473565,1.024767177824378,1.1919801389717808,1.1101691114114256,,,,
20200424,0.9081175189159799,0.8935538984726945,,0.8821017049162617,0.9191527842765103,0.899117947728658,0.9385018706459897,0.6402501708280168,1.0288664317371334,0.8943317781939187,0.9829167451192459,0.7455957595569582,,0.9289775779745041,0.9997771883788417,1.1882669200748732,1.1035475821229412,,,,
20200427,0.9432767265106816,0.9048688074069934,,0.9233412582103954,0.9321840955678848,0.9245778769271138,0.9430819294073377,0.630674014466568,1.0217360846204522,0.9088666488275793,1.0087413245332135,0.7911364943660879,,0.9559577270692438,0.9851980345731878,1.1302660454552,1.0830805066839577,,,,
20200428,0.9791404956496755,0.9178891705674447,,0.9652837323401745,0.9468151520476871,0.9550496067219401,0.9624216429771616,0.6519174004025917,0.984054189558308,0.9379717626377948,1.0442989289937987,0.8469427633716589,,0.993647501900009,0.9750967245664547,1.08532454349084,1.096577986688902,,,,
20200429,1.0220003130473545,0.9494831109045891,,1.0082835002393056,0.9649219563680752,0.9802966595759679,0.977874635757291,0.6852326237731795,0.9537055176146756,0.9791395937003532,1.0751976146503892,0.9032125110828738,,1.0331872183087638,0.9672833098046835,1.0356445159194878,1.0672304689192174,,,,
20200430,1.0584359184797663,0.9702249743007478,,1.043207400377848,0.984263324580483,1.0111107440986453,0.9932368324109683,0.7142483114099922,0.9319597357238459,1.0139415210317448,1.101356592481707,0.9526949406373012,,1.0684717378695638,0.9711124920657228,0.9887139826566718,1.0139695468531205,,,,
20200506,1.1067823011187832,1.0224676238895105,,1.0962103282171811,1.0188654848433971,1.0379085814370534,1.0246549111050922,0.7818610260136737,0.925136020794303,1.070610127565588,1.1327364217939753,0.9977674138137893,,1.1161561142936105,0.9852954937507317,0.9283275746481271,0.9634885279007305,,,,
20200507,1.144410526128094,1.058068720733091,,1.1389307300252807,1.0487557438853152,1.0598625890993536,1.0513429846814963,0.8403524484347605,0.9237577576027243,1.1143109071247466,1.1647776976094102,1.0379072503476439,,1.1539854181778564,0.9995436322331794,0.8910283434010585,0.9002345497479037,,,,
20200508,1.168758466214254,1.0799862324366878,,1.13851003382829,1.0315197298641596,1.0271667045229644,1.0563471675203062,0.8931524584955064,0.9127993489525642,1.1219061256558038,1.1662737088279402,1.0818529039072755,,1.173205679797483,1.0025823134393916,0.8407470667626281,0.8437952127429907,,,,
20200511,1.1429729986789101,1.0553542033519316,,1.1113805386490434,1.0167174255077924,0.9875692842358131,1.0627412685945339,0.9314926727933099,0.9122379950891046,1.0806913039251975,1.1255019237928583,1.113211783498166,,1.1272907211393897,0.9928495666955072,0.8017997744992569,0.8096960450167191,,,,
20200512,1.0951296780879851,1.0130213250559668,,0.9938676493858224,0.9767202055380737,0.9563005291692821,1.0106356614754095,0.9729406978612857,0.8547356200182384,0.9919801848521211,1.0171817950204258,1.0978450103564334,,1.0182106278501837,0.9791166723590401,0.7538271727362797,0.7799794999408012,,,,
20200513,1.0597372701206258,0.9807388862694069,,0.908524184550001,0.9402202016327792,0.9499204215535425,0.9758690903433711,1.0019178592987774,0.8131806492922269,0.8916959514183256,0.9287764583844642,1.085275616448763,,0.930890119971727,0.9543324477386121,0.7142137559327921,0.7632036807665299,,,,
20200514,0.9684596145998116,0.9294853832349362,,0.8420913969922227,0.9219287649834322,0.9444503350604926,0.9421234886529289,1.0205801628486728,0.7841393241502433,0.8158157185898318,0.8565559192376442,1.0458001036603395,,0.8454330046128237,0.926714488170562,0.7212538456082694,0.7552188688668059,,,,
20200515,0.9019338722494116,0.8977358579118072,,0.7842318057726793,0.9100230392198243,0.9454105209154988,0.9160133130866941,1.0406481145092774,0.7876038224627788,0.7547651739257247,0.8002979741328023,0.970118731989683,,0.7888334339961524,0.9019079469811269,0.7223429354790699,0.7347628781647451,,,,
20200518,0.8471546135759576,0.8626541266190135,,0.7262760334622242,0.9005580480295162,0.9467247114634806,0.8918166631186517,1.0562897661588235,0.7883696143004691,0.6943504541136745,0.756544581422999,0.9105301164728763,,0.7363597517326155,0.896397629857609,0.7323550353794733,0.7466875805882403,,,,
20200519,0.8009312638048828,0.8393449262037865,,0.681977645005024,0.8951497033301079,0.9285425993196199,0.8696117399731235,1.075281611833528,0.7779193812371615,0.6372476427108538,0.7196792415287512,0.8751073095825076,,0.6949291648582847,0.8378290560810305,0.7487673958958513,0.7790829021773468,,,,
20200520,0.7450679777012525,0.7950706062072885,,0.6500812268709327,0.8364966051500319,0.8946955778046448,0.8091612416523083,1.0390176950489804,0.7693259071922697,0.5937959093671076,0.6731744982221346,0.8466694719135439,,0.6691353424413152,0.8084351320367181,0.7678030445049895,0.8122278365144339,,,,
20200521,0.7021626348213698,0.7681690985509025,,0.6201715716775253,0.7853397894046967,0.8775475192296762,0.7471766572782333,1.0095125365477453,0.7511814974431428,0.5625226095574088,0.6063370787740263,0.8228236925907205,,0.6504369193915326,0.7746232564802789,0.7900908649934055,0.8556936851737117,,,,
20200522,0.6910272032705057,0.7689668986972573,,0.6301376858484447,0.7910925349212308,0.9166708010603455,0.7151618668724612,0.9816108537046764,0.7545820880034964,0.5628720807840768,0.5795659181488508,0.8014475400656815,,0.6663164136081671,0.7769391571134526,0.843299790557131,0.9076978398292556,,,,
20200525,0.7021306012181902,0.7913965554886853,,0.6683705532698744,0.8006809727305295,0.9654033133010574,0.6776981050578483,0.9558537202848542,0.7143401035698721,0.578133000287589,0.570237975031231,0.7847001668483921,,0.7087905518813915,0.785916276404069,0.9149667805554499,0.924447881995253,,,,
20200526,0.7265392702641855,0.8223977431396821,,0.7530021403020981,0.8296290659706272,1.0092076546319257,0.680149274495637,0.8993369002975813,0.7244328000622327,0.6319458385260495,0.6271365674876753,0.7930899564277545,,0.795285575088647,0.8097197241259426,0.9814116461281654,0.9449783566958426,,,,
20200527,0.7411862784124966,0.8469720883488164,,0.8189967908729769,0.8574108953631283,1.0160708173841053,0.6815426800610161,0.8601987732133759,0.7323535702791905,0.7050257226771608,0.6740818847649497,0.7712556934544077,,0.8656006387412488,0.8370477891227842,1.0325714621896838,0.9644151000064981,,,,
20200528,0.8005899901206123,0.8773583447118904,,0.8652592132914924,0.8716619149963255,1.0244004566970266,0.6864957034027308,0.8470318002568843,0.7371502763801828,0.7494085585465033,0.7175596523887829,0.7686419237842658,,0.9350373291743286,0.8630741825305405,1.0712686266102474,0.9759608710312906,,,,
20200529,0.820075096307113,0.8674466234547117,,0.9081125027041349,0.8701017748740427,1.032612163677812,0.687056908861876,0.8238392307855527,0.740727884401024,0.7769262312454622,0.747215931847919,0.8029634622867267,,0.9696056830242462,0.8927107968012657,1.100458790263723,1.0015837900676623,,,,
20200601,0.8441270943226089,0.857099420594703,,0.9481069945916386,0.8806855045636824,1.0459430775961516,0.7106648252632266,0.8355538256168872,0.7732247022906363,0.8266029698834685,0.7630661366497337,0.8235878822692971,,1.0147999200191036,0.9033239036109174,1.1176800800324889,1.0210931442976625,,,,
20200602,0.8695403531757638,0.8493000231981961,,0.9849478781114123,0.8871669306118759,1.0662617596655382,0.7307816138377754,0.8467982336719571,0.8056800756014706,0.878861238539387,0.77766592251959,0.8123284436681986,,1.0520225085472603,0.949042765848223,1.1319031755000792,1.0341286380982613,,,,
20200603,0.9239380248806921,0.8776039698657377,,1.011095667166555,0.9373131435947532,1.0939675991384896,0.7720806370730969,0.8822775649428367,0.8282962204460864,0.9195311201001607,0.8204281963134846,0.8078504416877562,,1.059825405848611,0.9774428811151441,1.151643506940495,1.0455358423935464,,,,
20200604,0.9703914366134168,0.8998401886619656,,1.0405204737181875,0.9849107044966523,1.1105587378549278,0.8400658746710244,0.9116401984906558,0.8739029889413668,0.9463679388472108,0.8963142619208149,0.8209491716219461,,1.0686436892376605,1.0087219885162926,1.1687371595153706,1.0645555839890326,,,,
20200605,0.976963604656536,0.8785804962234562,,1.0290896688843103,1.0069118413369424,1.0689417039746791,0.8779541591510662,0.9421056500608086,0.8927278650741427,0.9293446306652517,0.9188374613791921,0.8254917651099345,,1.036147389199227,0.9672597751784812,1.1627809670610663,1.0393500541319378,,,,
20200608,0.985097787143357,0.8698593659221606,,0.9785081996388953,1.0277583660772351,1.0340371733323919,0.9216230645708842,0.9725307801523628,0.9420331953062501,0.922779907457692,0.9386932044527835,0.8334212851188488,,1.0146028929693935,0.9337760298904464,1.023383575254328,1.0246599588522405,,,,
20200609,1.000565588253968,0.8761942692464735,,0.9430610347871654,1.0476159007557215,0.9986786472585876,0.9582074393889252,1.0152588665172024,0.9808002263007578,0.9290088202274146,0.9572124285694095,0.836060512409866,,1.0013510644396642,0.9158099613619421,0.9232747075635179,1.0086137472924952,,,,
20200610,1.0095774276793834,0.8822888754213145,,0.9166871172307198,1.0600108535207142,0.9856644319600629,0.9890723345602783,1.0481053638200564,1.0174782541074388,0.9348243385678003,0.9714326569001719,0.8639541931436495,,0.9880011702798451,0.89508105338999,0.8409636646095267,0.9954004021121559,,,,
20200611,1.0187586130331958,0.8959409649674734,,0.9065103347652511,1.07663484273086,0.9917209447517508,1.0109915396918927,1.064561164485074,1.0490332290492348,0.9527151003796529,0.9800041503097064,0.9085186230791277,,0.9779029546034953,0.8834754648775104,0.7914755155774776,0.9837696656259758,,,,
20200612,1.0548939530534807,0.9403599821243102,,0.896773216543299,1.0966045555443729,0.9896474267129932,1.0326721925230418,1.0868527059791937,1.074862100867537,0.9746561219350192,0.997290031138844,0.9458235955155342,,0.9724281111837769,0.8645089699175625,0.7572184848020517,0.9623574526915044,,,,
20200615,1.073155964473643,0.9813881812894074,,0.8329716994861551,1.1088294471329816,0.9455871310152362,1.0007749191223072,1.0540084705941308,1.0182073172811468,0.9538249757078451,1.0030507296125935,0.9618620389425493,,0.9302955440762689,0.8619979950544243,0.7321154674040673,0.9554225060818253,,,,
20200616,1.0929061244086202,1.0274174579905684,,0.8348724273293693,1.1237775547994195,0.9264086581075182,1.0153393725088191,1.0060979256564937,0.9913581019181685,0.9542401314764936,1.020533907950912,0.9927777525043401,,0.9087966395238444,0.8769685217952643,0.7077737946122579,0.9523037868866513,,,,
20200617,1.0717206616361377,1.0447621599975643,,0.8403573890898942,1.1304305151135168,0.9080060787503446,1.0361854455233421,0.9701096692467527,0.9845584122534766,0.9367892711746352,1.0027306899812307,1.0208293828210127,,0.9024595512132352,0.8618907852032168,0.684639482379944,0.9339333669263948,,,,
20200618,1.0456963905967476,1.0528595985391687,,0.840856124099056,1.1271366857452143,0.8878640136882848,1.0079902396002138,0.9449065980242591,0.9425734608926387,0.9314976059859269,0.9644249777332394,1.0336047322958812,,0.8763253153653939,0.8506168214167487,0.6594193472593665,0.9045884444530082,,,,
20200619,1.0421521123158597,1.0759713316646757,,0.8532757174477186,1.0726904230062884,0.9033572147862847,0.9988215919698775,0.9198246567353991,0.9160707119704339,0.9575502546991306,0.945324800932117,1.043362693578132,,0.8770507606645555,0.8844485357671976,0.64309069577496,0.9030356899799227,,,,
20200622,1.0303372101610588,1.0742883130313807,0.0,0.8913089167922911,1.0314699973085062,0.9208610377262831,0.9923777611095964,0.8997654069751957,0.8966815746704015,0.9746581097343722,0.937885652952339,1.0582843473335728,,0.8491718412787465,0.910452845783618,0.7336603988483881,0.9121817660570036,,,,
20200623,1.0181313126787446,1.0682324478297738,0.0,0.9185616513182986,0.9998218532314379,0.9413925486426965,0.9863518865737123,0.8831645372645985,0.8687245374082774,0.9680197888863621,0.9293447817126361,1.070271422963358,,0.8233745924086796,0.9359698604978332,0.7578713694612328,0.8673002113571566,,,,
20200624,1.011430406089579,1.062358681851506,0.0,0.9420963957113605,0.9751019145699332,0.9596022809747771,0.9801844225595474,0.8683726371863448,0.8294863034420845,0.9637006610604048,0.9230598013790603,1.077809142510216,,0.8024156814601154,0.9625711419067173,0.8156281698128328,0.8750226797308216,,,,
20200629,1.018429522258298,1.065397898672442,0.0,0.9430114190348143,0.9700103619599493,0.930691525572004,0.9862419138372254,0.8574177355773179,0.8087084316037643,0.9695078163584469,0.9253062683037535,1.0319844263708193,,0.8078284052083688,0.9798480369516288,0.8507402831478822,0.8827061199438778,,,,
20200630,0.9973885826131036,1.036606428643548,0.0,0.9489326958099749,0.9679675826904075,0.9127368599045618,0.9991697951489548,0.8402389379885732,0.7936629772000533,0.9701739051262235,0.9134018647099282,0.9837227626549133,,0.8197504742814052,0.999765234033804,0.8760744734490378,0.8933017508659357,,,,
20200701,0.986102999484591,1.009498544019037,0.0,0.9739288901289349,0.9597470198950294,0.9169120670874735,1.0256467535954532,0.8540114410602336,0.8199508281353358,0.9838180873757115,0.9153821292237645,0.9548560907317936,,0.8489976699164489,0.9899660705494264,0.8996536106504999,0.9008540578824851,,,,
20200702,0.9650417750817394,0.9503816656170485,0.0,0.9523197421217935,0.9518219583937555,0.8863500175585023,0.9769193985149307,0.9044617300113228,0.7991590288607695,0.9760620204942619,0.8779643077047393,0.9217761938301252,,0.8455620924861703,0.963739913491298,0.9202949246394431,0.9039140507780503,,,,
20200703,0.9671589962614867,0.9087853524859727,0.0,0.9347963483758417,0.9511832780501615,0.8615305811603113,0.9492484389499073,0.9484480855111677,0.7845314822474484,0.9787012138955333,0.8669749275340339,0.8945687398980129,,0.846192366297109,0.948968397303861,0.9404810686644437,0.926635251960651,,,,
20200706,0.9772199036122751,0.8823687996888304,0.0,0.920713873912012,0.9572590482163243,0.8324764529528765,0.9734954070538461,0.9734807571812657,0.8233228068138544,0.9771135377786192,0.8735087214231123,0.8878109508235124,,0.8634789910212942,0.937904785510835,0.9626208967553144,0.9583964114622764,,,,
20200707,0.9806070425829159,0.8591226228292818,0.0,0.9255506377039858,0.989926356660161,0.8076664692663935,0.9807879834118745,1.0055808444155379,0.8551930916377503,0.9662919446974688,0.8786362800447074,0.8675876149033029,,0.885263427368982,0.9404664423972638,0.987264826152845,0.972650781673378,,,,
20200708,0.985939237643895,0.8510389340275362,0.2175650057329176,0.9263088756122617,1.0052807803573065,0.7641684008472172,0.9845661833304664,1.0209192400914675,0.8916185813890958,0.9674369181527599,0.8665820767809298,0.844439709974839,,0.9259488031862583,0.94069254998,1.0087715223768516,1.0093282988148649,,,,
20200709,0.9912204709653633,0.8476829905930833,0.36984449308101874,0.9344419944950808,1.0176406558397182,0.7299995793937618,0.9919962858261804,1.023658672868982,0.9304603969303683,0.9770637451602298,0.859267701518998,0.837863550625551,,0.9608459437685939,0.9329343798215135,1.042852395994084,1.0655178860360681,,,,
20200710,1.0024682578120783,0.8534316254210774,0.490492818964509,0.9665637020825657,1.037554992788361,0.756318067523221,1.0085239620007593,1.0335604437195727,0.9802338285945809,1.0000111754596288,0.8945135569080994,0.8374923620171578,,0.9977702790863845,0.9425532213306693,1.0296704267874452,1.075861176010691,,,,
20200713,0.9742615645929178,0.8031588117876725,0.5495853849481024,0.997608286491602,0.9973991135726372,0.8056909431412189,0.9950013084749958,1.0287323391091654,0.9973963326106017,1.0112777050923247,0.9163931091683787,0.8967028642750189,,1.0054501466688903,0.955364261012182,1.0429888851730422,1.0822339634601954,,,,
20200714,0.9704658361831453,0.766024211327311,0.6026377720177513,1.0201297229842674,0.9695723636994719,0.8446378908262167,0.976466992747688,1.0426888254920341,1.013700189262292,1.023156314840461,0.9417319211619113,0.9511663503893395,,1.0080409275912863,0.9671126284585874,1.0520065874757667,1.0928172922664505,,,,
20200715,0.9704992620008839,0.7402138484364315,0.6469778915295566,1.0220106238313802,0.956114369882464,0.8851001186440238,0.9732652235720672,1.0680027506575827,1.0388099714716685,1.0398869432291424,0.9675065993056958,0.9901811921589273,,1.014098525386818,0.9945284079164103,1.063393901175482,1.0598582550329811,,,,
20200716,0.9768670902120743,0.749040367755229,0.6880578816582271,1.0489484168788525,0.9462750156112625,0.9389639520695376,1.0159560328064245,1.0799222035826481,1.0829590363977544,1.0612661597386268,1.0092983775073647,1.0293098105523297,,1.0327305907622544,1.0175124305054988,1.0819344053034334,1.0403906076702825,,,,
20200717,0.9826516902099475,0.7589800409769958,0.7108985131501245,1.0583162433039701,0.9326621246786322,0.9734312564010922,1.040018951467701,1.0933430955210366,1.1120208497324875,1.0796419192242863,1.0429968842168902,1.0625648614435979,,1.047465245531024,1.045839008847958,1.096379212851659,1.037712615770552,,,,
20200720,0.9822784606142068,0.7756062328575613,0.7320531106469568,1.0513677590108423,0.9145034858377388,1.0154543546718773,1.0022486523039433,1.1131196883042827,1.077684659713521,1.0983162095028458,1.071502511568206,1.0772737150225553,,1.0508808319415848,1.0650203350449414,1.1195486999342141,1.0721816189575297,,,,
20200721,0.9761876114026937,0.8108372414366851,0.765399774168309,1.059471792247525,0.9173061310230961,1.0539584207263368,0.9444184205894821,1.1017794534407315,1.0486240105978806,1.0875210876234893,1.0967001312195108,1.095942757129835,,1.0426228797721881,1.0758463404356813,1.1400623105684697,1.1049696188355898,,,,
20200722,0.9690493247220385,0.8380416346491643,0.807504361834938,1.067775291316468,0.9179772524318812,1.0981024723196895,0.8927968823079555,1.0973132307070228,1.0201586418995365,1.0806552257885926,1.1240392186873371,1.1142698146273953,,1.0332591651566787,1.0775693015672705,1.1555872784573238,1.1072495365376993,,,,
20200723,0.964898697776377,0.8599807392661111,0.861388992038876,1.0722970335305686,0.9178781171212643,1.1363685116149886,0.8589374786267798,1.0883144622059204,0.9785185143981998,1.0744544963295688,1.1515615842070681,1.1281395039975761,,1.0282629340593088,1.0872700794100572,1.1785824849933664,1.1102248963941355,,,,
20200724,0.9529700859677493,0.8675902136084273,0.9012222295014616,1.0516230489155542,0.8926861298047003,1.093372908616399,0.8321075218511174,1.0841289107847665,0.9471617338598195,0.9807731707051047,1.1009749910078572,1.1378971230625639,,0.9732177167095302,1.0955428561876777,1.206108392042353,1.1222131415948715,,,,
20200727,0.9371497464040023,0.8998736341977233,0.9427955776484191,1.0198495505082794,0.9022363194216428,1.0762616834351215,0.8328141133100806,1.0459449842654949,0.9611984280485224,0.9037992853630007,1.0598151515351364,1.0599476172753795,,0.9253257543175761,1.0828197664400478,1.2035922052427082,1.1271685467572385,,,,
20200728,0.9197156539277911,0.9412543055234402,0.9765376636929576,0.9944347240458893,0.9141751335412245,1.1170464856301654,0.8499550426427758,1.0152598235016037,0.9880331075047654,0.854331558255361,1.0353843448103155,1.0018368818713037,,0.8943149854018516,1.0709407218120632,1.203100412634625,1.1329746674487489,,,,
20200729,0.8940674386916055,0.965368746268147,1.006542283965799,0.9790659012184691,0.9359902948306041,1.1486069946445532,0.8587470032766711,0.981269425650921,0.997718444619678,0.8066854873623246,1.0043665177223104,0.9555821759078549,,0.8683391763868004,1.063966195594729,1.20417048276878,1.1516834421560063,,,,
20200730,0.8760320150743861,0.979293046419613,1.0309865619793293,0.9553878280051848,0.9446209891795014,1.1727437820122457,0.8456332882000447,0.9732356979368019,0.9887534318395954,0.7778922290079383,0.9829896036135544,0.9346083421368966,,0.8463496921792412,1.0653468675602946,1.200674242253801,1.1664047930252932,,,,
20200731,0.8573844982055453,0.9947656133131028,1.065088777780879,0.9405221742725716,0.9565732498958726,1.1946770029005283,0.8448401653710983,0.9626437020356737,0.9858451818187915,0.7467531997047337,0.9623690861015415,0.9171523214136212,,0.8165522877462957,1.0545641093576943,1.1679723180829555,1.1774058881135543,,,,
20200803,0.841688179415487,0.9949474835925707,1.089066785154567,0.9413088933092236,0.9527489266437631,1.2076513817746364,0.8895709524501709,0.9450076249318564,1.0028289364340834,0.7496190905514435,0.9447933675611093,0.9072789328380745,,0.796383547689753,1.0462333820458392,1.153565239468112,1.1248289851285191,,,,
20200804,0.8300767040099641,0.9534043660389319,1.101306162461877,0.9047548991925389,0.9269969397560688,1.2212533529216292,0.9400408010159883,0.9447831617628569,1.0155577502363036,0.781092327367716,0.9316422972380946,0.8531616837356781,,0.7907361887129097,1.0451701369790591,1.1271561881334264,1.0875882069986977,,,,
20200805,0.8173118085186221,0.9089974264584165,1.1014772822148875,0.8731247354932911,0.9075305369799673,1.229965266583041,0.9682890215776107,0.9356690125756019,1.0339386847481253,0.8030677706714523,0.9199868578145761,0.847682111234302,,0.7974916586132486,1.0484715813118932,1.1062899151509993,1.0688162707588402,,,,
20200806,0.8025373866849853,0.8893178899557417,1.0737474214006144,0.8471026976692626,0.9064157655289261,1.2287582296675423,0.9938470142358603,0.9535176577015744,1.0569983748424319,0.829176885906203,0.8704293075347321,0.846618915877754,,0.8019784385088363,1.0475300381169588,1.072659120343435,1.052445131659915,,,,
20200807,0.7614216688616562,0.8694900712390772,1.0235989387562783,0.8189540219187917,0.9038645401690474,1.2498576861960928,0.9957659471164054,0.940712646419394,1.0446592257231708,0.8885006703791524,0.8868889279573466,0.8415245482211046,,0.8467648042233902,1.0101934417600134,1.0309836114766304,1.0441165518357645,,,,
20200810,0.7499158899995307,0.8690290000319697,0.9935990947321424,0.8076958548919602,0.9185141003624059,1.2443931461107063,1.00092396462138,0.9510667307643951,1.0074960282899539,0.9443029641388528,0.8956990761495995,0.8908602196709029,,0.8748659714092226,0.9932184742807725,1.0080123221183415,1.057607002159022,,,,
20200811,0.7470028691800276,0.8677174414018217,0.9758602858270711,0.838939559149764,0.935719557722819,1.1730290064516438,0.9977029034540613,0.9627664092398416,0.9415312646400904,0.9862722937607703,0.9048281948242441,0.9310941993868537,,0.900777115121635,0.9769818039452002,1.0024662254225638,1.0703986557257859,,,,
20200812,0.74435389261576,0.8713115234948147,0.9721938633173329,0.8522209262942577,0.933312230348939,1.115791374144864,0.9993397486967712,0.9785540431775619,0.9033752426375465,1.0224410503644825,0.9150504076673702,0.9606750245261081,,0.9348157958420092,0.942103305362666,0.9891096513410396,1.0924693147657862,,,,
20200813,0.7357092929372576,0.8836876452810855,0.9718390133440438,0.8604876189488521,0.9401800528529757,1.058968157428403,1.012370097109122,0.9706250920739322,0.8822613101459692,1.0527568820285225,0.9213872443609414,0.958243662657278,,0.969656438407127,0.9056415589291353,0.983940707931056,1.109048139118719,,,,
20200814,0.7251754557255573,0.8747987515918124,0.9405335565211208,0.8699683864501717,0.95126792762118,1.010761190111589,1.019192052736206,0.9708076158473534,0.8750312654800768,1.067417899474089,0.9266411509087082,0.9565476334879689,,1.0052538125000945,0.8708150664946603,1.0023921942857696,1.134077028197621,,,,
20200817,0.703946554279455,0.8330850400534987,0.9112636671160396,0.8800121618011848,0.9702443004469902,0.9701697649861248,1.001846517451696,0.9848246656818184,0.8718497263516722,1.072187943270615,0.9347939486033596,0.9549909765799973,,1.0109017559861302,0.8085100002589047,0.9978972717996233,1.1510996622006373,,,,
20200818,0.6888158087955955,0.84702191023435,0.8856345293840332,0.9056640838350466,1.0009416850261783,0.9289814684274548,0.9845983531024491,1.0034994180238963,0.8687642483784678,1.0534989340920344,0.9361101889205288,0.9827123785296202,,1.0177415316755967,0.7613066772324664,0.9799097751936039,1.1414347402083647,,,,
20200819,0.6799622792102048,0.8773847502262667,0.8602296212584147,0.9295554703983631,1.0279227623839249,0.8856958912609434,0.9754921675986011,1.0201523879169239,0.8688321852666262,1.0405089959223983,0.9496581804145023,0.9135946271299294,,0.9932872691411464,0.72324283454354,0.9688845250520932,1.136444032438414,,,,
20200820,0.7290944778741224,0.8895293394188352,0.8575399780302505,0.9562504762121019,0.9867229622532918,0.858634754807203,0.9820947826968719,0.9956245612021495,0.8807716310818594,1.0254369149142633,0.9850266012040874,0.9585536599222658,,0.9693267257893644,0.7017252481228125,0.9674996260872492,1.1350597857920246,,,,
20200821,0.7961760103870725,0.9128852973824761,0.8760988112296545,0.9915287115155811,0.9479761925131879,0.8576916810524746,1.0039499917198995,0.9977968275823841,0.9157586679790755,1.0201266353771623,1.0117591953598397,1.0000955445437194,,0.8869198162584664,0.7137253405109143,1.0049485354415784,1.076865418760915,,,,
20200824,0.8540845802771602,0.9244606753848942,0.8945422947666656,1.02093472363087,0.9652062278929934,0.8617901093762487,1.0107892102082912,0.9783692784266247,0.9594524829644319,1.013557538303492,1.044227573921103,1.03568140219643,,0.8328000349385549,0.702749250387863,1.0410758635435216,1.0381078412232039,,,,
20200825,0.9037464192880114,0.9474215328851961,0.897793643750418,0.9473165754130317,0.9818193802642916,0.9018129669213301,1.0265223175099274,0.9613923849133069,1.0153992287334732,1.006615099281409,1.0709155169397717,1.0658089420858954,,0.8024277642245838,0.6958317865025461,1.0354566999410073,1.0141340472528284,,,,
20200826,0.9469606710802763,0.9645876692798961,0.8813463210434721,0.8990382910856974,1.0022754027794363,0.9398296710392525,1.036416098507164,0.9438282942058884,1.0483105972670315,1.001691411955326,1.0972406588073789,1.0910921970456888,,0.7611436047070849,0.706551692067852,1.0363264089647766,0.9747612981342968,,,,
20200827,0.9873488664991473,0.9778581796936504,0.8572177587168922,0.84834846661861,1.0152033199807093,0.9798077319028002,1.035891875710986,0.9454039336369946,1.0648835818617122,0.9926881617328729,1.1258233111310354,1.1208687216794972,,0.7247945109031566,0.7277337091657309,1.0456569850504527,0.9439162440742453,,,,
20200828,1.033770289557668,1.0009186899367748,0.8723491704123505,0.8152344116912484,1.014114264014927,1.009447896240037,1.045884295452671,0.9513537303153867,1.0794898771033208,0.9915091447970422,1.1468628872817521,1.1461321933249093,,0.7201854102979831,0.7661323002689543,1.0773511861938532,0.882290872277252,,,,
20200831,1.0724128542200455,1.0448262477369938,0.8910988283452895,0.7985507261278666,1.019193627285494,1.05540164684262,1.0625297466179497,0.9360957338978908,1.0922495397811753,1.0006096108842855,1.160552711355143,1.1671302889057547,,0.76898876831233,0.8386911224393063,1.113510525357502,0.8583433157675244,,,,
20200901,1.1075804781792922,1.0471908550781417,0.9121789900917593,0.7830710956418729,1.0202488555352474,1.0955037435111095,1.0727018114266291,0.8980122321930943,1.096412805359547,1.0204054990670088,1.1615071566837638,1.1850429314684998,,0.8111819882802709,0.9105803898108555,1.1512326610381467,0.8433167535980649,,,,
20200902,1.1336191192574077,1.0363575501706568,0.9359002553641327,0.7671527430080786,1.0178994864510995,1.1327553228973184,1.078893823591778,0.8698953228435448,1.0897340591255933,1.0043971638045475,1.0964922072775423,1.2222850292778973,,0.8712205524242735,0.9670540992073006,1.1827525481850478,0.8321645765003963,,,,
20200903,1.139018052666684,1.0575895619479658,0.972570049608279,0.827214131771659,1.058634422838395,1.1701271745251278,1.082419902522473,0.8673268730915278,1.0825430566761036,0.9973674168990183,1.059063013045784,1.113797912367329,,0.9381019243372724,1.0027710925167788,1.2082645076295888,0.8353655306700449,,,,
20200904,1.1346902529050942,1.0711803947928213,1.0028099329900897,0.8801339169863477,1.0956824323468166,1.1929763875250774,1.0577211833540596,0.8581354847637622,1.0528696360839072,0.9917525168435976,1.0244915155845324,1.0230651140032334,,1.0122447458045836,1.0310456439717177,1.1895176215030931,0.8703889289710273,,,,
20200907,1.140779120079919,1.1045886158224278,1.0329341976216002,0.9226031663764189,1.071830075241913,1.2151128582496884,1.055907981014298,0.8655730188969778,1.0480034539516763,0.9885397660586726,0.9904792843848111,0.9500331974267299,,1.0710930397605138,1.067414525938004,1.1695236155978654,0.8948517335514532,,,,
20200908,1.0770168706616152,1.109385389891959,1.042074333445829,0.9895424320718554,1.043974340217802,1.2323434162312963,1.0454369805134818,0.8741582709121192,1.0256563730345005,0.9886948633386342,0.9663892877487048,0.8901857557887253,,1.116881743354078,1.1075910226548058,1.1424615218548926,0.9172263787850948,,,,
20200909,1.0606235318161459,1.1252506497694146,1.047769565585886,1.0428727162702969,1.0562237778100088,1.2494047442287615,1.0428440161360788,0.8592524103215267,1.0191449320426078,1.0103966932469697,0.9356602998966754,0.8421730788212183,,1.1654497644656234,1.1449501859089468,1.119786107345136,0.9538100281933785,,,,
20200910,1.0571868613779563,1.1357491048725752,1.0740557780413253,1.0912539222137312,1.06844001983363,1.2620537335995663,1.035728187384068,0.893207285318397,1.0056128879998127,1.036120056762658,0.90576250385708,0.8171889706697262,,1.2070365210127907,1.1742721218012517,1.1010386317751844,0.9824959819753164,,,,
20200911,1.0571745126395122,1.140479370630054,1.0955642032887134,1.1309327004860439,1.084129181096851,1.2684564951052089,1.0286722085853646,0.9176269817366209,0.9966832479190139,1.0571431932138784,0.8847499359972141,0.7757012984746872,,1.2358143458935418,1.1939600816999867,1.0287828120041052,1.0283612197590424,,,,
20200914,1.0652483464418687,1.132220929656712,1.118387528016303,1.1583890326001152,1.089078928236343,1.2006186954141753,0.9946210187372091,0.950896202466263,0.9566051596768611,1.0649618685906408,0.8661793350718712,0.7538346899861308,,1.2414646476592568,1.200663624232426,0.9619458834659148,1.0334652377410842,,,,
20200915,1.0693673319598702,1.129510136025649,1.1376617227424544,1.168463766015903,1.0940242292321132,1.1503089938572166,0.9739385869897327,0.9938882507401363,0.9339864648231847,1.0628073016967454,0.8562266344663938,0.7319091006366558,,1.2473447801251105,1.191057032682438,0.9065251723309621,1.039640706176529,,,,
20200916,1.0834840056320372,1.160592527633114,1.1594133168184602,1.1827952954227778,1.1043166263657078,1.10936350284913,0.8944133606684437,1.020376056330508,0.8952577768736317,1.0736317872332617,0.8792842957091239,0.707884216870536,,1.23177259415618,1.1839597568711473,0.858358860267674,1.029161370465547,,,,
20200917,1.100481166089454,1.1853586637645477,1.1656643118444485,1.1742863143329805,1.0956130684735257,1.0645287280704274,0.8506081442700376,1.0528032902843398,0.8767266541324867,1.0835861975886125,0.8897894344961572,0.7658284594087185,,1.2015428448124907,1.1804045347602623,0.8150740777692528,1.022181229735461,,,,
20200918,1.1290562382888696,1.213036022348283,1.1808039239106298,1.1666755134835631,1.0979888472274664,1.0334734081915298,0.8401917669209185,1.0768467234529966,0.8896235016172431,1.0936361718600403,0.9185602530589084,0.8458371146069255,,1.1813968903699716,1.1715840767378871,0.7977631465079785,1.0284858637217056,,,,
20200921,1.1401833192493727,1.2176095641853,1.1840561502236517,1.1594837479014501,1.1172055540536026,1.0092169696168354,0.8362405479413193,1.0937638302513433,0.8981256953843837,1.1014048077485323,0.9455179268069583,0.9171193328462455,,1.16898589711216,1.1645941633022168,0.7888628840041789,1.035249759600629,,,,
20200922,1.1741132043871236,1.2318064575858987,1.1965992982671847,1.1582584254108623,1.1433331953250416,0.9777969422842498,0.8625209940884032,1.1098354658036114,0.9308099958159333,1.1023026159726135,0.9781152359812338,0.9782481745263825,,1.1548390763732086,1.1630417164298719,0.8033104626244686,1.0591415335956225,,,,
20200923,1.137268174630707,1.1785306940852744,1.165018518663728,1.089446105884227,1.0941336030321858,0.9256056654503436,0.8840844868533247,1.1202669690532878,0.9501452741682838,1.0957833213079253,1.0103060849969039,1.028643564420335,,1.0951719005121319,1.145903435357359,0.8192680095723754,1.0719858985514308,,,,
20200924,1.103593597623116,1.1383310370106186,1.132525448658415,1.0338119057733135,1.0522959377873626,0.8798341781695158,0.9082456837707586,1.096546388952991,0.9706363893478752,1.0953641886297834,1.026828943568239,1.0472383074995786,,1.0483767997149707,1.133585031030485,0.8283900223937488,1.0827401248264523,,,,
20200925,1.0782325911050477,1.1005787985169868,1.1039475411417117,0.9933909555759374,1.0295851550046065,0.8509547573411298,0.9437235502348028,1.0823425005424994,1.0002237834683825,1.0943301464446602,1.0424114421193884,1.068344089942879,,1.0078566677199865,1.1251782760980347,0.8688862515804728,1.0792703139303643,,,,
20200928,1.0529741531520156,1.0767697039162343,1.0749258110374385,0.9587246202078201,1.0113299901176491,0.8526153433101065,0.9872218698793789,1.0559657483776328,1.0355331752829364,1.0374895068220717,1.0536446048907215,1.0917427357369707,,0.9909707309293823,1.1174141478055706,0.878574464516162,1.0771984989647694,,,,
20200929,1.0287373336806664,1.055370209640907,1.048883700889072,0.9230009425314976,0.9991501273715143,0.8233284248798926,1.0220577600925063,1.0346109661678489,1.0616501180735392,0.9992752323212133,1.0621673650797283,1.110674325419608,,0.971026414563242,1.069431048901388,0.8677288725182466,1.0308500574028612,,,,
20200930,1.0041652279299333,1.0287048857534224,1.0357794399805749,0.8816906540928132,1.004516685176464,0.8003511667778556,1.078387617027748,1.022104570077355,1.0994499566225309,0.9657772482158913,1.060313157648183,1.134098001706008,,0.9600938773684199,1.0438400257670042,0.8691842037564474,0.9989647651192627,,,,
20201009,1.0073325421645924,1.0220174141122782,1.0450451675397228,0.8615954283590628,1.039656038872544,0.7888724923287572,1.1180452284611087,1.0360528395837396,1.1217395303538347,0.9482526966610053,1.0669417091229354,1.1615318831840207,,0.9699689199788245,1.058788269569527,0.8684038046917792,0.9812338220109315,,,,
20201012,0.9930314883142966,1.0020010946932223,1.0249404122400076,0.8470315825876967,1.06549688560058,0.8163828508014106,1.1456368528902507,1.0548659318111226,1.1368440254795513,0.9569004386141984,1.0715613553215364,1.1672664371617318,,0.9768469849581323,1.086280484453866,0.8772624643001999,0.9608934613786109,0.0,,,
20201013,0.9825692274026612,0.9943735541753408,1.0116018829401574,0.8361169900692133,1.089699447667883,0.8387720408440119,1.1711334224448469,1.0717741545313733,1.1544970325834771,0.9549323265971198,1.0955626890013093,1.1557633765355892,,0.9732630980825335,1.1094388513200548,0.8644708000935476,0.934067297155707,0.0,,,
20201014,0.950621966517268,0.9633827805984172,0.9813347948648046,0.7897188865721505,1.0913288310001539,0.8565900254068718,1.1581539285174611,1.0765848270603944,1.1397464363252237,0.9343617526957538,1.0992928307833651,1.1309976787412341,,0.9891058539610751,1.1044250468057313,0.8614981814730176,0.8863955802588587,0.0,,,
20201015,0.9665242977678868,0.9728992392862611,0.9841733226085617,0.8047521818765491,1.1175824990889744,0.8930229787004532,1.1568387075993893,1.0856500015469215,1.1348693271279717,0.9222026753284337,1.1057109773346614,1.1095021684258266,,1.0124998257015414,1.108102365493046,0.8666855381371673,0.8505893269043705,0.0,,,
20201016,0.9784155397527954,0.9780148340732427,0.9897038443182201,0.7782556615720655,1.1400935832570858,0.9279614625306726,1.154774774125554,1.0772409222439778,1.1323425867645542,0.9153435446528971,1.0988465513820114,1.1094268251879025,,1.0302976944597033,1.1073759619755206,0.8779845390848586,0.8249380017563865,0.0,,,
20201019,0.986275254362009,0.9753881871366926,0.9969012596393418,0.7579600513781695,1.1556711469481382,0.9533734867757692,1.1407470621183982,1.0764698090319127,1.1157612634218053,0.9032858322261966,1.092333423577329,1.1075565300395647,,1.0473181573502583,1.1093436272504185,0.8926611839489896,0.8354797105690717,0.0,,,
20201020,1.0023532677915037,0.9708598942717604,1.010519295282014,0.7438955230623729,1.1669822767441513,0.9597646341602214,1.128392783818031,1.0882155032520555,1.1026987708319738,0.9025790953801289,1.0826633857174237,1.0919579407703282,,1.0141749588271751,1.1077874488245059,0.9237263563802448,0.8567675581054803,0.0,,,
20201021,1.0190716315095925,0.9637541823995054,1.02265843349251,0.7397886043517243,1.1704060559937626,0.9732655313492523,1.119369005197957,1.1057831635714033,1.0925806098570083,0.908335348633083,1.0819323183771925,1.0781836147374932,,0.9855412666866076,1.1246757433168346,0.9588076460256599,0.8961724721009188,0.0,,,
20201022,1.0280229025052852,0.9329896802284694,1.0149087597986641,0.7765071521697262,1.1325907960791601,1.0142875605357047,1.0974329457238987,1.117883638983748,1.0586675749737064,0.9206129174259019,1.0522033512399744,1.0629130620653662,,0.9586173358733604,1.1035858741380284,0.9575620100811744,0.9247339815773068,0.0,,,
20201023,0.9968179688234877,0.8289536861252208,0.9399222761891063,0.8080919575812304,1.0891988053931307,1.0499054394178955,1.0217612071259068,1.0486481666579999,0.980351894431843,0.9580263954693553,1.0792748496910018,1.0150347261887394,,0.9592116357964894,1.0756811362209493,0.9552078914999392,0.9440459342479472,0.0,,,
20201026,1.0011985633379021,0.7942793192774399,0.9152594589065374,0.8265059530936,1.0578427735843108,1.024742367064598,0.9284928061230397,0.9650750480465383,0.8781129400468818,0.9604698963800347,1.1003539911965619,0.9341490968776288,,0.9729310430950009,1.0518346714566709,0.9277076089556671,0.9462854524930204,0.2175650057329176,,,
20201027,1.0076356798225499,0.7674244686519001,0.8979658211000581,0.8384490178652745,1.026318113336298,1.004039721609843,0.8509884177430086,0.90241379750523,0.8066891037268693,0.9724312633909548,1.10372289252576,0.8737108761744762,,0.9925868074952433,1.0342958525202137,0.9326378718684012,0.9499961053264045,0.3678578533274713,,,
20201028,1.0285938119026357,0.7633069779377348,0.8912873987395736,0.9008133247125913,1.0206465400898646,0.9918141430443389,0.7979678420084361,0.8630140209317704,0.7466425449109407,0.9453859469361596,1.0937995858185028,0.824011521665963,,0.974261661386667,1.03546594124389,0.9393414306838086,0.9764960871906936,0.49106772816555305,,,
20201029,1.0062419084385217,0.7884764985133635,0.8647460230899744,0.95775183013298,1.0543613336155997,0.981475474159351,0.7376670135966703,0.8324070930478249,0.697067576423032,0.9215818913475371,1.0951158765418587,0.7657799724342633,,0.9407107260732055,1.0359773661026863,0.942761425185157,0.9971457127098173,0.5743165076784075,,,
20201030,0.9991161901710236,0.8230089984215903,0.8648165266581437,0.9892901378192993,1.077919056356843,0.9350489293836952,0.7080649946586303,0.8335771128604117,0.6565873843528214,0.9018375216198693,1.1060707409662418,0.7572713376198776,,0.9116002150028889,1.035810842078924,0.957673199027433,1.0076304198307346,0.6082227381606862,,,
20201102,0.9849263088758121,0.8506068601255619,0.8599928129177834,1.0105297201778618,1.1033541439277585,0.8998476666184383,0.7295208420184363,0.8596423650667988,0.7124030528609391,0.9043442058499702,1.1178155721263072,0.7481290134758193,,0.8881997923058697,1.0339822243528023,0.9641714782800822,0.9841697888746457,0.6226667412273936,,,
20201103,0.9968972503221877,0.9039903651471008,0.8993153286140116,1.0403639969780638,1.1056017366723647,0.9017156673953783,0.7480422968985213,0.8757927076375986,0.7580364121837925,0.9041440830932321,1.1284508979169394,0.7631963468299081,,0.8891979324216364,1.0367222840932764,0.9716279541343411,0.9664877806681276,0.6389266167648918,,,
20201104,1.0124622454954901,0.9645237165926319,0.9431023433968054,1.0564138079109642,1.1082237184454198,0.9116220549120337,0.7703278810084657,0.8634177219736001,0.8015795963334806,0.912191605461148,1.1433902503812832,0.777666578056198,,0.8742026933555874,0.991477418244634,0.9679201113448354,0.950443850354487,0.6571161118187309,,,
20201105,1.027988239419905,1.0223759643593944,0.9871034528888504,1.0657754204951766,1.1190980186833093,0.8724963668789011,0.7990260736580904,0.8591107905928932,0.8580844829601462,0.9410670585219763,1.1682448840960835,0.788232503757301,,0.8688151292827399,0.9663072735346692,0.9734737132210398,0.9419473030976295,0.6370748572534529,,,
20201106,1.0413588350163472,1.0904050509406296,1.049606827755587,1.0663757850791304,1.1380670684548342,0.9000122060206217,0.8497157997953997,0.885183151294015,0.9278235823276391,0.9620290523848641,1.1546325973112113,0.8219805142670557,,0.8689458668003085,0.9610493853318788,0.9796777288573636,0.9324950465933232,0.6272550637668732,,,
20201109,1.0623559291967226,1.1412450804514236,1.0940945630010306,1.0788741783993068,1.1347475794998256,0.9487923604546795,0.9121899918534139,0.9208494235185916,0.9959097002240385,0.9982413092614005,1.154726261702184,0.9050988550970799,,0.8854911135444662,0.9257277055586923,0.9971354527578682,0.940357079163287,0.6221026462015261,,,
20201110,1.0860772131808862,1.1848151114607275,1.1324524015002,1.1145885701663847,1.1137391310329896,0.9900150048393702,0.9716167918748376,0.9954595979251247,1.0558373031498431,1.0305200525108609,1.1614080958290092,0.9707048474249977,,0.9139802009975381,0.9038774424113564,0.9953875338428773,0.9510197121800059,0.6427958937457663,,,
20201111,1.100716713195012,1.2179013888572228,1.1627792972597013,1.1434588192002124,1.0415028413139729,1.0179743223972595,1.0202722164341953,1.0547281985202148,1.1050475132827522,1.0757684279230713,1.1724567756346391,1.0305401451681262,,0.9754642520213499,0.8841546564258289,0.9880060446589689,0.961255761530195,0.6639880053923959,,,
20201112,1.1161156062174784,1.215817457725764,1.1741786055961783,1.151621216238897,0.9829656692913986,1.0399921416708962,1.0591112337452266,1.1014727057630371,1.143494935609231,1.118624359658704,1.175972738148324,1.0902086212210549,,1.033469683627985,0.8528459227585691,0.9596301001306987,0.9678410890773932,0.6733802416766194,,,
20201113,1.0699427576484994,1.1704446561680881,1.1466956382440847,1.1331829467584182,0.9402772410690049,1.053464055465664,1.092028689424391,1.1435417018235796,1.1757591032259334,1.1549492788664733,1.1725183978720566,1.1025728874833434,,1.0636596181011684,0.8266854322097613,0.9147181457715057,0.9751090659838272,0.7082765871891937,,,
20201116,1.0212000800777183,1.1214333919497028,1.1131694654356088,1.114567345924343,0.9087298595555529,1.0390249697368645,1.081604980655109,1.1698326560012353,1.1335504277090733,1.1783108341057278,1.1696749534139745,1.1189873859488246,,1.0863246861040685,0.824262195078679,0.8766691216333198,0.9614956019316452,0.739254453703283,,,
20201117,0.9730769512587927,1.0724175300843115,1.0681951869141155,1.106067499017874,0.8953198290528257,1.022323535103312,1.0722591303512834,1.1931648557790833,1.1000352482455964,1.1965334113245714,1.176720239589768,1.1318726394829541,,1.1025364636434265,0.8270252384930792,0.8158890597503621,0.9358575304725036,0.7641188604312464,,,
20201118,0.9433036123972934,1.0191854536411507,1.0238851140012017,1.1043507012875984,0.8828876774877256,1.026755181886696,1.0488832853279948,1.2186721357810315,1.0705863705573058,1.217560153836291,1.1779276887877705,1.1435581023503134,,1.1161579428902066,0.8489877258932718,0.8180966132372656,0.9185649914725059,0.7860428562428322,,,
20201119,0.9177266113495923,0.9663949558134103,0.9884662987087244,1.0992126632461297,0.8736914449675015,1.0517230711897374,1.0246226532393232,1.2387767563912995,1.026531839053947,1.1993264296924213,1.1709347302493034,1.1547332737557132,,1.095850970119912,0.8486895131652751,0.8301616459802847,0.9028276821527259,0.8233384031484934,,,
20201120,0.8814257172275135,0.9185052993039134,0.9490741170011936,1.0729030002417603,0.8624812325060884,0.997429548997171,1.0372747025008817,1.2565863893945364,1.001434543704869,1.178852107383446,1.1734033066555352,1.1648570057016603,,1.0303003059788538,0.8574333736736476,0.8392398685941082,0.9096094395148763,0.8238702454095944,,,
20201123,0.8354843931274812,0.8843408441842551,0.9210096444413538,1.0590407518724076,0.8477081645970105,0.9317310693085529,1.050289068877156,1.2618197989967674,1.0058280186531932,1.1615150633580427,1.1482485536554876,1.1399628069794525,,0.9908781406453421,0.8938094103948718,0.872410654167899,0.8890612761143858,0.8243374828467706,,,
20201124,0.789557250414337,0.8544038976835504,0.8888023792612915,1.0283372142767602,0.8235205414922986,0.8711866608556124,1.0467120435160315,1.222199596277819,0.9981422688947226,1.1471960008613928,1.1338908100275276,1.1195210174350239,,0.9556432689288783,0.9131300409398408,0.9123630816158014,0.8783383439466055,0.8076213347578932,,,
20201125,0.7547704696164633,0.8241311346183081,0.8431074102851563,1.0060358670400984,0.8234979211201728,0.8269655057820272,1.067799518155565,1.1953309345505698,1.0053680369697104,1.132767215371986,1.1159699245551333,1.1113613261984248,,0.8725304852637203,0.927796298841111,0.9363586559924024,0.8684184438627459,0.7838049088001788,,,
20201126,0.7311677474149676,0.8046393573923427,0.8079258919539315,1.0051950832220475,0.831377254783084,0.7937506679990503,1.0940321880903885,1.172843105310172,1.0196261497438341,1.1061290412903477,1.1060652418304215,1.0932822517354497,,0.8066167018386737,0.978594704629046,0.9630200779274017,0.8663672090720304,0.7819729782797833,,,
20201127,0.7421575080573298,0.802281547999702,0.7827877887909969,1.0179875616674487,0.8578188802474956,0.7670865671312707,1.0990887908756952,1.1113662360333159,1.0250560568574498,1.0578601497595277,1.0912708445210675,1.0502034588542826,,0.7551464398681063,0.9823105707691052,0.9976672768054363,0.8816907206297439,0.7301148302745678,,,
20201130,0.7544289014536759,0.8231100246608621,0.7769736902579689,1.0230187892563933,0.885412263906506,0.7795765692793327,1.1180571351672197,1.0623014344974773,1.0561750856295349,1.0284991288837053,1.0431379234270182,1.013286289668461,,0.7631510769739243,0.9820216184459434,1.0182694674330557,0.936921961092904,0.7323833836651351,,,
20201201,0.7650421193329535,0.8458040111563976,0.780568954318507,1.0179406234087596,0.8930996311293291,0.7940407167899948,1.1354702526980802,1.0528884934131213,1.0873407198643172,0.993314876620932,0.990379805489881,0.9856899361729179,,0.7710941215508974,0.9857680269351565,1.0388460519163307,0.9905784686714655,0.7344631542649359,,,
20201202,0.7640553613480198,0.8748836375227276,0.8012376921580419,1.0086011507678192,0.8889728845733557,0.7901111982814536,1.154430521632889,1.047417303283777,1.1014602602611276,0.9351091758101074,0.940830081105509,0.9635903289502659,,0.7689240823369744,0.9880798600057265,1.0611571347510889,1.0346821964824082,0.7538994400727199,,,
20201203,0.7633824019503875,0.9053188799744235,0.8214909242461826,1.0020552830356892,0.8937579993371125,0.7888878008053967,1.159532439878344,1.0403149447830353,1.1089551443040935,0.9011335300017983,0.8994295787537199,0.9485882313940772,,0.7916468765980169,0.9974661426940057,1.0448384160849908,1.0565726195732073,0.7835714214474464,,,
20201204,0.7890476913370943,0.9350886934639164,0.8457804778021335,1.005727663275054,0.9342648562498412,0.8323750621797177,1.1594962737135175,1.0303607329600393,1.1210192330205277,0.889075164168438,0.876099628499797,0.894963569514292,,0.8649451437892938,1.0066683591266183,1.0369503141693597,1.0693126257199472,0.8420132798133502,,,
20201207,0.8308900561609099,0.9587048608348501,0.8621957336029556,0.9731419351233392,0.9705166794920171,0.9143453423635713,1.128460263162352,1.024579517791196,1.0556851339246809,0.8911347992185654,0.881446717780379,0.9045989531411072,,0.9247175799943392,1.0148785672453418,1.0386952158399987,1.0912617519425665,0.906726118004747,,,
20201208,0.8764317658198796,0.9652309645852536,0.8816471784657013,0.9543354183701224,1.0097495575593711,0.9837609270306008,1.1024500245299886,1.0414243287974878,1.0063765739174697,0.8970565003666899,0.862686187227356,0.915284501110393,,0.9774949872294658,1.0247548017744903,1.039578291401718,1.1127313432263128,0.9723187238701955,,,
20201209,0.9096618168168379,0.9614161977144783,0.9048687665547214,0.9303037203886904,1.0443870418144083,1.0372113094692892,1.0634152434783086,1.0547577442121576,0.9670166457645777,0.903585887933462,0.8572561366495918,0.9347577071109111,,1.0465004313042896,1.0457233918442936,1.0354220985746592,1.1360563397203556,1.0302604214483724,,,
20201210,0.9355090416815193,0.9629655780050477,0.9198703839847806,0.9042577268299526,1.0802038734899087,1.0804548404764032,1.0325296635079022,1.0649758981545199,0.9371363552523062,0.9221269879898534,0.8549887367129118,0.9566341991171511,,1.1023223866819785,1.0134325501718207,1.0378224381920513,1.1500562173763522,1.0752219486324543,,,
20201211,0.9672942582474211,0.9775145783985392,0.9615838988180878,0.881506439140431,1.0685773420923574,1.112232914592424,1.0129816581718603,1.0834254693108039,0.9352665663651781,0.9506811604947545,0.8470511075733984,0.9978260167319618,,1.1517289217613487,1.032540519772304,1.0375402941012775,1.1228831084332886,1.1302584316737427,,,
20201214,1.0087487033217468,0.9725146422425496,0.9925479885751265,0.8815716970538349,1.0671957426521161,1.0971885626382811,0.9969477073891089,1.1168907143450262,0.9416573726254908,0.9726484194171768,0.8612650410385079,1.0334264819899073,,1.158616432308241,1.053068372877181,1.043934799425312,1.1404554271725258,1.1538209865161428,,,
20201215,1.0464221055799976,0.965665827578917,1.0243905568104898,0.8904691407750294,1.0687319834704325,1.0873860032628404,0.989826256554527,1.122260087076234,0.942271617565086,0.9972300306667072,0.8769489313299524,1.0630026773235333,,1.1704069501656509,1.0694975887512002,1.0365723575568055,1.1485825465335593,1.1797222585381935,,,
20201216,1.0780704130287089,0.9578892729413814,1.0333552842032045,0.9002944919614285,1.047131143440373,1.100914970821555,0.9700552438977109,1.124733798599333,0.9471681093755202,1.0228768976681086,0.9020314518833665,1.0881252762535005,,1.177756035397468,1.0865957981115575,1.0322957500617997,1.1553970267193856,1.178145710606603,,,
20201217,1.1151271227772726,0.9720084271138537,1.0400009874879153,0.9007090061705023,1.0429780670291633,1.1127641274088147,0.9555971227880768,1.1291225852634394,0.9505681459510725,1.041256769354545,0.9415679469440165,1.1042657952661488,,1.1811821372610933,1.0680946279557042,1.0359220831496,1.1692230187863024,1.1760477522595953,,,
20201218,1.1366802860886522,0.9677639667080212,1.0501048355433955,0.9074897700938451,0.995644567222511,1.1178995087406,0.928716152445805,1.1304542271366114,0.9464487269685744,1.0478381472803062,0.95734817437343,1.1390124905434356,,1.1517589005244182,1.0460106119409347,1.039136161574415,1.1841544060485543,1.1654664585326413,,,
20201221,1.156259119738993,0.9708829635609934,1.066428772032684,0.944407029592329,0.9640480500513678,1.047514745151203,0.9271812257403955,1.1320381213572381,0.9797720300922617,1.0429703332890405,0.9625225478189229,1.1250029630183829,,1.1203737130877212,1.0310846212756226,1.012257249284602,1.197142105202529,1.115463447568549,,,
20201222,1.1695139253991027,0.9884260288655949,1.072607779057642,0.9819164480241166,0.9831985571184304,1.0044130528737925,0.9143696518277484,1.1322315795912565,0.9985282029082619,1.030742141703467,0.9797458581180752,1.1199253340419342,,1.0881995026057396,1.0279190256293629,1.0167390983765165,1.2162513872484417,1.0693172793166434,,,
20201223,1.1817651964232303,1.0133621556691295,1.0833954317501135,1.0122884905495384,0.9948345779212263,1.006941915703232,0.9141485872232942,1.1030429342234804,1.0160786328667613,1.0214120241612468,0.9878582378868808,1.0835030626232585,,1.0541807780031855,1.0303076067816928,1.0193564510495492,1.212399894203693,1.0315855120935327,,,
20201224,1.1881939418167318,1.0473391396346905,1.0999758380777052,1.049185200342765,1.0048059168088954,1.0103344427225827,0.9254243949570222,1.0740782706156509,1.0316409943935219,0.974439910244791,0.9928374861969406,1.0552383245182042,,1.0257275440524976,1.063726728351575,1.0258724838432878,1.1894694135732384,1.004577812654414,,,
20201225,1.1928637105222424,1.0706862494890435,1.0934611171059418,1.0808338667691155,1.025256076077601,1.0381769918808677,0.9522549942197895,1.0380619158339615,1.012139127556469,0.9377772005490077,1.0033163299405836,1.0212771952405089,,0.9860607767312568,1.0467111285505937,1.0291021491296242,1.1734137932528204,0.9763356570060453,,,
20201228,1.1858764066112952,1.0966615772134949,1.0754213760250135,1.0638061852792988,1.0394772741325087,1.0720912384626406,0.973572037082223,0.9572639149266751,0.991879111633803,0.9164483821104531,1.030178825784384,0.9921181329362984,,0.9345645354275224,1.0484675962016254,1.0404983934156287,1.1539050660189782,0.9261002762598415,,,
20201229,1.1804994857281472,1.1170938874469034,1.0598494365142996,1.050524628452809,1.0536598165341344,1.103373039354612,0.9821729547101018,0.8978043621804497,0.964493473165706,0.9159934196236442,1.0528996476624792,0.9813846978651427,,0.888700433420509,1.0382390104738355,1.043867916637396,1.1457952318362867,0.8828115619668687,,,
20201230,1.1779000796240504,1.1348561563464268,1.053566033082867,1.0383216323514546,1.0735280922548718,1.12466942990789,0.9966643625639479,0.8519381773486251,0.9480808802327354,0.925784615324009,1.0704085957167406,0.9755262663269619,,0.8522879177173086,1.0368051011421724,1.0547879513273384,1.1388793196560858,0.8776150208238763,,,
20201231,1.1258922663188227,1.1196219860082166,1.0365523570930157,1.0276528772811766,1.0833024494834949,1.1429982717624216,1.0181838513593264,0.8179175560560267,0.94209051296106,0.9513241674510293,1.0657009491004081,0.9733261518325584,,0.8096651001793639,1.0479561129673562,1.0638918122542629,1.124693913036588,0.8921627360078124,,,
20210104,1.1077175402931938,1.1380791133097734,1.0272843516706915,1.0416991270620182,1.1118698691417062,1.1621986052668662,1.0463745367230586,0.7963863191668054,0.9339266155459179,0.9825481522035922,1.0654172876489636,0.9649475907320956,,0.8307704369032595,1.0567522548142734,1.0538345960922397,1.1106248936238678,0.9185134466038161,,,
20210105,1.0953951635864705,1.1509774664780565,1.0271732703322127,1.0359799106274608,1.1349797943356283,1.1921576989499334,1.063240261359352,0.7665954248875766,0.9314895505455731,1.015877062041469,1.0585062687178215,0.9772934099837511,,0.8530099440182546,1.0656949484770217,1.0458765615788386,1.0197774998943374,0.948242832490447,,,
20210106,1.0587188651150061,1.1472385330881407,1.0491805597243755,1.028450214325066,1.0434731858025512,1.1989861933249228,1.0844435233900342,0.7346884976206316,0.9278294029214511,1.0469957514627568,1.0475250496924833,0.9714086335444679,,0.8697820116023238,1.068150114992182,1.0284469857289769,0.9495433172752694,0.9659599722970464,,,
20210107,1.0344799402125657,1.1374323046653112,1.066390388075443,1.0243884253811801,0.9901865037985919,1.1942890291859931,1.1021370442731253,0.723309347426601,0.924743278243636,1.072272484369708,1.0366016564967997,0.9833588376559611,,0.900825683120139,1.0695543381914332,1.0107433313554042,0.8936086145467539,0.9774433948470581,,,
20210108,1.014032639178989,1.1091245951594306,1.0717342822393212,1.0098361070544575,0.948285638318631,1.1892466167535296,1.095241122610445,0.7296177486159935,0.9128313884874196,1.1103101421078996,1.0295154862645794,0.9867007917185963,,0.9366638609999661,1.0367789424312315,0.9906492930964262,0.8561017872526174,1.0014221496013156,,,
20210111,1.0052496386020882,1.0998687709169186,1.086354593414329,1.0247260345684097,0.9536953171594863,1.1837932932929294,1.057190523671633,0.724219758706504,0.9146347493913617,1.1328852948533854,1.0240163521507804,1.00143561671884,,0.9912936118862351,1.0347643272994476,0.977243476664333,0.8431817458409543,1.0529371293881669,,,
20210112,0.9983452264016743,1.0920793641180695,1.0943801729624942,1.0566497841554765,0.9568381866386619,1.1857249688677114,1.024364114082263,0.7533851474143748,0.9039120705036703,1.1516210833019807,0.9350772781338641,1.0080475095959693,,1.0378481890398956,0.9834319279534469,0.9164975719834829,0.8420392297674075,1.0955587318719948,,,
20210113,0.993151361762764,1.084910889925537,1.1050917130557028,1.0809723575066812,0.9490228480503473,1.181896123780315,1.0034011930967146,0.7793334816345645,0.9147150356855676,1.137814694572037,0.8497861458487671,0.962419981803646,,1.076534019211722,0.9412957910717468,0.8818775332106742,0.8395092497497112,1.1196348127434659,,,
20210114,0.9902623370131014,1.084981056709227,1.1157288801085796,1.095300997094507,0.9455342290627273,1.181341017265095,0.9915548860374634,0.8022609371973944,0.924828726311239,1.1473257442553102,0.8289791696580756,0.9250514682330047,,1.111846612101844,0.9118114956681238,0.866033973710148,0.841464855497661,1.148780408984482,,,
20210115,1.008415231361251,1.0915549759346082,1.1302454361081036,1.0997027296849262,0.9459475814394057,1.173507403369723,0.9528472802792455,0.8195368282117533,0.9192381825710765,1.1210399169166079,0.8093414167220452,0.9152416796851895,,1.1458896335163906,0.8764631713064874,0.8527617634650563,0.8532458115956622,1.162886036096077,,,
20210118,1.0142927039038623,1.0686585407225153,1.1417292976962412,1.0954452242616755,0.9405686949957888,1.1647181021459587,0.9415981703432079,0.8445563563977401,0.9494357848999314,1.0788840078251645,0.7923659087324648,0.9086101763258333,,1.1621754929019585,0.8600179656915731,0.875358399721327,0.865188892060123,1.1656057023890904,,,
20210119,0.9916745839051664,1.0401054067942537,1.1194243082604922,1.0876080777589234,0.9367378320793422,1.1654621727722165,0.9370802303813129,0.8700559231318293,0.978739926577899,1.0325987684403175,0.80242159466042,0.9014938844147663,,1.1736394416191653,0.8456956843355904,0.8996021007924165,0.9252441084032554,1.16894070723638,,,
20210120,0.9782256515557176,1.0176042907897116,1.0358934183469577,1.0769297438426555,0.9925208515564248,1.1691254269632583,0.931106180034085,0.9017685810973036,1.0102136322647248,0.9974696212841888,0.8110184069720445,0.9113028412476312,,1.1798488116780144,0.84277743125734,0.9213110816654068,0.9586344707833279,1.1613080362923311,,,
20210121,0.9404414456988451,0.9824379732011337,0.9812945050195497,1.0599247620836962,1.0098332679440005,1.163189021059797,0.9298693351001132,0.9383019078177296,1.0339694339948886,0.9700393126821165,0.8437840010598953,0.9188766364212386,,1.1464558746494786,0.8609072839162986,0.944403760144831,0.9913190409760699,1.1312319604960914,,,
20210122,0.9260198221872071,0.9684473614710972,0.947900625957954,1.055060661387188,1.0282173566865342,1.1575178515297153,0.8997356988298507,0.919896459656875,1.0292804225387262,0.96668248230625,0.8727712913821409,0.9369962026927056,,1.1197957846188882,0.8725731826994435,0.9695267707031747,1.0141406365417789,1.107759479753327,,,
20210125,0.9071172887970216,0.9365985786757532,0.9208912357880031,0.9676364598040272,0.9691229694417293,1.1439692780642683,0.927748327143769,0.9397712184518335,1.0513601413014366,0.9779817243153485,0.8963523953231338,0.9482985649346308,,1.066197276744278,0.9007317210503787,0.9919079450630228,0.9875485719830281,1.0395473207484716,,,
20210126,0.873037244512482,0.8812985904127559,0.8606787291197726,0.8805263134540614,0.9274432289095235,1.0989156084122464,0.9528915079665342,0.9672800934983538,1.0807804875383233,0.9666407578351124,0.9613090118883526,0.9465511408591895,,1.0171170863144952,0.9504257828117282,1.0460075959013106,0.9613367297263158,0.9756846551726694,,,
20210127,0.8500752750195498,0.8393149570048333,0.8213344188974934,0.8298122700779099,0.9024522175105288,1.0596770509042248,0.9760723185707189,0.9898525837200904,1.1000469121779852,0.9851021735140706,1.0283275027904926,0.9561071609575881,,0.9452369418958783,0.9904176159656078,1.068157417783815,0.9317873861113174,0.9264586557680696,,,
20210128,0.8309248104073639,0.7960743466228302,0.7907811112816877,0.7917432509945793,0.8838603664038819,1.0322569560219639,0.982004119442328,1.003622933716821,1.110464918058453,0.9775516651231508,1.0677710668326976,0.9528999301725504,,0.8855314602914044,1.0199001574561868,1.0403663575529107,0.9179440175726633,0.873171204817754,,,
20210129,0.8253954895430843,0.7617415258856308,0.7665578466696966,0.7587755110056791,0.8611643077629223,1.016549152131888,0.9991229326622709,1.0158517901038464,1.123569673086033,1.0040198071573465,1.1059133631742257,0.9564453404070677,,0.881738354601462,1.0526185399175718,1.0217713712888838,0.9016588656582337,0.866490128079655,,,
20210201,0.8296249197806427,0.7416148768510109,0.7508661552413681,0.7419699256215897,0.8502878406594049,0.9966162506062276,1.0050690855657542,1.0280851208783561,1.0878021725450893,1.0339737252369752,1.1373710675342132,0.9988629918080619,,0.8873769758015849,1.068112799538512,0.9917242595540414,0.8970719220428718,0.8713008290056066,,,
20210202,0.8557203112812213,0.7502910557234848,0.7787307769488583,0.7401978578036281,0.8415874412000764,0.9263009243394764,1.010947837888185,1.0394409709060397,1.0512521534479624,1.0639814360149662,1.1482941590625255,1.0338182274283239,,0.8932277180496919,1.0797459976980999,0.9923094388208882,0.8912900973091601,0.8762514420419194,,,
20210203,0.889646852218931,0.7528889122276684,0.8357218137902609,0.7491172437208987,0.8406706563591416,0.9178266460153678,1.0164653632997487,1.0540651987017324,1.0113356576045427,1.0917705761324292,1.1625811337025242,1.0545901756273324,,0.905342568738986,1.071435199076318,0.9990046615854916,0.8873412044265945,0.8882893512220615,,,
20210204,0.931571670965655,0.7767577864173655,0.8597429861301843,0.7668094328300049,0.8655995141571423,0.9232725972146629,1.0127236829342519,1.0530389559092477,0.9806571414309592,1.1108616225531656,1.1525856085144097,1.0766733799063712,,0.9265326077142263,1.0491786568769172,1.010244097255355,0.8804493427900965,0.9060675411443174,,,
20210205,0.9063516165342635,0.7701235937148339,0.8617146734153328,0.7517601732531575,0.8647780543664573,0.9282171215082635,1.0281912939857842,1.074949147870144,0.9655030926786482,1.090622956718119,1.1410656239612154,1.0729643805100935,,0.9254988648959522,1.0417535254853625,1.016955077097644,0.8710243830534422,0.8973706351076132,,,
20210208,0.8769130244167249,0.7773436887225209,0.8560952582175594,0.7965336151499631,0.9055962024403618,0.9397499545741707,1.0045923357425144,1.0686966971306178,0.9255736690833726,1.0706683464605153,1.1315327713144334,1.0659793156619306,,0.9471915009349372,1.0027543625441502,1.0155541718971508,0.886370408889267,0.9371603590062463,,,
20210209,0.8335921134285558,0.7747486344237523,0.876084995792511,0.8289841806821734,0.921550744747573,0.9649030507238326,0.9895817171431787,1.0627887546852717,0.9048026992631103,1.0613864399423736,1.1226726067930362,1.0381887981466196,,0.95460706148606,0.9438757233729228,0.9760139933618394,0.915652025090595,0.9544711216121284,,,
20210210,0.9300446552347457,0.7998762315147815,0.913895631931938,0.8465203561792819,0.9359532167963022,0.98812045796243,0.965340437194821,1.0580883125029183,0.876457557858677,1.0454666178191403,1.0978286223675484,1.0664179782930348,,0.9826286653049653,0.943520492367733,0.9556877219434117,0.9465060173623472,0.9701294168610721,,,
20210218,1.0129506887268571,0.8563757323777024,0.9544905049524591,0.8925727704651577,0.9545272502684641,1.0013172042466472,1.0297193648472196,1.0743148268596656,0.9463337158328519,1.0863473526637364,1.1053514896415186,1.0785558124265737,,1.0066537713500994,0.9765311631754364,0.9756311273640673,0.9778880427182931,1.00945769599187,,,
20210219,1.083259563392405,0.9201618866349073,0.9921270976403734,0.9414575810385193,0.9762174002820466,1.0053804187557107,1.0818938396088371,1.089254823629625,1.0033094173085744,1.110497171713794,1.1103418138919066,1.0902917120977635,,1.0035757790469042,1.0005495375243847,0.9912647411187433,1.0056891343622398,1.0541765972854984,,,
20210222,1.1414864617531848,0.9781057368346161,1.0228271372095843,0.9807077645534759,0.9920132571388286,1.0141388263301951,1.1128141479224567,1.0737686047724677,1.0476701243876283,1.1375270095563519,1.1135078802489842,1.088844194727787,,1.0094508301105447,1.023378527252405,1.0147607110290147,1.034028688464881,1.0896717587066505,,,
20210223,1.1882256265128663,1.0224881661509042,1.0390205115915103,1.0142072891224279,0.9988799581345152,1.063651714004139,1.144387175137392,1.0642724961430232,1.093144833231016,1.1636141969570195,1.1232398462551838,1.0902410568947483,,1.0219095899593524,1.0380052041347871,0.9888334571261791,1.0592488985236619,1.1218106100416265,,,
20210224,1.2266278786827096,1.065650424855342,1.0612902356148244,1.0363861404958645,0.9694438279526328,1.023614146390809,1.1767741886753527,1.0717008384456173,1.1375954967306647,1.179751286029187,1.1295666025247093,1.0923186098609587,,1.0209906264784319,1.0573657681251987,0.961445785496434,1.0837784845296987,1.1420859080809844,,,
20210225,1.2586151043105445,1.0996905547098188,1.0900498800945049,1.0599133010466804,0.9632239402797463,0.9879144815930384,1.2040843312788798,1.0815883431759694,1.1729404805308132,1.192962959081122,1.1436945742557052,1.0923119643027044,,1.025641029931283,1.0746897106685496,0.9440539422506405,1.1058093130302844,1.1583418900129507,,,
20210226,1.289799047388154,1.1427544499883502,1.1277558197278184,1.10480842858321,1.0185650160080284,0.9556027398819606,1.2240018975246354,1.0868301170750307,1.2012732781841793,1.2077163859644264,1.1543295983700463,1.1049484788125583,,1.0521171229496837,1.0990958562586994,0.9437161317750965,1.1287738587592702,1.182733934090529,,,
20210301,1.316193467681117,1.179020149781311,1.1619455833394812,1.149523339738397,1.0670762470903439,0.9325703294661217,1.2491029203933266,1.1137478870177107,1.2311581887008212,1.2201931203790712,1.1734502737205574,1.1184209544162484,,1.077699586504156,1.1298231386057966,0.9412060937826467,1.1481907989421298,1.2118098230294125,,,
20210302,1.3371838905477431,1.212281361469036,1.187286507233084,1.1885352353830088,1.114882960387396,0.9506530120125963,1.2661944220562646,1.1379559033154056,1.2492645754333813,1.2402661003605429,1.1944866405855705,1.1449139911308044,,1.1204825495525483,1.1661116850459339,0.9660265165385887,1.147603957022229,1.2413488511849682,,,
20210303,1.3044758068797302,1.2366482006197892,1.2033114961668332,1.2221490476605317,1.1519634536070504,0.966945224608527,1.2754267588383605,1.1560767773745022,1.2588479807624102,1.2515313139056197,1.206386062556431,1.083305005007279,,1.1520224437981013,1.1448240742734652,0.9872566920316204,1.1387501286932808,1.265750268020004,,,
20210304,1.1551915384623137,1.2090666451882026,1.168331770022764,1.2172519286440837,1.1715717643752743,0.9865295656187688,1.1793480380787673,1.1565331853499994,1.1920756076724113,1.2279433351299887,1.1533698784643662,1.0562899827942849,,1.1658040642868077,1.0889383561864883,0.9948116379155355,1.1404479427338758,1.2334936672928716,,,
20210305,1.0472891553339072,1.1914926546141518,1.1571579082986925,1.218912757374175,1.178276452401,1.0057893421500808,1.0864003981812507,1.1428000992123557,1.13500607909025,1.2112699792188675,1.1074986281931545,1.0259914836633361,,1.1837498562972253,1.049346558739949,0.9937458127971452,1.1417873057852297,1.2048966986922898,,,
20210308,0.9679185250415071,1.1808334532575526,1.1537854859974082,1.2208521097232958,1.181698752702316,1.0213230706162588,1.0133332179955827,1.0985969323820244,1.041184201733705,1.1584908747966027,1.0415223142968888,1.0138826686664897,,1.191472001888115,1.0137240115957604,0.994620439062293,1.1271922202135893,1.1489298059643571,,,
20210309,0.9013919428115987,1.1609795132033067,1.1564726521980466,1.2206219816193202,1.1801013324728022,0.9888570608463038,0.9558398705399147,1.0636097580820014,0.9858393645374943,1.1359183071670274,1.0079969981807377,0.978972912380213,,1.1933831759824916,0.996617070043828,1.0261032615926575,1.1153518595593532,1.1090169973740807,,,
20210310,0.8478077169378195,1.1429431927243654,1.1575539736129403,1.2190878343190243,1.1870100266584702,0.9878106664530732,0.9114197200211742,1.0333151480141778,0.9407721634881715,1.1165447168228089,0.9814909313112885,0.9451733238736378,,1.1758984030377118,1.006699603744648,1.0543293459302048,1.1059043240511524,1.074993872566994,,,
20210311,0.8033097506552948,1.1240585122750488,1.1505685471111138,1.191287812675929,1.1449280167392437,0.9608797017297178,0.8792394047590238,1.0296500660501857,0.899477697187108,1.0636140782803463,0.9473325789021033,0.9260034321124001,,1.1433456291533977,1.0022071946915139,1.042671828240696,1.0958651150585745,1.0096332514871302,,,
20210312,0.7645819857385909,1.1007234736455804,1.1411518971537158,1.1644575828819708,1.0521286473007918,0.9447155499804798,0.8540740422458639,1.0277917604806093,0.8700119972156907,1.0177828462895517,0.9050442130500796,0.9100579491316041,,1.1154551912512676,0.9902189264784927,1.0314909834436266,1.0872129017663008,0.9561116745129272,,,
20210315,0.7350027692230836,1.082125456309873,1.1342314168988274,1.1349188464374704,0.9761763494156918,0.9291572920110511,0.8299837057851525,1.031092282814047,0.8447736985138908,0.9789944871847507,0.8610550046806155,0.8958181274237879,,1.0927335005168028,0.9656836923650958,1.0328614466651642,1.0680933250981284,0.9028268770964911,,,
20210316,0.7016938128383508,1.0417503087990987,1.1066603932264523,1.105191804625705,0.8958428249985187,0.8772615165162209,0.8107885609151596,1.0350585715574558,0.8261932567361233,0.9263926885817577,0.8181644136540335,0.8594919785352576,,1.0506812912489536,0.9469154272565291,1.028614783006811,1.0568858321617278,0.8612660753065408,,,
20210317,0.6931893355587416,1.0104043529527453,1.0873715936939508,1.0843720339020166,0.8331222207666932,0.8172417895901821,0.7911098141089685,1.0344741666136443,0.8116170973261022,0.8817532487837316,0.7884651438613522,0.8683543320483148,,1.0257628347290968,0.942878982359196,1.0483867506126807,1.0658633860931388,0.8307803704498398,,,
20210318,0.7729914957461659,1.009446403057355,1.0971599552322253,1.0812709832517822,0.7727545652616797,0.7767296753841467,0.8333729293491222,1.0370730317369337,0.8413088431915919,0.8591164799897408,0.799115480959151,0.8497026393002514,,1.009779636094573,0.9649438043724715,1.073175040454529,1.061560749987687,0.8343220056964884,,,
20210319,0.8276148344727531,1.000075800833866,1.088713738265248,1.0669518023656137,0.7796471846474123,0.7891360383124741,0.8821888956649916,1.0481377739651982,0.8700509953904637,0.8324038747274985,0.8179183009441157,0.8485028631265841,,1.00493649884841,0.9652299945674426,1.0873789947939074,1.0641724622012485,0.8400480024792952,,,
20210322,0.8457116580425724,0.9819710911378283,1.0749209831845097,1.0452986011277616,0.7901076109086002,0.8147340444610478,0.9028820287782962,1.0661916087036991,0.902681802654758,0.8311266569132992,0.858224987362536,0.8457323780553412,,1.0059917823331785,0.9586755062197652,1.1049179314927238,1.0574205906975411,0.8696407031645641,,,
20210323,0.8657836279862852,0.9734381954988368,1.0589349182100478,1.0221317565860373,0.7997723544579226,0.8619483470024663,0.9082483980237784,1.0771417180373994,0.8864380242164294,0.7694350113030108,0.8572533037111948,0.8589389233370283,,0.9982860092425508,0.9584914891156239,1.09325425572793,1.0488211274181167,0.8773035516655545,,,
20210324,0.8830737515366406,0.9665485889345354,1.045829970046841,1.0012638947928438,0.795692447752305,0.9013658673242507,0.9041893794209753,1.0835964418359059,0.8764792779469177,0.733383704928534,0.8646223874532344,0.8967933361387804,,0.9904751982574541,0.9213283779687276,1.0848107629993562,1.0390859341868137,0.873163547733487,,,
20210325,0.8976242519055803,0.9656123699079712,1.0408252178824624,0.9924220548251461,0.8174250817744273,0.9524937499097552,0.8588833712179919,1.0679005199793847,0.8575865798253643,0.7140697357245226,0.8768338007437513,0.9209515424251263,,0.9864773001718672,0.9007554137699395,1.070524773029201,1.0186736632885496,0.8829620674765228,,,
20210326,0.9129935404145845,0.9670523820913294,1.03543670081043,0.9918975966277064,0.8727924877893697,0.9913333919206615,0.8221635873459483,1.0635336062489222,0.8226621485722783,0.6996015186302761,0.8999346524537188,0.9420343655232959,,0.9945274118568445,0.8884325472786758,1.0679929473825525,1.002145819801825,0.8912300713057486,,,
20210329,0.9111955769782567,0.9674398814258502,1.02273545296389,0.9923047748355945,0.9195298946891474,1.0226036645169785,0.7840197727906385,1.0021735495562085,0.7882734602509256,0.6893475960622297,0.9277497416755865,0.9625935781732711,,1.0012457956945044,0.8892716694815237,1.0609719930863222,0.9785801491030148,0.90797658317335,,,
20210330,0.9233896671228925,0.9844102882520278,1.0227664592368413,0.9916446821967015,0.9661502305454043,1.069922609774084,0.752716447246204,0.9543728798174546,0.7625430325793622,0.7100625651031434,0.9581551132979387,0.9983535987156759,,1.0127437823636587,0.8969437160906744,1.048596464986832,0.9598929702254133,0.9029446876983489,,,
20210331,0.9259833624215208,0.9969693929461575,1.0219128777957343,0.9843920857263964,0.9942141974773354,1.1103972081623628,0.7296546772220832,0.9192540126131495,0.7426771369949144,0.7257375960599762,0.970332807354579,1.0299277114462102,,1.0083534913627619,0.9070605347691307,1.018285927318454,0.8833394461080226,0.8934597660467275,,,
20210401,0.9262896031019784,1.0057780298527408,1.0177841589819296,0.9822367565821853,1.0314586704168769,1.1558733597270023,0.731247845374869,0.9113167133101415,0.7513048667689983,0.735567219417111,0.9895012639058028,1.0668852981967487,,1.0068042415792495,0.9138041406387821,0.9936004608004887,0.841392099895207,0.8825015311832316,,,
20210402,0.8957689520887774,0.9594054240919204,0.980282722695398,0.9029582575033578,0.9949725077246487,1.1697760653248739,0.717313095009032,0.9051619907653997,0.7430224551112709,0.7202285498991043,0.9445565710091101,1.0850559160776676,,0.931327227861018,0.8652767767327911,0.9695309736081061,0.7884568734142005,0.8645586061969052,,,
20210406,0.898478458989801,0.9531865529941121,0.9532344985065853,0.8617497861085929,0.9581341702561169,1.1727218709262515,0.7195674226496728,0.9097149549988718,0.7541074493286726,0.7023581940889961,0.9052459869943815,1.095536346297422,,0.8699636419187586,0.8286573097249569,0.9527703014245548,0.7603975686297801,0.8286180345420566,,,
20210407,0.9029665328375055,0.9535579721848375,0.9372552347871945,0.8408204986906506,0.9287560741116622,1.17395197986901,0.7101272519407841,0.9080125753646622,0.7668591148807238,0.7333803846242855,0.8944260063656455,1.0989018970595266,,0.8298557024096989,0.7998755094084465,0.9517552944042784,0.7557853252274104,0.8098941797480175,,,
20210408,0.8979449882477607,0.9420935646381936,0.9099351261574626,0.8292789030134836,0.9244469931823148,1.1752645476406745,0.7331208763931606,0.9077267391287365,0.790599694055659,0.7566841664349787,0.9081807101456372,1.0629623075977992,,0.8385467313511622,0.8081262272059856,0.9361863716886084,0.7537725260598804,0.8045630141433209,,,
20210409,0.8938930076323808,0.9315959833487435,0.8852210264240417,0.82000736217356,0.9203248676456448,1.1722208650545431,0.7898361487599417,0.9221800212174396,0.8214886671454857,0.7962634721657238,0.9262806098209756,1.0186904655318278,,0.851429596293058,0.8078198934642912,0.9643617499624093,0.7701639667637427,0.8043459213700119,,,
20210412,0.8879325459517575,0.9249415671913944,0.8654085425701334,0.8141010042795577,0.9240814040544333,1.1733609724277918,0.8591623535912087,0.9115092844178566,0.8702500855987018,0.8368286247652422,0.9390309990303628,0.9903642064686738,,0.8372050223715962,0.8679462133948485,0.9505654787464899,0.7741332770564718,0.8126281075543937,,,
20210413,0.8952209606710996,0.922247386501908,0.8558296417438778,0.8172176667438907,0.9269284784736201,1.1826748744233302,0.9237151621199127,0.9388451768144357,0.9099702375284129,0.8646284926936935,0.9421170585598952,0.9503705479976675,,0.8294366464450426,0.9183676814913613,0.947279466825297,0.7984267545393833,0.8097310939360659,,,
20210414,0.903248365446044,0.914469029894464,0.8494570521727821,0.8404388198823446,0.9326168187394263,1.1724757527205178,0.9812528975606388,0.9514016459859825,0.9417005033536054,0.8640217371398775,0.9461356532954049,0.9032787605658926,,0.8335883288193683,0.9511624812934226,0.9473083149431646,0.8130280085372856,0.8313913038588218,,,
20210415,0.9219380901833646,0.9180779311843864,0.8505516748223136,0.8587009995731248,0.9267869181259959,1.1563217215973276,1.031639349488342,0.9515888845589204,0.9720290247806828,0.8794703800474577,0.9561444355180889,0.860482875435551,,0.8484637651237911,0.9770514542067655,0.9604942306301859,0.8746630453422074,0.8556444883176789,,,
20210416,0.9301475370576662,0.917462212770309,0.8432445915476946,0.8742080184753666,0.9165800328851355,1.1096104852381043,1.0553118145493185,0.9225745229380291,0.9699483016354541,0.8912950278094359,0.9272176337179083,0.7824661376471194,,0.8586764123507367,1.0006612013835385,0.9707357991456568,0.9130453125555342,0.8743181647263042,,,
20210419,0.9603055024510148,0.9420789812357784,0.854279073018199,0.9387252876149468,0.9205160100906046,1.0830967940824308,1.068652436739994,0.8893279299866681,0.9772408865848864,0.9020362703362794,0.9469325292167108,0.7341288808178685,,0.914539396396646,1.0472461027996751,0.983432327149654,0.9757413533097641,0.8727694481341451,,,
20210420,0.9438765045767123,0.8996623725470672,0.833721009703456,0.9690843315018718,0.947107856729863,1.0587003542810782,1.079048810375425,0.862166179819552,0.9838872183875009,0.9233484226813851,0.9617378370140883,0.704074433474771,,0.9588692002599737,1.084496510569427,0.9900623809561246,1.025194337079649,0.8927457400310215,,,
20210421,0.9323416216628401,0.8847259101894193,0.8314939322815035,0.9911870825909912,0.9685705252141122,1.0438777319820214,1.0869731891928416,0.8630464731267927,1.005201428323848,0.9389400189072864,0.9717449636224054,0.6792857125488108,,0.994507353548564,1.1157608113878583,0.9971753425364482,1.0509282297379519,0.9294649783279028,,,
20210422,0.9353705744173898,0.8871408819891298,0.8579903400301925,1.014758773194231,0.9586709048352828,1.032172608107922,1.0984986875154783,0.8924694046179221,1.0279246002445537,0.9643213333841663,0.9612527806443232,0.7015889120080325,,0.9748039743319813,1.1404890411374276,1.0133237866219884,1.070323737298271,0.9567277724873888,,,
20210423,0.9385213419455342,0.8902091877494542,0.8814271059024514,1.0359986836293762,0.9408078908646541,1.0201145575231445,1.1065619165901972,0.9045605049736236,1.048289032931932,0.974050020015596,0.9391178167732411,0.7369147246623537,,0.9534617666234929,1.161625665743887,0.9564883387130312,1.0652271388326853,0.9875546968764671,,,
20210426,0.9483608106579265,0.889714764139729,0.9029084199930856,1.0400615633290349,0.9116198302995082,1.0016896858579512,1.075854232210176,0.9230649956543486,1.0502230379614803,0.969040388216602,0.9284390470073303,0.7130547061278308,,0.9466973299789975,1.115035582423599,0.9100212239317147,1.0565703951545662,1.008573463470546,,,
20210427,0.9520069733366875,0.8833133818735288,0.9112458699213237,1.038349298571609,0.8879538736364776,0.9245700939052851,1.0391191744460226,0.942612771657334,1.058679272401053,0.9720393446276674,0.9249455968046831,0.7028478709170558,,0.9533726980988746,1.076036089836278,0.8770463902904281,1.0582220021179318,1.0315623264508007,,,
20210428,0.9431342553464781,0.8819346380883517,0.9154653102639008,1.002231522636392,0.8704236411632353,0.8686778033332561,1.0037632332888973,0.9609308246280012,1.0652267865350313,0.9884423009331552,0.9081458848083913,0.7082918205753999,,0.9567862257327748,1.0521460719502251,0.8468265725547772,1.0608601483786213,1.0392371129841722,,,
20210429,0.8973190376411389,0.8510594470368529,0.8914622476631129,0.9664140609330049,0.865466039948391,0.8187579079188883,0.954954334485828,0.9827657123326293,1.0515605460225494,0.9623672221431715,0.8950108696662672,0.7803219602704804,,0.9419449684181743,1.0130137687574001,0.8224393971853096,1.03730857485436,1.0442180163196342,,,
20210430,0.8584475034099979,0.8315388334644478,0.8777988796416749,0.9313937260080053,0.87034239634546,0.7673900955877131,0.9344842289428413,1.0182482761465284,1.0604763916140532,0.9459033057596529,0.9114144421500507,0.8780952430927843,,0.9345007629125108,0.9662565630299841,0.8092201287616049,1.0181311372752917,1.0480320305299746,,,
20210506,0.8456718481351401,0.8293789229155797,0.8823031749236837,0.9157757203638011,0.9047660208320217,0.7311601080811642,0.9559439589632582,1.0616546180616038,1.0796334601332174,0.9544749332450418,0.9309663096329588,0.955631950163771,,0.938963966641737,0.9690996436549717,0.8307987506486659,1.0040303355425353,1.074067462194792,,,
20210507,0.8573852847797583,0.8710857932809271,0.9102558032667626,0.9143197429892405,0.9234788849652107,0.7276433156567843,0.9824255321353593,1.0969744075200838,1.0936979362740273,0.9494030356498099,0.9587866286629471,1.010821383902059,,0.9435151346294017,0.9730807361497344,0.8509885928096125,1.004994373255441,1.094480555913878,,,
20210510,0.8618233799993684,0.8577197063905456,0.905297575417373,0.9058521131966174,0.9373480702926085,0.7050579319892766,0.9863039631131592,1.0953802044687546,1.0743525277323989,0.9100722542498969,0.9861632487323132,1.0536235415634716,,0.9378647806501588,0.959507191755515,0.8761555626027868,0.9923075633835872,1.0627735084518162,,,
20210511,0.8664786939579316,0.841996206544532,0.8880753208323485,0.8645269191166679,0.9858919886615617,0.6845806396637606,1.001855950049498,1.0712456300216235,1.0688703573442322,0.8968112644030674,1.0013468129297982,1.051720676459166,,0.9675377351461355,0.9491146413961126,0.8765335279354418,0.9893226126321989,1.0555188805906879,,,
20210512,0.8899579845344606,0.833544003502731,0.8879030406769775,0.8563437566015348,1.0306631531615293,0.6719176324556871,1.0150862431183791,1.0545499021642784,1.070273035469791,0.923929110561975,1.0212169325390044,1.047238986340583,,1.0005193752121295,0.9572377689436259,0.9058653625905422,0.9993757874165383,1.0502912986874235,,,
20210513,0.9014290893872948,0.8315230387785959,0.8876289525765697,0.8667720058425504,1.0781262261484323,0.65945994294675,1.0547236649238343,1.039687613955496,1.0888346129988409,0.9697949822239609,1.0335876635785737,1.0577956582336263,,1.047668242275477,0.9936213583850861,0.9533674101724039,1.0267010166060535,1.0560080721616385,,,
20210514,0.9257165829217578,0.8536733748704295,0.9142588698076606,0.9135017456963187,1.1191496892012311,0.7179587509245895,1.0923186205166433,1.0272948028710642,1.105000612523752,1.0190316994032984,1.0428640118875334,1.07024206392713,,1.0640276690788417,1.0286111890970777,1.020358275479404,1.0468537506716251,1.0713814105404431,,,
20210517,0.963086693604694,0.8818491516255258,0.9438311342287496,0.9887315866953792,1.1501596163228678,0.7659750622671855,1.1249614800275656,1.0197637832926572,1.1187296722691287,1.0599704247642572,1.0561388072666975,1.0703566775701112,,1.070089350517735,1.058563739281728,1.078456462618914,1.0619075068799044,1.0895179888123685,,,
20210518,1.0118450888274713,0.9230637774364192,0.9800263578620503,1.0514754657384309,1.1757078013206166,0.8130124543495306,1.1587460065422426,1.0083198040996446,1.137243974242736,1.1012732234810438,1.0662157681793543,1.0762684216516614,,1.09577248592385,1.0901358569827682,1.1260182861544115,1.0857022820672653,1.0984545327585735,,,
20210519,1.0618373104380958,0.9708634857852826,1.0192284916409537,1.1062786515907952,1.1957765898116324,0.8763621872523498,1.18145926064814,1.010583361915411,1.1480828202239997,1.1370356266432138,1.0686662998396597,1.0777413084059082,,1.11711369767991,1.1204660992382143,1.1752429493202048,1.1134453442262449,1.1063997047892034,,,
20210520,1.090688745281054,1.0039208841004335,1.0488148528278174,1.1511499701303751,1.1739856387021244,0.9163689123902753,1.1677694586134881,0.9937850967149294,1.125155893997721,1.161907769745571,1.0490275150603279,1.0661111013171194,,1.1272664170732494,1.1380076902032186,1.2015017632696117,1.1019911296315112,1.0918981115746897,,,
20210521,1.1134922835189087,1.0323139615651904,1.068817958132174,1.188009960805973,1.1709971885661343,0.8843550079785397,1.084685230300226,0.9646023003716874,1.0841559040006257,1.175763966485618,1.018805921098057,1.0585259458482967,,1.1329930953731824,1.1472919862741462,1.2220522277286683,1.0921074268054591,1.079673023146645,,,
20210524,1.1443043633005323,1.0779138211307489,1.1116454925838883,1.2203325529498825,1.1629185616757247,0.8639378948332312,1.0243166261140861,0.9464974244775388,1.0629683120274214,1.1869639352134722,0.9791222060037981,1.0583833426728706,,1.1437556089696812,1.1651104678854636,1.2081322362479543,1.0906579122731848,1.087021878735555,,,
20210525,1.1702986254195311,1.1211077220764236,1.1478126441776562,1.2526727711875536,1.1407523076142163,0.8497293967975986,0.9773278038131102,0.9556414893811211,1.047740490563253,1.1953875522793431,0.9623469177965114,1.071566739269422,,1.1522844055835888,1.1799857941070258,1.179115930256713,1.0940409125338058,1.0891475280523273,,,
20210526,1.1722595945898084,1.150825285548363,1.163829864775875,1.2688947104774737,1.1200863302031945,0.8398822497995275,0.9205813309219694,0.9598496535450609,0.9855410720354608,1.1450342557681092,0.9445633589585872,1.0663494170994559,,1.1449878513502867,1.1492322952195995,1.1169231539186601,1.0497797244406517,1.071283300132463,,,
20210527,1.174940166983736,1.1741613405548859,1.1761117392722285,1.2809266319356518,1.0569068806653015,0.8589409988114866,0.8655149333384974,0.9610409026534025,0.9379475251520704,1.088429049610388,0.9455026545557147,1.0648596590823165,,1.096989309799064,1.1264720174642462,1.063995002078319,1.0096908680657803,1.0332388906389685,,,
20210528,1.1605098735516053,1.1846500943717606,1.1702366373344535,1.2712714353329273,0.9462804813658604,0.9254279640368376,0.8214773112716841,0.9672038099592656,0.9016346170071491,1.029454336490793,0.944536171729929,1.0753411569498865,,1.059785850171911,1.1084955828150964,1.0316712270021624,0.9928851839172217,0.9670518070971418,,,
20210531,1.1383629441471086,1.1810506268115715,1.1589341276882112,1.1617502876472519,0.8800625162386948,0.9846846954504161,0.8034811097652277,0.9868174529484528,0.875716016921511,0.983771908103612,0.9496003058664155,1.049894813755801,,1.0325486992771578,1.090532647102549,1.0130694020284017,0.9714862065128386,0.9173006810352141,,,
20210601,1.1279275712227712,1.1764810132820325,1.1549517339122188,1.0882583019810994,0.8269763483658287,1.0261825165000156,0.803733402136266,1.007444024905209,0.8654589631509475,0.9514431684171398,0.9597672956774602,1.019626476730692,,0.9996624239054731,1.0764923625189085,0.9907961961230464,0.9864539549809017,0.8870508286308588,,,
20210602,1.066307249060839,1.1448129941875258,1.1175771767167486,1.0250144143220976,0.7892934118987505,1.0596942761208292,0.7915607250882362,1.0194630912789087,0.851547325562685,0.9281672655359562,0.9702676698126195,0.9878380293865388,,0.951812479639055,1.0647750065915402,0.9366871328381423,0.9548246751905436,0.8609037687307574,,,
20210603,1.0114154220094511,1.101331710334963,1.0795844493866051,0.9698753267483015,0.780493247628591,1.0928514113561623,0.7878433178978439,1.0204390606376441,0.8363965304554016,0.9120772933072225,1.0018077682648536,0.9612783134591693,,0.9152031701825497,1.0465126094596042,0.8974945934542597,0.9273427890037653,0.8458475476230924,,,
20210604,0.9289598139680841,1.0383795104981073,1.0122900752801625,0.9221652638192191,0.7473326268898582,1.1463038676350172,0.8256419616503492,0.9983537418184689,0.8354651902866969,0.9046550876418874,1.0188814514532654,0.9532470941852857,,0.8767931408450161,1.0321493830430002,0.8417002353261157,0.9126508617542902,0.8454457469594314,,,
20210607,0.869495877649165,0.9727218127745795,0.9260900221909927,0.8875991490526767,0.7387781763050661,1.1869147014296169,0.8792607907247564,0.9986518298662744,0.8508725333374894,0.9217106719365985,1.0482543812057004,0.9461915119021861,,0.8542234639985035,1.0113029317343665,0.8187749464627074,0.9036884303262275,0.8470510713474776,,,
20210608,0.8313649188330237,0.9075493065263013,0.8681302085079773,0.8569749484021357,0.7373050909315921,1.2169453732995452,0.9234141591877105,0.9978931413132899,0.8641829998430928,0.9370179814342199,1.06670976138773,0.9363149694266177,,0.8238559594368886,0.9929535218241864,0.80645932303071,0.8938086176795266,0.8513944079602249,,,
20210609,0.8118421757586144,0.8642836779739097,0.8287792708566882,0.8392760068258499,0.736251433210522,1.2322982284026764,0.969692093288676,1.004656019455435,0.8980458419878927,0.9555952200389635,1.0812832879667162,0.9358175204687589,,0.8121937830398718,0.9694159445614204,0.8025027368585376,0.9179383960951812,0.8633000222683038,,,
20210610,0.8207791148723554,0.8333613781097677,0.8197433868303036,0.7968417591746071,0.7664104436963101,1.2024275409633907,1.0039893172936738,1.0101702626722031,0.9025274221872779,0.9659060014008614,1.0571870386628903,0.9343582918958226,,0.8236900009672725,0.9132324197773554,0.7937367637648619,0.9510167595313348,0.8752342545803816,,,
20210611,0.8386150948576033,0.8106023975611107,0.8211622704257517,0.786618690958786,0.8175326233031296,1.134414961249761,1.023700338681535,1.0134945111470117,0.9105058561402651,0.9803738043128079,1.0407151857813666,0.912916762437012,,0.8495844044382129,0.8677726004822968,0.780367333856791,0.9689724964827853,0.9138946120515702,,,
20210615,0.8581159005481381,0.7955166990483129,0.8248626366942164,0.8358565153800295,0.8497028920977321,1.0915041530834433,1.0257831524333012,1.008247996126226,0.9151867512953616,0.9836218834026713,1.0122342651854617,0.9081717873785236,,0.8688701891818,0.849016239862568,0.7747566448312008,0.9877413298816939,0.9351998050200556,,,
20210616,0.8644846369812587,0.7766417967252599,0.8194812527650653,0.8557475834372988,0.8796272482180354,1.0582103339133877,1.006051505093582,0.9906954862043567,0.9022264076664458,0.9754932564957205,0.9795510204967031,0.9146461920398665,,0.8960274185762036,0.8320881768939564,0.7811791301441872,0.9185852411692528,0.9403412783115058,,,
20210617,0.9021126598133739,0.7794229036947494,0.836273130903349,0.8747777496255198,0.898982112885785,1.0310541709584644,0.9996595701556898,0.9665533788881785,0.8961612350198362,0.9644912739912954,0.9530055448381798,0.9230884692726226,,0.9296305982376607,0.8017150868333036,0.818880770284209,0.9045967501231514,0.9399200148828696,,,
20210618,0.9299148531873038,0.8070432238400302,0.8499082115587483,0.8993512581339215,0.8803223938524879,1.0090033106891003,1.0043493261335241,0.958855093958141,0.9097884287347854,0.9588830891423612,0.923126306503626,0.9309071317729369,,0.9748100677776812,0.7870292664998285,0.8504570186085675,0.9027148094021742,0.947017279722147,,,
20210621,0.9698308723962844,0.8520201584264331,0.8849021445819134,0.9208323418281048,0.8931713952298129,0.9434678084097663,0.9999549598516695,0.9694502665552308,0.9087418345797379,0.9540632411249264,0.9131080167313647,0.9208155680372265,,1.0152268695499798,0.7720436918343865,0.890309081854007,0.9007118288615129,0.9403464406462106,,,
20210622,1.0094344996709832,0.9071403697080471,0.9467822235348212,0.9324006044926318,0.8699298605969502,0.9194980364515699,0.9067936156790976,0.9597911133364558,0.8356166843195447,0.9286797773715882,0.9157822487212024,0.8968466723001884,,1.0434895652722425,0.7802085243217173,0.9212545464775478,0.9038061456529343,0.9487505184979369,,,
20210623,1.0358249556743073,0.9611451883907184,0.9925221101105071,0.9366280964140328,0.888812066043413,0.90195618772315,0.84059397824427,0.9657300265845906,0.7774762136821021,0.9122340411219306,0.9241209370080053,0.8738750292092073,,1.0673889335753342,0.7865253989819065,0.9484531487990011,0.9115845502228767,0.953344235411632,,,
20210624,1.0449233226461694,0.9941720389399912,1.0249100509720788,0.9406749331993975,0.9047344676534058,0.8957254617824122,0.7827721461167354,0.934186770763665,0.7304633333426438,0.912529680857619,0.9315119696233806,0.8521224979932124,,1.086596395552817,0.8088887409004427,0.9865679685695398,0.9223727673069716,0.96507762436371,,,
20210625,1.010587867514779,1.012993277027368,1.0175298411473823,0.9475747347286685,0.8990439766601105,0.9112727162843742,0.7560573329583669,0.921384072218375,0.7140678632115535,0.9260484471073401,0.9351825540138566,0.8592448616451797,,1.0976457924941987,0.8548934452228109,1.0229975949465961,0.9081861917114346,0.9798950681078914,,,
20210628,0.9777275220323816,1.0283443616187957,1.0030434669597956,0.9362318269109495,0.8958631410988038,0.9457920007416559,0.7531128882054999,0.9206222414228994,0.7012903298919033,0.9424817398649545,0.9366046515126205,0.8892731650016029,,1.1042725582397825,0.9045444613598613,1.0558136943905616,0.9144572537014136,0.9908471453018559,,,
20210629,0.9585483556720842,1.045406617938363,1.0030625636028287,0.9287408935200645,0.9339073251165169,0.9397668390388912,0.7645164160809753,0.9255378299258906,0.7329423040052852,0.9561063115210485,0.9505876288229068,0.923372071875,,1.126130163848983,0.9307927271792847,1.0602221973455273,0.9240924831223479,1.017017454952768,,,
20210630,0.9323328068229987,1.0572128932731863,1.0012202268850727,0.9306858016545371,0.9662237956209198,0.9360171278689554,0.783609673491605,0.9365948137516371,0.7675815238241235,0.9713434936899803,0.9663806420271452,0.9467180001366938,,1.137405431385296,0.952890906747802,1.0398781873865297,0.9741522239101312,1.0402748204746008,,,
20210701,0.9103172382461353,1.0652672301388153,0.9970400778220662,0.9363870982718335,0.9997977466547002,0.9320781213267535,0.801270769065971,0.9426185678818403,0.795649906203333,0.9887334180043582,0.9766189734422054,0.9637431136196856,,1.149423556907813,0.9822403814125813,1.027757192806217,1.007301667832157,1.0635085788245588,,,
20210702,0.8917678268921237,1.0216925185916388,0.9773643605899036,0.9122829920656668,1.0412420405122143,0.8942287935356424,0.817897799516102,0.9426097186708895,0.8122892519841474,0.9919122468256961,0.9749529357720573,0.9769804647571797,,1.1131458720851244,0.9865437257491007,1.0098714536634943,1.0364063660587899,1.0416714310165747,,,
20210705,0.8739274644753029,0.972444718533905,0.9510374973877388,0.8917800417666318,1.0695846953678319,0.8762202618191058,0.8336961402056927,0.9205971418738006,0.8429981978854878,0.9671172030581819,0.9605875163114,0.998975998891827,,1.0957439206482213,0.9858656828568338,0.9994447520622419,1.0616544292046328,1.0405355137118666,,,
20210706,0.8482770329007783,0.9104420430616207,0.9151539473881578,0.8741759521404378,1.1059220291098548,0.8432520875975125,0.9080485150645992,0.9222377032122087,0.9157672817106193,0.9593108182013074,0.9559375774163595,1.0310786655716677,,1.0777131191996057,0.9349055752540604,0.9898623260237369,1.082697580352878,1.028846300384445,,,
20210707,0.8763118171190093,0.9225531229986854,0.921619714800656,0.8952506277439627,1.1243560143992752,0.8148741350086133,0.981938712259625,0.9168666582998154,0.9838756506704154,0.9720046808579863,0.9384754194224069,1.071191403788701,,1.0925871433623286,0.9262300784176746,0.9819933581209579,1.0977133500806588,1.054866513650823,,,
20210708,0.9053252994076605,0.943359548618835,0.931239217042824,0.9147578390198952,1.1406573594901708,0.7673575503981113,1.045768848692412,0.9139062032163828,1.0405710512978452,0.983944128509816,0.9246428807019051,1.1102003837585646,,1.1083905061073733,0.9207018364318339,0.9427158748625417,1.1015514725483846,1.0643965622314462,,,
20210709,0.949837833715612,0.9681346597265541,0.9592238493428252,0.9204909868185841,1.1544773549307978,0.7607462107737206,1.0879328644132351,0.9060561987643807,1.0802809249181522,0.9841725255603261,0.9265645985253461,1.105995073689802,,1.1062633138455702,0.9258039493859993,0.8933786772407755,1.1066132395240889,1.070666791214945,,,
20210712,0.9969571285571707,0.9950718120491118,0.9980656897826939,0.9420084425490929,1.1647941242666089,0.7529397409393366,1.1079208148205135,0.8849448538204518,1.1134138161816634,0.983180773173925,0.9236107555865344,1.0973270402935824,,1.1081047176964556,0.9133236661189167,0.8550865810226808,1.0960484630079144,1.0788740712012665,,,
20210713,1.0308477140872787,1.0148878483289305,1.0161809377828293,0.9611740091619845,1.1375415195781997,0.7719101147162907,1.1196320692262949,0.8691634752775852,1.1216935074172152,0.9890402834189549,0.9174122862278058,1.0931952346711697,,1.100369618738957,0.911189747837298,0.8457092164492751,1.0782638365628285,1.0786649042088676,,,
20210714,1.0678919457061422,1.0381381311672002,1.0368235163409603,0.9782123920752903,1.115114108915358,0.7795299429849175,1.1310481100618155,0.8598007238471665,1.1328263883954048,0.997012759008787,0.9058410699128656,1.0919974880062548,,1.0988385280506225,0.9104071207920549,0.8575812422043819,1.058852108255977,1.081819829126991,,,
20210715,1.1046958102574655,1.0709061839732292,1.06972730130383,1.0103971261977367,1.088432880789425,0.785363397805586,1.140431988850361,0.8761230243075533,1.1380498742124316,1.0059075595082314,0.8758878125624615,1.0984709388357186,,1.101497712425412,0.9177114972046772,0.8742901552856582,1.033732713254587,1.0890511435805796,,,
20210716,1.1233835880208203,1.0994546700758714,1.0939139633169983,1.0397967657606644,1.0654525194503486,0.8137649449738159,1.1550824550590868,0.8955092593927421,1.147004765031702,0.9955952217065133,0.8454643284251093,1.085106219155822,,1.1179089226067027,0.9432778121955016,0.8916454995153392,0.9907061327570489,1.1091178199655296,,,
20210719,1.138514983083813,1.1251075671163975,1.1154893539035964,1.0557624317595085,0.9885102572366772,0.8733498053284892,1.1724934853211533,0.9155581262661611,1.162431890810083,1.0022875383017544,0.8410164641605141,1.1019488116549356,,1.107962542703363,0.9714785437713261,0.9050777504464164,0.9590346520489299,1.0931194687823178,,,
20210720,1.1572278692262625,1.14828315099459,1.1431218645347336,1.0667766026915235,0.9782290670612338,0.9556402780711568,1.18656883074672,0.9283086545891808,1.1786339859851753,1.021800810116664,0.8745018134254712,1.113548048217119,,1.1028530618324996,1.0286104866714993,0.9202903697178968,0.9161993628816814,1.0849446030563137,,,
20210721,1.1257547710158036,1.1457408667450608,1.1451861228482172,1.0585980987226764,0.9769237082222832,1.0269414490293713,1.1457306806241858,0.9498200313029735,1.1528179431162022,0.9914394422449833,0.91539209973039,1.1198779282784197,,1.0834414422227894,1.0316826612156844,0.9348264481894134,0.8802569905133795,1.0565534567649835,,,
20210722,1.1088220320585627,1.1482214735548584,1.1551510424576215,1.059236295374394,0.982995874665103,1.092246293344121,1.1102665985810092,0.965469552635384,1.131245556009213,0.9549586670915314,0.9581301860026187,1.128352495400737,,1.053371693073551,1.0213353934572995,0.9666330067008385,0.8573246961543546,1.035446158169818,,,
20210723,1.0929168868334427,1.1501588437647499,1.1603513207498286,1.0634639698895432,0.9965310064890776,1.1265177709204115,1.0705337003619446,0.9827218602189842,1.104110504128743,0.9407119950979486,0.9940793702169898,1.1452689287878521,,1.0348958005023468,1.010763588259291,1.0022011634479187,0.8626008017016793,1.0208055519368615,,,
20210726,1.071653453454628,1.1499260235517752,1.1562296401268761,1.0624338235138544,1.009072118042817,1.15407345087421,1.0496420368633539,1.0059077631794748,1.0969586026936198,0.933234499318762,1.0239347341472507,1.1633967302642083,,1.0218912471816552,1.0184523353590846,1.04545180746253,0.8764070267748768,1.0127891892457568,,,
20210727,1.0590951949704601,1.1496156678638907,1.15904248975555,1.0716188607450419,1.0320614613139933,1.1764696346271004,1.0318401444690393,1.0352892221751302,1.0970704393327781,0.9249913189286577,1.0504313116164539,1.1728778575179026,,1.0128240710636793,1.0227271154680317,1.0689692556976258,0.902646032470255,1.0008910247034832,,,
20210728,1.0461041662716888,1.1469656387707505,1.1564925087191689,1.0861922152592378,1.0509750653328926,1.1995424812817215,1.02260593830517,1.058907313369201,1.095597542536599,0.8920960666811125,1.0713757692516348,1.1799970613267816,,1.0055169161773598,1.020304820561441,1.0776563749208996,0.9336478439231706,0.9915482433790068,,,
20210729,1.0082334973534655,1.108478348642412,1.1285943945430574,1.0366322561270411,1.0690504156903178,1.221551451984369,1.0125917114739822,1.0467275201516122,1.0850233645089304,0.872158352065104,1.0973977485426218,1.1714048283265062,,0.9839784523358103,1.0131522320877524,1.0889876228085333,0.9642690086369531,0.9734212013700816,,,
20210730,0.9795999190760634,1.0741638137706586,1.106834104715725,0.9974437309489161,1.0751197778135717,1.2391107897559157,0.9914296921756328,1.0121555060785428,1.0755412443666095,0.8695219766729635,1.1250154492838549,1.1716148175267205,,0.9674781959593265,1.012410521435051,1.0890851689903152,0.9913009251248728,0.9636379981024782,,,
20210802,0.9568088707570561,1.046669065908901,1.0892486022998327,0.9676572166847074,1.1147717478677717,1.2119533804354004,0.9636127236321721,1.0048524678554442,1.0555291287537298,0.8764955903313442,1.1368022651146281,1.1423354510777741,,0.9646061284610586,1.0165985990037099,1.0899194230059046,1.0154030950802488,0.9691415481893267,,,
20210803,0.9116489863537176,0.9892189548580219,1.0392881514923724,0.925399464021842,1.0382706704153593,1.1278553694922662,0.9460650420627098,0.9991375277624491,1.0447361745650376,0.8841991028930617,1.1064509975675065,1.0744889557597201,,0.9394533521986795,1.021165586771654,1.0948554424678782,1.0496162430717406,0.9427058006540167,,,
20210804,0.9015407626596217,0.9546397784580347,1.0132009057238507,0.8996407198322033,0.9804642123554249,1.0850650150664913,0.9540867834190176,1.0037612598319428,1.0499807248491237,0.9139411741774177,1.0843151734101593,1.0255355753267636,,0.9068345250649835,1.0392765730636357,1.1098602765308154,1.0669347908804885,0.9152943887723177,,,
20210805,0.876690767799983,0.9342437903348012,0.9730193850436412,0.8748204950344985,0.9391350633949426,1.0502173518889215,0.9607316982820038,1.0268114088712426,1.0526648449575744,0.9415074174965282,1.0366309808732115,0.9650217196601052,,0.8981110823571092,1.0498420657525724,1.1115116754512353,1.0774779422397331,0.9094194726691743,,,
20210806,0.8539775925066546,0.9173519256271275,0.94594256615196,0.8698708734341432,0.9193062248462582,1.0188027954638152,0.9821435538256217,1.0428906327983334,1.0688739955465743,0.9669678464044463,0.9951697979159689,0.9241758231442987,,0.9149308409701377,1.067809249624769,1.1198659982695875,1.1028872949268471,0.91460183612691,,,
20210809,0.8500210602354747,0.9159139308303275,0.9360388558073112,0.9076882376997683,0.8987851790333921,0.9798988395830869,0.9806169247075809,1.0566494860376876,1.059539936908964,0.9887689650105436,0.9614752228565849,0.8909447604847467,,0.934540250618317,1.0822152694200782,1.124630961785689,1.1238075094355675,0.9151351788123656,,,
20210810,0.8444787832492794,0.9134556144174409,0.9202312120382329,0.9295970465558696,0.8809394112916197,0.9492507294399187,0.9927352971030768,1.0595516951098187,1.0558394652798833,1.012691660849672,0.9375433026000405,0.8781042244442268,,0.9544086570167781,1.1009825168544762,1.1182951427656296,1.1219488462929286,0.9245245152035715,,,
20210811,0.8473191848882157,0.9161787196338265,0.9154868645572778,0.9418197348879642,0.8713387306103922,0.924105036478954,0.9957968207834406,1.0625074388625715,1.0513529851907764,1.0483190108786518,0.9375641217793623,0.8730614243534727,,0.9699080247331799,1.119998393476875,1.1146436198507759,1.1158747205715709,0.9307980909020065,,,
20210812,0.864162477311894,0.9335728879597921,0.9228901559054635,0.9782928103211579,0.8671674490879618,0.8988341452875753,0.9954826861039017,1.0770743238380185,1.0406657717236647,1.0584233662080942,0.9358666564498507,0.8773441948641861,,0.979835553846459,1.1361849933795238,1.1248124031814732,1.1139522350382862,0.9373247746455083,,,
20210813,0.8793243032369807,0.9494930325080553,0.9289267609873806,1.0078671975512985,0.8698627522467054,0.8778071768357447,1.005989589189084,1.098643397205614,1.0308821752163877,1.0673308936953718,0.9279953078717637,0.8623823552534932,,0.9875024869834438,1.1164091983708075,1.1380358048427712,1.1239911591936822,0.9173717300810207,,,
20210816,0.8956543903115372,0.9625114779420991,0.936574803265227,1.0331311089563457,0.8712985068611074,0.8458443792256931,0.9912098969680436,1.051426357795424,0.9976352734445136,1.065126186232076,0.9212133317220376,0.8666420087603169,,0.995941913048998,1.0619995500880157,1.1413575029320298,1.1186948106775454,0.8964018169185283,,,
20210817,0.9150833760322501,0.9827992403930772,0.9494722129963972,1.0604947749895783,0.928346965460953,0.868819814277166,0.9277958398780115,0.9786870371363869,0.9259437387030202,1.0582435522076055,0.92679721757624,0.8925472356100299,,1.0102566882487785,0.9828342279306945,1.1285190749093417,1.097174240539918,0.8911377543927882,,,
20210818,0.93445660074521,1.000658765593447,0.9650665085349297,1.083837844152388,0.9652366542297849,0.8071876163034282,0.8871541932135503,0.9525516639589185,0.8668347788821334,1.0282002962284231,0.9148484095663784,0.9095942171743074,,1.0306836748566965,0.919956121120627,1.1125126870616733,1.087881893835965,0.9167810287363451,,,
20210819,0.9684564265728578,1.0176894705095165,0.9905768007970319,1.1099147223490688,1.0121207263042964,0.7595819712805162,0.9136330034349088,0.9168052324022075,0.8729799657324383,1.0089679470148154,0.936532690263373,0.9398080146367885,,1.0386895418896231,0.8844716447489243,1.0876935069553935,1.0585989184855713,0.9083699158203922,,,
20210820,0.9817158664809046,1.0127119963709421,0.9922193971911816,1.0977818067253227,1.0221783126158597,0.743923378626636,0.9376576598299,0.8888170668614699,0.8751985460087174,0.9569655558445047,0.9568000859592438,0.9635471298677055,,0.9740968416329534,0.8559771455712136,1.0641590729258292,0.9860541446039167,0.8618977350282216,,,
20210823,0.980511277044753,0.985625307515236,0.9771743609347158,1.0261327957162951,1.0376012232383482,0.7410543971805374,0.9717822450836848,0.8625900279115226,0.8923209933783837,0.9281776888604463,0.97402015667458,0.9825670941285451,,0.9048136907782689,0.855997702056836,1.057223344381936,0.9290671778853334,0.8258915466345569,,,
20210824,1.0110414722416667,0.9903315324352568,0.9965369341271111,0.9823401050114433,1.0483064712214465,0.7423364346279837,0.97383196399378,0.834411664813619,0.8846747932040906,0.9025781313139492,0.9851112080772786,0.9708659476117448,,0.8536392340664025,0.878091532899468,1.0365072389035441,0.8908649383990608,0.7915198035410663,,,
20210825,1.0302482666840715,0.9898356960160398,1.0058880563238588,0.9377118732164911,1.0592379491617632,0.7447413795018271,0.9817250727999377,0.8086388740160337,0.878306017439216,0.8873126406535542,0.9823574785836652,0.9093916427294682,,0.8142052522159373,0.893811105833668,1.0225806319378212,0.8609716224675636,0.7663909644666969,,,
20210826,1.0465553998732964,0.9896758424573378,1.0148220421454932,0.9041305796223662,1.0768958814802267,0.7524832864954635,1.0006945009908046,0.8003191811317301,0.9016258405252323,0.8892439248450414,0.9837260040486311,0.883645206911392,,0.786272975884816,0.9172181146630225,0.9871703334574256,0.8595141054175885,0.7637874291935719,,,
20210827,1.0609740348826888,0.9895012049083668,1.0214877004974878,0.9067815740164799,1.0844455772258825,0.7596722262448857,1.0081669626828218,0.7965730881038869,0.9252810826839608,0.9269480821625408,1.0063693827189562,0.8998139451108104,,0.774012227160341,0.9569632535421766,0.9609276091224972,0.8397012864943681,0.7969078769384172,,,
20210830,1.0563504688265177,0.9839822722698912,1.0048464591731834,0.8980946305540067,1.0960436583370137,0.7425757024227866,1.0319841324985644,0.8450545739853861,0.9630438983328014,0.9710638194823958,1.0286274890951448,0.9122043142522008,,0.7493482268351216,1.0084706253984412,0.9444740790164116,0.8281640733483266,0.8212374456272327,,,
20210831,1.0546161679838582,0.9842930376461467,0.9985171248312873,0.8908132329726762,1.0891814815084702,0.7298421610155135,1.0576490047995057,0.8859813339740399,1.0036396613408434,1.0066009085491152,1.049585398238996,0.9257310284450091,,0.7309596124987496,1.0610140178209382,0.9420847728567037,0.8238465891288406,0.8277987938456931,,,
20210901,1.0532492445232593,0.9843214208018298,0.993427587384934,0.884186418419374,1.085943419605415,0.7830225457475777,1.0839390527205297,0.9025192425735876,1.0456724373047432,1.0454287031529645,1.074995031244573,0.9369208416439209,,0.7174357143067611,1.1087404102671017,0.9456251711213676,0.8217817113028153,0.8283899069389348,,,
20210902,1.020203631644204,0.9348618549340287,0.9598538669597658,0.8458539746919561,1.0485394609608278,0.8734829548810729,1.0842131011877423,0.9422210864205486,1.0524357751514726,1.0545665922675438,1.054657371230119,0.9329657693529777,,0.7056476142216633,1.1423224006788182,0.9518464462143678,0.8303337265559743,0.8424335343878858,,,
20210903,0.9918194410517398,0.8983742648194771,0.9347118678082303,0.8132517487136267,1.030258943215413,0.9367229997632357,1.0842494738178363,0.9754982189077539,1.0584863044116748,1.0661875302419728,1.0377558117822112,0.9110885706535111,,0.7546020390598884,1.1696323887986553,0.9785601365299198,0.8715762635080275,0.8887266296667845,,,
20210906,0.9987339948997431,0.9079371603429272,0.9488124858043081,0.8511907542395785,1.0066567860301452,0.9822650380458597,1.0857690354996206,1.0039671361076192,1.061789988759817,1.0735236161281982,1.0122956534359848,0.9155290272657357,,0.812749583960164,1.1501011338748375,0.9849884040846747,0.9056793891246907,0.9308682394416614,,,
20210907,0.9593660410599917,0.8755539186439084,0.9213787885384805,0.8747881976791062,0.9862546539096102,1.0181326673457471,1.0979840214913452,1.0439053396909446,1.081594120752052,1.0807335971407117,0.9935548598660322,0.9294127809263661,,0.853046854253219,1.130951155008492,1.0032441726882213,0.9637556334739973,0.9676814900510622,,,
20210908,0.9272525677052784,0.855045853645264,0.904221724925286,0.9036584706550859,0.9785850084488378,1.042526481657031,1.1048481344478944,1.0776429830956877,1.093844795271733,1.09184768367257,1.0014524596106917,0.9456578838615755,,0.9051612638167734,1.1167500056009487,1.0286661454948582,1.01001300374835,1.0315369397342602,,,
20210909,0.9003377593727141,0.8388602124267573,0.8871403597105236,0.9336316174948024,0.9465422781773636,1.0547169338254456,1.0880070780228808,1.0801376014092878,1.0451914414993964,1.085466825692564,1.0031510732692124,0.9553847140240713,,0.9493833377904757,1.0697390041743446,1.0526437211972475,1.000777122174805,1.0684141664663667,,,
20210910,0.8830168784794235,0.8294089542946003,0.8776971730267447,0.9380886312501066,0.9190785594181763,1.0652575298918585,1.075791148464422,1.0686166529442032,1.0062597730699863,1.0196564951200617,0.9899414818265452,0.9607806373646463,,0.9712632065783822,1.0475528657309252,1.070094606863359,1.0092313164685671,1.0912872901055053,,,
20210913,0.9080277676120692,0.838518413410345,0.8977116972619741,0.9476540705878636,0.8964001743973026,1.0977047072911765,1.0642248992266594,1.0660372023929925,0.9735918899248336,0.9426275211414685,0.9893866593476542,0.9682250850536556,,1.0092707750920173,1.0276140897314368,1.0904145912580878,1.0204097576276603,1.1163839777817646,,,
20210914,0.932749383126723,0.849324433768708,0.9162136938217026,0.9602318712799283,0.8990092047217483,1.11648380146922,1.013034831684509,1.0725486695741162,0.9316145731429044,0.8901063513202165,0.9953025805492527,0.9701188589497672,,1.041034120373994,1.0118157286385736,1.1034915590966445,1.0431744550301212,1.1424497482995952,,,
20210915,0.953049752540056,0.8564897441516384,0.9228404865247396,0.9695972735549422,0.902342637050888,1.124109861643385,1.012241917947734,1.0914620456356123,0.9523691482800318,0.8525820262309013,0.9984779408042702,0.9781826713849565,,1.071547265127338,1.0015383530703614,1.1112320065027443,1.0658199174718221,1.163411650162449,,,
20210916,0.9866774992812288,0.8996798086148362,0.9445305262345578,0.9986168163149979,0.9214624978049415,1.0977838066804224,1.0270734691088574,1.1008000204748178,0.9884576656699998,0.8172026099769556,1.0259958502036206,1.000159845075473,,1.0904612339630222,0.9967518840381058,1.1169686249162842,1.082056465284638,1.1866296451260185,,,
20210917,1.0066891990375062,0.9203505278142778,0.954914938953914,1.0308460304867262,0.9439524645912399,1.098883575367044,1.0514345820850666,1.127454985904754,1.0274841970711663,0.7953577476512147,1.0607618078995704,1.0223800671121954,,1.0874958831711208,1.0119920654726309,1.0754827156332838,1.1124542709626537,1.1880142049943554,,,
20210922,1.0033965220119028,0.9056110572170547,0.9327035246810599,1.0442171680687293,0.9871127091945177,1.101706323126292,1.067307234814691,1.1605692513414223,1.0556602968830784,0.7784781334361482,1.095791143515461,1.0014175908573104,,1.0873072085180275,1.0470297639268509,1.0622368749119795,1.1471244611600855,1.191894343091194,,,
20210923,1.0254023085708037,0.9108694515899843,0.9263601339631625,1.0582913678543846,1.0233498863403847,1.104995818499804,1.0777118151121752,1.1819603581688416,1.0763450590265053,0.7705104954679634,1.124750567999116,0.9841024457925485,,1.098067479308969,1.0655889260028346,1.0430495589176427,1.165084623164153,1.2022233641357616,,,
20210924,1.0395842059218907,0.908259740563774,0.9135909929062291,1.075568297187023,1.0141513984374038,1.115991127168919,1.0881691271848433,1.200772044567034,1.0990961017053285,0.7651510792763094,1.0885095313849915,0.976672283012432,,1.0622013568820337,1.0830116106632375,1.0198145349578582,1.1856014503311114,1.1359891615249653,,,
20210927,1.0510453420805288,0.9057154851877013,0.9052315116574072,1.0680555533506655,1.0335047930604064,1.129206350821849,1.1025427927406997,1.2283511070017485,1.131043547319077,0.7995881834725725,1.05813188836169,0.9814789708267451,,1.0322595134775776,1.1201337225239474,1.0087868467605892,1.2178550915437265,1.0889591846675102,,,
20210928,1.024412253377007,0.8815604739826012,0.8801399323358081,1.0705462640092382,1.055407078839237,1.129735922205308,1.114553724956152,1.2512471685874498,1.1509589732025154,0.8591764098494368,1.071619624068211,0.9946085033168545,,1.001053777150098,1.1372442659970634,1.0039156207729565,1.2417720368589114,1.058138266094586,,,
20210929,1.0388399877613077,0.9147009111252024,0.9074008621799676,1.0790738468938113,1.0740750563333392,1.1264772986834501,1.1298699696882393,1.2604948058083407,1.1755719508512128,0.9398506480784915,1.0605517084961373,1.0314732548454733,,1.0080265997548734,1.1576277071871095,0.9727376300535457,1.2593436634366026,1.0567428894699764,,,
20210930,1.0516026418018056,0.9419494629490182,0.9312507054034992,1.0812072881355599,1.0850295395841836,1.1282375054428548,1.1626540004784665,1.249879503917013,1.1975845588442073,1.0101410560700292,1.0680655055545862,1.0619946532359446,,1.011631947639636,1.172831877061785,0.9476312993113422,1.2624723830872702,1.058678033815867,,,
20211008,1.0788839245179807,0.9934721520287692,0.9788872476534565,1.095704099741277,1.0939375893152514,1.1339663917218339,1.1638798448939907,1.248463531682099,1.189261803247611,1.0681747335754173,1.08564270128398,1.085519400889328,,1.0460991696139181,1.1890048217469504,0.9414586355583904,1.27245718935158,1.077773468277924,,,
20211011,1.104020113179904,1.0388222685774484,1.022671092455311,1.1083518966797292,1.1078719766354634,1.1329933872246027,1.1636254070124146,1.2460472155242852,1.1780413333202773,1.1124231715964403,1.1067799444452089,1.1056848756322089,,1.0810917562905047,1.2002024476248663,0.9437323208673268,1.2789991845078683,1.0947716364775388,,,
20211012,1.1255230869296413,1.0794051447006185,1.059892954656872,1.0825163768025834,1.1141329848303247,1.106521926759281,1.1472460915343106,1.2118743156995062,1.16740552108694,1.1450651146590078,1.1065431742390015,1.1274661125375622,,1.117764420214576,1.181210316208585,0.9685163750257886,1.2687350781972446,1.1061836534046343,,,
20211013,1.1573152395616906,1.1228596273675608,1.1034543762676314,1.0764779072672572,1.0837605000744621,1.0841537695094612,1.1518611800899248,1.2213830414458788,1.168089563097439,1.1897218446896238,1.1110345260802859,1.174382848683268,,1.1451276129315437,1.1874068779023867,0.9918500724154817,1.2285738243958304,1.1183048192792353,,,
20211014,1.180368793081669,1.1610807202652556,1.1426583760632514,1.073100415093458,1.059548054456935,1.0654686753208769,1.158317047819774,1.2346743615332012,1.1631560483717518,1.2250356464784864,1.113497164463027,1.2127923704268513,,1.166580860412309,1.1985782689690239,1.0109652146677492,1.2014898169222281,1.1278269724197043,,,
20211015,1.1994892233162164,1.1947675835128164,1.1771207416249636,1.0548079742154874,1.0582948121619464,1.0372011464415207,1.1627204195867402,1.2452254716565863,1.1579533518719014,1.252685383886596,1.1332532980916952,1.2430075394717628,,1.1919410347435095,1.2058575876098803,1.0117187417862865,1.1680563942026772,1.159135988778551,,,
20211018,1.215039124951207,1.2223805767479774,1.2064565363368398,1.0526086287355214,1.0504577845306349,1.0015007374528657,1.1638269250978048,1.2311427898881044,1.1492545637952782,1.2732781127033856,1.1511404002458867,1.266045215962854,,1.212928022536449,1.2014920159886557,1.024729150951946,1.0955425677414183,1.189785238412987,,,
20211019,1.2190638058550998,1.2443073054136193,1.2308981945337445,1.036107872061515,1.0568545961198017,0.9841181071182522,1.1541306463361964,1.215072526128669,1.1189357033251277,1.2899799938697034,1.149633446484025,1.262375314522161,,1.2316274876024762,1.1956869970030675,1.0373526786886573,1.0440217761666242,1.214036297317647,,,
20211020,1.2042719608081316,1.2341733307753482,1.2042606156692643,1.0301338170584535,1.059778991045816,0.983812330586195,1.1506914294387047,1.2073973580932287,1.1028675452073586,1.3035401871497554,1.140028827995101,1.2536662559962943,,1.2320059777896017,1.201111441920078,1.0653058462659142,1.0194396809969575,1.229715098780861,,,
20211021,1.1922565044044697,1.2256811454125995,1.1831212314635262,1.0261522869759778,1.056615513535298,0.9742454052344979,1.0836285371711298,1.1911357638589852,1.0477610689291688,1.2992362774231936,1.117456524247139,1.2422953964052914,,1.2338382415176834,1.1703489205630522,1.1024856643142222,0.9951952454975322,1.2405335984895676,,,
20211022,1.0872508946212889,1.1147938400108122,1.0655137448119167,0.9515081429760344,1.070090196628597,0.9579790389208299,1.044032756760604,1.177850350821655,1.0189379885712073,1.2944971346699652,1.0746985380518745,1.2169142674770668,,1.1598149930267232,1.1456938413837232,1.1222182259049585,0.9695538905488316,1.2192266919846597,,,
20211025,1.0102126871550061,1.0425703164137738,0.9785278796546077,0.9196890507155602,1.064283451925295,0.9543680979838759,0.9893271744082327,1.1188949753437978,0.9621052755499012,1.259516263768209,1.0312837076045231,1.1693241618152506,,1.072192206880032,1.0723237783873376,1.1046132106984725,0.9360117547770458,1.1632919567334328,,,
20211026,0.9452089354527633,0.9833448223992448,0.9086688540182132,0.9265128914204546,1.0661026910447646,0.9622088600987276,0.9485357670517431,1.0603627310507073,0.9204696957237388,1.2292369528852942,1.0031844799366596,1.1287326978113648,,0.9804864602705394,1.0098542934767645,1.098699877587609,0.8943536697216716,1.1166842768823286,,,
20211027,0.8965281773867935,0.9347570920334733,0.8598366126377692,0.9269116444373567,1.0703498115249268,0.9694812379418732,0.9152082747437508,1.0059078659003682,0.8903899759532472,1.1934191995373993,0.9817289853301987,1.066350637124169,,0.9328124935269866,0.9740682788040815,1.0639054539461965,0.892198533008415,1.0753680616720724,,,
20211028,0.8663236597402892,0.899869762382041,0.8325098263496332,0.9296553391375671,1.078858627815127,0.9775535759153542,0.8931956293662252,0.9881003750421209,0.8827805797989358,1.163376023989212,0.9644325975211465,1.0123989718805775,,0.8960819938439569,0.9431453496875678,1.0350162287435674,0.8967562395847009,1.0362113307602017,,,
20211029,0.854021400505302,0.8766573485491302,0.804288304224336,0.9457219134779059,1.084135207642228,1.0110459555509883,0.8728286803482606,0.9733219913694818,0.8714122339419911,1.1168762182839453,0.9536895128384415,0.9492535715227879,,0.8373336618519039,0.93364023891277,1.0135379922908276,0.8986628976278469,0.9481622569121456,,,
20211101,0.8405994372190465,0.8487200755152233,0.7806238835299318,0.9455398682299831,1.0961262669094196,1.0455752677559582,0.8558106657273841,0.9591770746197804,0.8671057416994311,1.0550246730433135,0.9448517188869827,0.8932911432633096,,0.7886055734907844,0.9244814824280707,0.9951724711187654,0.8986537809167852,0.8873477261330942,,,
20211102,0.8495072040044486,0.8361041815519215,0.7762304809926145,0.9620601578143483,1.0561778390430008,1.0584508932610952,0.8489351807087927,0.9452351717540429,0.8780332499681391,1.013328280128657,0.9453373051587832,0.8563237019681398,,0.7557542116803325,0.9231750738190133,0.9262644590137507,0.9013286881988624,0.8471381439805201,,,
20211103,0.8736759072430265,0.841261103220278,0.8007401411395849,0.934895881672545,1.031909933722853,1.0561129633855328,0.8310818283002191,0.9361640919297167,0.870641034731901,0.9644236723282046,0.9539048574424024,0.8221699940711569,,0.7358924190979272,0.9094723140488626,0.9390868477933605,0.9425406581811014,0.7849883546898145,,,
20211104,0.8941530004284212,0.8501350579207404,0.8275610196921114,0.968477047448704,1.0350014494867783,1.0579754231655931,0.8510316205949847,0.9359808540363996,0.8935800306737197,0.9295771201692933,0.9695173979403457,0.7857698173329409,,0.7208950382082561,0.9126044962452565,0.9436028972648289,0.9819613924313605,0.7332035081835119,,,
20211105,0.9586591091348113,0.9138952838576956,0.904651438795249,1.0219382680205549,1.0294653072509876,1.061561200657559,0.8759653997862338,0.9428064593705837,0.9037935595340182,0.8996900068828187,0.9955041395463009,0.7741993375407731,,0.7466193497708783,0.9179272239223779,0.9543072986670396,1.0141767221321216,0.7044165914183101,,,
20211108,1.0165788872721677,0.96770507815535,0.9746702243651626,1.0550458266415923,1.035212388068013,1.018384638937961,0.9051769921244349,0.9748381782705501,0.9193399536699055,0.8940279004673802,1.0036774170615894,0.7982692356076306,,0.8166244220188524,0.951842209142681,0.9780619531454264,1.0388662398471669,0.7173263709810941,,,
20211109,1.0648684922267553,1.0124576773887894,1.0325985187118938,1.069742842664999,1.0280551724186233,0.9961459857147408,0.9297738681795794,1.000836360547594,0.9337009664538255,0.8873929621350434,1.011094752239491,0.8164669111401174,,0.8815260773855358,0.9821179078306878,0.9935461844015557,1.0642847627649317,0.7282635726288192,,,
20211110,1.0958097295397522,1.0522638399069983,1.078396791086623,1.0880299575900945,1.03212008824041,0.9954947266257208,0.9056067550415304,1.0095768892414034,0.9100776907952338,0.8485563759906009,0.9948147890461257,0.8290639622645273,,0.9089981247905196,0.9434635583615745,1.0218862732495184,1.0815361405979216,0.7341373249708183,,,
20211111,1.1099354181353793,1.0845078280857596,1.1102547319017397,1.1025109274753724,1.0199409201128726,0.971107950283565,0.8847994952073004,1.0025610129237308,0.8867278955286942,0.8056797019651439,0.9906540242639849,0.846425758179422,,0.9420951380513889,0.9021992112659704,1.0499620351273513,1.1015444103675656,0.7385445509163009,,,
20211112,1.1151670552785398,1.1082619322750944,1.1374055142629478,1.1179258555677591,1.017745197435326,0.9231817511300109,0.8684347692881792,0.9935199678328597,0.8696903400844126,0.7765191197276973,0.9747042564441176,0.8735654990601771,,0.9887886053774274,0.8844079800517606,1.0671063284159954,1.1229706715228587,0.7844138474785064,,,
20211115,1.1223226299285254,1.131565692426071,1.1608158408521496,1.138781317082995,1.010544256207192,0.8822266345055586,0.888167250639979,0.9931505159049642,0.8851104808690605,0.750075961367489,0.9673260647829565,0.901119014336385,,1.0284584282552627,0.8733234660745145,1.0762155371883395,1.1312616140434077,0.81344264906551,,,
20211116,1.1214220395545045,1.1435698390631859,1.17203089143756,1.1361884492293377,1.0205414186611095,0.8583525753940959,0.896295536147332,0.9861025102211862,0.896887060411217,0.72555314775545,0.9663551421617578,0.9371036355944594,,1.0583870443959829,0.8698279995131301,1.0590206767776698,1.1361381783587203,0.8330690494413484,,,
20211117,1.103014231187719,1.149278291756079,1.1733227842922214,1.1480945061030716,1.025703298875613,0.8414619901330037,0.906092618699756,0.9824519224628631,0.9009355548936491,0.7185285373379315,0.9619562919505924,0.9621444478259252,,1.0721658977054358,0.8674991904990451,1.0169901168438442,1.1004358189218337,0.8635721722458909,,,
20211118,1.0916179204347807,1.1535691740241836,1.1643852094111593,1.0858264138510283,0.9380211808855258,0.8465147373740385,0.9092131595444156,0.9277915865365889,0.8825543391225177,0.7182619939506265,0.9585344349376971,0.9683611505810891,,1.0874388328636344,0.8694467613851308,0.9822223685346441,1.0529452580113354,0.898848306271858,,,
20211119,1.0919898693532009,1.164971783024872,1.164541479402665,1.0275965938020624,0.9151817321594796,0.8523953805698904,0.8958606515620312,0.9046234995405766,0.870909234239709,0.7269179360205887,0.9720195837812692,0.97837263118981,,1.1032317434228878,0.8643272265689809,0.9618213643056372,1.0163999807198487,0.9293027943597872,,,
20211122,1.0701157502436873,1.1501645705715304,1.1533452733517766,0.9901915837656138,0.9043014280331542,0.8833552269853224,0.8885478802715651,0.8871393438882387,0.8687156114300267,0.7306016643127481,0.9833471794972138,0.9852436074570968,,1.0890766690626337,0.8589266584394677,0.9444576220216424,0.990416694992856,0.9361143915462975,,,
20211123,1.0520150065921272,1.1393766575430444,1.1452886186390456,0.9627670670805678,0.9015592644031196,0.9065800101180373,0.8937706237805224,0.875414240621409,0.8681564777043795,0.737686345202538,0.983344028650923,1.0060101427359944,,1.077873492260385,0.8564949137368619,0.933787462185094,0.9706263089298813,0.9402360391566331,,,
20211124,1.054788208297326,1.1350366567815011,1.146045751197226,0.9401466829621041,0.8985721793494588,0.8676228142634194,0.9265642728125536,0.8783908299050311,0.9002376100798903,0.7728538568469931,0.9924639231005178,1.0361156067275041,,1.0751161662052156,0.8877371585868497,0.901434117483111,0.9512691786512805,0.9592228905094076,,,
20211125,1.0565171427802438,1.120779299193568,1.1337417808089636,0.9229574360115187,0.8998750359165955,0.846440726496468,0.9528400200928416,0.8831677520604432,0.9225606151125196,0.8152426451362355,0.9906055994631658,1.0612945100702285,,1.0511166494843616,0.9191905587463827,0.8408374908927714,0.9034226189437119,0.9691293917928708,,,
20211126,1.0641952922512232,1.1135006614818443,1.1304653442826647,0.902428507726598,0.929391520958549,0.8360823097146652,0.9786800392087744,0.8895050853467372,0.9409860581445963,0.8399809768612765,1.0042456446352475,1.0914529513488713,,1.0472817635066558,0.896623777949789,0.7943390883256557,0.8440452050437072,0.9812451561835631,,,
20211129,1.0778355584585195,1.1150109498576248,1.137120080505925,0.8971447105478668,0.9578580919389038,0.8313564839591733,0.9630033564831256,0.8920963800165045,0.9008273680554654,0.8814729174061456,1.0086790119095776,1.102911707428159,,1.053544933694106,0.8628708544968743,0.7599503409976349,0.8067623343511995,1.0145534293067575,,,
20211130,1.0852963567251885,1.1184546639464141,1.1441151548133512,0.9045328008244676,0.9940333424561029,0.8005028142862918,0.9618826804699556,0.9001396023261785,0.8825750772746511,0.9161172171511901,1.001934780656281,1.1252746051647167,,1.0605068952490375,0.8357416125939315,0.7577864677570005,0.7748924207957191,1.0437082985288342,,,
20211201,1.0959363238932487,1.124955285800394,1.1548104030481394,0.9177792963735449,1.0262252625175312,0.8290722450889808,0.9765529511212083,0.909116145190857,0.8974955900759566,0.945639456999772,1.0131009622262555,1.1348720120854978,,1.0766789383049287,0.8234854985472316,0.7722622280684353,0.7708023123711704,1.078770928158098,,,
20211202,1.100012016496356,1.1239966101838004,1.1660321022376265,0.9543437345263704,1.0877846870388885,0.8593653324614979,0.9952570033737451,0.9602956380486983,0.9267910918211687,0.9565670792272349,1.0187056947044935,1.1483228679351611,,1.0838827146691117,0.8291550646476664,0.7866589202533901,0.7841725934191849,1.098878251040185,,,
20211203,1.0748677938625797,1.1062792646176334,1.1604105928812443,0.986584422420447,1.1006411823474764,0.8931693021491972,1.0197865459032411,0.9474646773260602,0.9494175996854193,0.9542738441645102,1.0158361388521553,1.1368124492668852,,1.0731605547271441,0.8377340532034355,0.7951465568134004,0.769946950406107,1.1116385153793609,,,
20211206,1.0685972076693737,1.1028133428297395,1.1532272039521443,1.011553522953883,1.0784541022348204,0.9387156872665412,1.0406700788380385,0.9400329912239368,0.9705244159849283,0.9542758428680366,1.024490368896026,1.1495449810659628,,1.080920430825924,0.844920404130591,0.8089083038140528,0.7641935207773322,1.129049442476245,,,
20211207,1.0708068553833179,1.1037826163108666,1.1480922530058935,1.0450420534978102,1.0593477292432318,0.9765130424823502,1.0367709717110087,0.9355569054261992,0.9861332745960945,0.9589867067563576,1.0378797997840028,1.1483911485050875,,1.0957070645046556,0.8504041360939387,0.8259233865841028,0.7580193703506737,1.1441465250445044,,,
20211208,1.0407244686129717,1.0834478389290478,1.1176680565690995,1.064422573272587,1.0423025401499104,1.0298851996971874,1.0343458738436355,0.922587650713034,0.980795029256245,0.9651699981533042,1.0494655548530638,1.1323268013958716,,1.1037677427090127,0.8566504097246518,0.8563649626318965,0.7853050370903514,1.1399317936341817,,,
20211209,1.0224520335441167,1.0747886008544758,1.1021008481637833,1.074014723350327,1.0230893644554417,1.0826486023790667,1.0334749199290836,0.9176723974232817,0.9770308002741852,0.969492833392279,1.0658661517993047,1.1191408851132632,,1.1208130611098552,0.8590184851704835,0.9100642852748185,0.8418612551617876,1.1360515528112083,,,
20211210,1.003450392351809,1.0643929306814084,1.0820932358468032,1.0844799659021194,0.997996856016277,1.1378902267138549,1.0202891661669462,0.893893343762438,0.9715557103037932,0.9775378120759327,1.0550008505040227,1.0968976978296436,,1.119319822297545,0.8751767055949864,0.9565497605270584,0.9001184943694921,1.1201064780103391,,,
20211213,0.9594503514516823,1.0408482651272815,1.0280364434445406,1.0600437707139911,0.9814579874099362,1.1717468675965823,1.038184419017021,0.8698610111277008,1.0144358919764713,0.9881764640235414,1.0368503919966594,1.0877705286087944,,1.0990612676899336,0.9139004783082201,0.9883836578479982,0.9368797664115727,1.0670261363025901,,,
20211214,0.8965215671799707,0.9861313674592672,0.9417032133164088,1.0260571545767891,0.943338511587459,1.20079906610118,1.0381003493506034,0.8430936273943986,1.0231345313473048,0.9932186940196231,1.0170030067818048,1.045086111819449,,1.035751654975487,0.943991701378597,1.0108140917918054,0.9716301042066229,1.0035668087842622,,,
20211215,0.8482857355168933,0.9488544502543282,0.8808881590136516,0.997891698587092,0.8975296768222679,1.1491809848450505,1.0445359922350599,0.8214140281287867,1.0249727442402206,0.995429180684228,0.9988563883043622,1.0176681351461054,,0.9818441318502015,0.9550674841559497,0.9860009433094049,0.9889772709448035,0.9475050413353928,,,
20211216,0.8091938185231764,0.9142391433944554,0.8434179942665077,0.9785923329600892,0.8320324840606893,1.11194827054167,1.041582587154515,0.7741813942530147,1.0252741922533362,1.0054086809566165,0.9850117265828753,0.9981403392268426,,0.936913969355442,0.9540105520251746,0.9681769192862774,1.0217588572407832,0.9121813497102957,,,
20211217,0.7840977363219372,0.8927140207832726,0.8152113271453071,0.9627637300760367,0.7961364961399631,1.0860217857026626,1.0329864496897376,0.7737081101893865,1.0264279670020224,1.0140635666346947,0.9623028456443375,0.9769164737327942,,0.9059978717515697,0.9561532445306952,0.9621212700956041,1.0663064593451421,0.8841442125271599,,,
20211220,0.8131911795049951,0.9017273286975579,0.8376349660857197,0.9537338340228488,0.8038022251216176,1.0672902212769106,1.0204319485318933,0.7724566121280678,1.0254174165350192,1.0317259983078069,0.9416092373489038,0.9309384508465328,,0.9042649941102697,0.9673435670106074,0.9575586224383817,1.0984903577451093,0.8851511529353069,,,
20211221,0.8286932719523054,0.8988938346905859,0.8541537757122719,0.9309760693193523,0.8096679856045447,1.0421605118142527,1.016000454350712,0.7772714703119149,1.0253757731873319,1.0375422827448886,0.9136703126378153,0.905852939058219,,0.8907128857551326,0.9742656945578194,0.960592882998751,1.1288532397855742,0.8865275631430923,,,
20211222,0.8564339550810591,0.9088768506505416,0.8845474488642698,0.9155432139439219,0.8163559879716447,1.0154284396283115,1.0054620424035663,0.7642139225908363,1.0254852391102223,1.0416543894197072,0.8919229499048241,0.8902733349713197,,0.8885995840870504,0.9822259202383162,0.9564119434962561,1.1181240906067125,0.8974992389899387,,,
20211223,0.8800383419170542,0.916628756395147,0.9105053846722353,0.904463029230705,0.8114625640513129,1.0195186607459736,0.995655317952616,0.7569142496698267,1.0303020009872688,1.041835248761413,0.8833224065600768,0.8681877631578443,,0.8786125868184372,0.9810932442998024,0.9528352802942626,1.0686355694541043,0.9033938904466935,,,
20211224,0.8976075244966174,0.9182897835485808,0.9326477497125945,0.8854824982955692,0.823842900734728,0.98478626935193,0.9639469600212244,0.7735417737185586,1.0226403098727177,1.0388750699858469,0.8944717358051268,0.8569151596780308,,0.8722203265528718,0.9976204394273712,0.9488359306531443,1.0356252127397043,0.9080711869455332,,,
20211227,0.9312385858954333,0.9147048070875725,0.9668723293982985,0.8918452695926996,0.820698182126679,0.9557569541884782,0.9590884168981418,0.8130806013489141,1.026183849933033,1.017697402878462,0.9115329889238215,0.8472877327812827,,0.8733542815632277,0.9964392468718319,0.9388469406559083,1.0121580166104702,0.9290449503359026,,,
20211228,0.9822401013952367,0.9460557844867489,1.0227422213070914,0.8982777301032671,0.8493710355967342,0.9319698079198693,0.9638070273399268,0.8636379702094958,1.0403536172096086,0.9992429474757997,0.9288468210977424,0.8635646222953943,,0.8989697773404218,0.997594871699673,0.9325697069033727,0.9921770156712941,0.9642016441034962,,,
20211229,1.0182876737347335,0.9601125503040435,1.0596518994335853,0.8916198301040639,0.8765572715302896,0.9424676100764594,0.9393781953251715,0.8846985708638451,1.049128867979214,0.9871193614940338,0.9506443405363207,0.8732103592405258,,0.9180291314403576,1.007053290045283,0.940133762871411,0.9609353610656768,0.991128024134508,,,
20211230,1.0444068189179931,0.974827508635876,1.0774489548031334,0.8559012547380539,0.9238127508751621,0.9507301133690139,0.9263162788821249,0.9295415985983956,1.049666710870112,0.9760585788928292,0.9718847297161791,0.8837415990320449,,0.9381602647488593,0.985633725543564,0.9435691488971633,0.9005170489874116,1.0050729661799729,,,
20211231,1.0670277232605028,0.9858665196752867,1.0939245124386527,0.8176537179703849,0.9553290520814184,0.8911707310009483,0.9189245861133344,0.957949989378624,1.044921977626897,0.971388028044456,0.9914547211834741,0.9102049702783188,,0.952893555305813,0.9636789780134453,0.9436788983754011,0.8445324994670265,1.0173787835747279,,,
20220104,1.0092297997827275,0.9460849129693724,1.0326643996276612,0.7828169742132598,0.9267038989681942,0.8467132981177907,0.9328649457922655,0.9899596128179514,1.049758553487814,0.91615883174801,0.9977180113195895,0.9255667265738752,,0.8918461895519072,0.9814903081523202,0.9338390166269893,0.7867024575598431,0.9626382245917853,,,
20220105,0.9624938146855239,0.9181030450586068,0.9825718568481068,0.7638611075922204,0.9050230742250092,0.8160765472091188,0.9569170918172802,1.0147494611070693,1.0554743671296454,0.8705929173491266,1.0104988770601848,0.9342356342527702,,0.8410814578962905,0.9940347153440027,0.9115038790270804,0.7288808662291509,0.9189039561148339,,,
20220106,0.9263728158738961,0.8944128991470985,0.9378430638006066,0.7484263245711508,0.8999603832567691,0.8006743782267467,0.9817397351212833,1.047471566921254,1.0627311898598004,0.8357645765485111,1.015253661829732,0.9386889046893026,,0.7904948660761959,1.0044169111835324,0.9311098036448062,0.716231499391697,0.8845416201466263,,,
20220107,0.902647183248803,0.8861783666031959,0.9112459698545103,0.741463101503851,0.9218702830680621,0.7620554875511074,1.0029738703273556,1.0673123434283565,1.0657245264160136,0.8083361238257526,1.0150841863160485,0.9534652184708485,,0.796854157678146,1.0180816778490047,0.9535344650967869,0.7306505211851362,0.8777018801029262,,,
20220110,0.893084812713838,0.8947927474799674,0.8979993342449648,0.7639813771925769,0.923938672737215,0.7555448538001095,1.0393656338677375,1.0874394022647582,1.0772725286031033,0.8111864830342482,1.0147127173886474,0.9724994048384581,,0.8270422757324608,1.0267977901129206,0.9540689636993658,0.7529475040482094,0.8861991916271894,,,
20220111,0.8853374814141823,0.9066754218011129,0.8864825600714079,0.7833242606352335,0.9353528375391715,0.7737565358212045,1.0429022679535143,1.084144450268433,1.0335616949963653,0.8204341217586172,1.0066008424195023,0.9854384907581678,,0.8512190185411148,1.028785509979803,0.9598268379083077,0.7730927888045047,0.8911867700377821,,,
20220112,0.857905159653243,0.8904666661844177,0.8524588365178386,0.7941456259677565,0.9240498146810585,0.7957159445825802,1.0442776563524827,1.0597067386443688,0.9987868655067275,0.8287755929525885,0.9968645652025735,0.9958683925655663,,0.8755021667285879,1.0299534093962381,0.9459661709301797,0.7880748929400433,0.8791630420597717,,,
20220113,0.8384833279257525,0.8826054282923801,0.8273807481104628,0.8049975080458331,0.9246618116787053,0.8140521665916124,1.0583344181584882,1.0499848589900533,0.9598595193064586,0.8393082743279207,0.9960381795473784,1.0081439404898382,,0.8972969522111123,1.0316936639076792,0.95675980120998,0.8194193252057334,0.8712504337045401,,,
20220114,0.8295464209254826,0.8785258102636456,0.812738702767767,0.8520857948418586,0.9360782884593046,0.8248731975706523,1.0721858319161826,1.0565228338345343,0.9397014389078396,0.8576507363028104,0.999311750327013,1.0120763048926207,,0.9223288991007556,1.0554504247206127,0.9686613903630844,0.8593558552911431,0.881106625884978,,,
20220117,0.8215307910575197,0.876298929025734,0.8021386282968461,0.8939644000569001,0.9594378473695774,0.8795519201682519,1.085142144145551,1.0638388497008908,0.9351465727458365,0.8804008575882184,1.0064709329068282,0.9905813022393157,,0.9492818700380586,1.0504838107413064,0.9607815359697424,0.8715390682591051,0.8905623522076476,,,
20220118,0.851867587726156,0.8969317121672519,0.8281003171755366,0.9434459888410164,0.9999454483895943,0.9233859566359046,1.069117570752875,1.0497696727570578,0.9209053855953055,0.9309650659990585,1.0189066859341946,0.9668153986716937,,1.0061689120574866,1.0157104706880824,0.9561792467367427,0.9053750647381842,0.9368028151268586,,,
20220119,0.8794935958557498,0.91201803135416,0.8497373159597398,0.9861439563269695,1.0332236645552344,0.9663295474422231,1.0317156232329736,1.029510600271013,0.9033208212439011,0.9747179971052963,1.0230280884728398,0.947825909343018,,1.0515346475514322,0.9874109431452915,0.9532641445706599,0.9354188958311771,0.9714440976794808,,,
20220120,0.8937846794776495,0.9239339296141944,0.8606097199454217,1.0252852792033904,1.0461376447529966,1.0003574761118998,0.9976542206002139,1.0152255849902618,0.8899181827183754,1.0041471191923315,1.0288885839186048,0.9520799122405347,,1.0967400411989006,0.9693819213351016,0.9537151294362357,0.9640568780160298,1.001529202808274,,,
20220121,0.8755206413218046,0.9073029777255571,0.8383470810876357,1.053904726555846,1.0321371994941844,1.0322067755076978,0.9691797287234015,1.0063973813414397,0.8794285518596655,1.0166763892987853,1.0327466163886423,0.9227943914817202,,1.0716003170747417,0.9555345274336023,0.9521475817570448,0.9959794830498642,0.9981936823299548,,,
20220124,0.836502176571132,0.8762659807764815,0.7931733199125894,1.0531042334351592,1.0201085294768564,1.0683954226054793,0.9167180948234972,0.9822500263451498,0.8477198855749921,1.0318355997864415,1.0254922421311923,0.9191419542832657,,1.0471514891371587,0.9457090191629189,0.9836386026094385,1.0253025736477501,1.0091339633481213,,,
20220125,0.814740121845887,0.867407069747096,0.7876305027471464,1.0593987431493366,1.012341547532081,1.0886897549084111,0.8911500997552049,0.9733518389644519,0.8603875020782754,1.0502467750782511,1.0208840959309649,0.9175982386685239,,1.0326085854073468,0.9251548263397871,1.0124377875302082,1.047884684549703,1.0271321547415075,,,
20220126,0.813489234987857,0.8670040100417614,0.7955875478948885,1.0714812848865454,1.017883074988093,1.0867915453108448,0.8762652825225522,0.9738926138885284,0.8838573714253092,1.076599501351978,1.0324437073926684,0.9228090598873047,,1.0402072538664044,0.9092629422784603,1.0414657994568317,1.0682645806096092,1.062029269454768,,,
20220127,0.8134223290346848,0.8647784711741382,0.8034954640511739,1.070707409765394,1.0235844602332187,1.0886058581801967,0.8650060988302136,0.9738541335524168,0.9177423321118774,1.1011874601996872,1.032058760141387,0.9345386679902504,,1.0495589818632527,0.8982062231371549,1.0613941787090273,1.0773689694676885,1.0921543104334657,,,
20220128,0.8182319471039821,0.8722723554392847,0.8100666877578947,1.0682958270820937,0.995000596820369,1.124010450982131,0.8664239937359853,0.9419729678094564,0.9449735006584362,1.1038546156223201,1.0196335855650291,0.9577608873450643,,1.0385970134344675,0.8357700111975008,1.0248885431067525,1.061355145870466,1.1011708264266677,,,
20220207,0.849257834127175,0.9275207598593452,0.8751075342365543,1.0821107360601845,0.9952432119545738,1.141029095435697,0.9273061282323313,0.9587782020657226,1.0001573568691133,1.1056598049994064,1.0128018972381427,1.004649587474885,,1.0649903557088218,0.8481081058996408,1.021780133445516,1.052698739252885,1.1278463088300468,,,
20220208,0.8880941715533781,0.9753065863410445,0.9350297700667117,1.1016615021149807,1.0042975193172194,1.1547012928800375,0.987427875169523,0.9821905431147886,1.0518177081144167,1.1128448870671506,0.9933742642913589,1.0458296663063282,,1.087061530370198,0.8768885743065125,1.0243364237845005,1.0419614958525523,1.1492096642604854,,,
20220209,0.9368504215712482,1.0177600723056452,0.9875294750705288,1.1313360057373691,1.0107340536080587,1.1620017801089921,1.0494004173361273,1.0118206325427586,1.1007269859282405,1.127847736463091,1.0025502944539104,1.0828558109157083,,1.1116233819941488,0.9205653293187361,1.0279431675719244,1.0409677965982707,1.1730594264115828,,,
20220210,0.9781594538801873,1.0546092929408144,1.0372966369135534,1.1428631610437154,1.0237327460887355,1.1681909636641215,1.1009603065622513,1.0365664806903436,1.1402733338998123,1.1408678377952621,1.0083580211524032,1.1097160297460777,,1.1315270773223984,0.9557582971140176,1.0450302486562013,1.0435300006332924,1.1912390006935385,,,
20220211,1.0303105128505932,1.0937454489388097,1.0885760053559195,1.1551845367493907,1.037935941959085,1.1802914389234587,1.1436567982487813,1.064100601809185,1.17396315876243,1.1492284371120405,0.9891496605566349,1.1446342682834718,,1.1549151011930547,0.9909052549579269,1.0757832244260142,1.0515591292769153,1.2027939265875631,,,
20220214,1.090438265502111,1.1381761723667996,1.1415404141096874,1.174475708144195,1.0320680170882934,1.151288963902234,1.1845217148653078,1.0900425863744827,1.2069298496350434,1.154374236716919,0.9910850673159143,1.1454582949741354,,1.1776867525701227,1.0238433031603171,1.099962320994182,1.0573495797512558,1.2090926879041257,,,
20220215,1.1360908142014783,1.1664110438799888,1.173458004450068,1.1883107327842595,1.0396096628327793,1.1319101735903059,1.218170119479594,1.1148892321825903,1.2340111892257435,1.148717402935245,0.9937750600913534,1.1354378796084057,,1.190224647614017,1.0587756034279314,1.120354885972241,1.0704339458050736,1.2070765885925112,,,
20220216,1.1741887288785502,1.197942741079078,1.209082342295758,1.1981808009953983,1.047661225365261,1.121955192689466,1.240760788983977,1.134892778827528,1.246237442933451,1.123245375296429,0.9709496637586,1.1327563848260738,,1.2035255881481608,1.0811194178146817,1.1380397815126484,1.077515523324998,1.2028298006259344,,,
20220217,1.2017947068304156,1.2243308458051956,1.2380849165567749,1.205805579778733,1.0485145734266261,1.1070575464614103,1.2582627956131052,1.1532387773521269,1.2554387780371603,1.080811649621586,0.9491676013536741,1.131071414080545,,1.21081565702592,1.0997084527562833,1.1437991864224413,1.0857969139949823,1.1951266348453256,,,
20220218,1.224308834245247,1.2398794567632072,1.2620613103724412,1.2084106205233949,1.0639208012330725,1.0175328882590968,1.27172330732646,1.1824607827530904,1.26222994096071,1.0623457996309449,0.9487393955206337,1.1227543223106757,,1.2238976878871681,1.14621096030728,1.1667646847926492,1.1084361912242662,1.196827227875215,,,
20220221,1.2194541924338602,1.1925490407511017,1.2251613692481942,1.1528571773987935,1.0564770785880861,0.9504759033045808,1.1527099747290488,1.1320871444634897,1.1467292077545044,1.0298181948249385,0.9315943700711664,1.013096832030359,,1.150964748934856,1.1344997176966245,1.1596234068329607,1.1283980612278943,1.1320349473716096,,,
20220222,1.2297572218480377,1.1689071163022253,1.20436220057326,1.1501250365133495,1.045564079971702,0.8916629964730522,1.0578982192240807,1.0904649426876472,1.0546026313510415,1.0058537540895218,0.9307567734763749,0.9558099139794682,,1.1150654826303785,1.1321233573865541,1.152112804130992,1.1423381296973656,1.0911785916129844,,,
20220223,1.2149523845770782,1.137342927393372,1.173511717948436,1.115334631332724,1.0381589118284102,0.8459440294694823,0.9581013818925219,1.0589506740730203,0.9497389412134322,0.9617638044497241,0.8963801651744313,0.9059356567608704,,1.0791086887641115,1.1059880705644292,1.1518121765403868,1.1548823206328687,1.045378434807281,,,
20220224,1.2087860372306867,1.1225305608879241,1.1509022088790057,1.0971361915886408,1.0267815008730108,0.8048694575761104,0.877252945330068,1.0140525314292548,0.8700792967780951,0.9397612209137535,0.8792855623005229,0.8995149162763714,,1.079585325876223,1.0826648083590094,1.1253125896838119,1.1247889814077943,1.0415142877963812,,,
20220225,1.2069841721958088,1.115164172855394,1.1382150435849407,1.0852860505941717,1.013177014191141,0.7525960653745323,0.8058292257382728,0.9637293905194928,0.7863538972477677,0.9227694741660397,0.8868118815015047,0.8855122284107693,,1.0796038764636962,1.0407423513055603,1.0635081705438982,1.1068740768345673,1.03976694938616,,,
20220228,1.1814466397224492,1.087394800792729,1.1032115785661198,1.0631727517422869,0.9978595638708959,0.7227735002171635,0.7488787362713744,0.9245945387768282,0.7301811807935348,0.9033522697120636,0.8917881729632937,0.8905903123372185,,1.0722699375673075,1.028744853454776,0.9846450476101385,1.0927503502491045,1.03157175111804,,,
20220301,1.1633568327846375,1.0688611050673587,1.0762408030461956,1.0590611628923932,0.9735563896824642,0.6970021496167567,0.7113330646151637,0.886101361092771,0.6850188086329282,0.9097539939987762,0.8975605484431893,0.9023515757423167,,1.0701646797780755,1.0192692459843746,0.9313703235929447,1.0801767432715512,1.0317846998106273,,,
20220302,1.136272716175832,1.0514232504056997,1.043666368868945,1.0560045146066017,0.9704341302663975,0.6735898940396112,0.6918353272514872,0.872948783328742,0.6629069902248063,0.9360574543483589,0.9215784650816968,0.9209348921015451,,1.0555419559151393,1.0116608161562228,0.8864014917607038,1.0748125796487888,1.0213237913364546,,,
20220303,1.1144734175143445,1.0508631995255804,1.027456320589164,1.0463190468897239,0.9617920788909373,0.6579651875717415,0.6513254215501708,0.8208442385366562,0.6351023026402016,0.9565100600111709,0.9266683559225577,0.937458311324582,,1.0366908069252048,0.9834580015590536,0.8312544609026815,1.0563190376846177,1.0079688217509946,,,
20220304,1.0921996058240875,1.0678812929355084,1.022147569945891,1.0392419001742954,0.9354339144310643,0.6879189173598464,0.648905799435107,0.7784191559896467,0.654191452580113,0.9821221760389546,0.9395030830970411,0.9684681903671227,,1.0405828483603488,0.9741584734535093,0.7930708025996099,1.0388276519883517,1.0167967452192883,,,
20220307,1.0871784572663992,1.0922245705036027,1.0381774271375626,1.0588653752513115,0.9331309782608792,0.7352008125796705,0.7043421766910666,0.7803222821004134,0.729986480483199,1.0039569016374665,0.9659713270959654,1.0116312182792049,,1.0638118628103357,0.9951926005856482,0.778901414341881,1.0118810740035664,1.0407206071674562,,,
20220308,1.082590775483575,1.1132194317862554,1.0529777659063773,1.0729729942292485,0.9178774973532633,0.7742098206935254,0.7539834004822192,0.7726361465844797,0.7992199675956835,1.0314516387147592,0.9863623340001705,1.049538112588558,,1.0918529232745442,1.0191308871648976,0.7635921746310259,0.9936044606891117,1.0685806568848373,,,
20220309,1.0765286780207626,1.1267012039621285,1.0626703836742777,1.0908574013748036,0.9517328308814872,0.8154946030937814,0.8224293585755859,0.7679709451766562,0.8717047621758672,1.0631565385263653,1.0209695068496427,1.0865046594248753,,1.1116529656463634,1.052471406775252,0.7572481089268952,0.98624769635131,1.0906680285127006,,,
20220310,1.1164868149757712,1.165465608017876,1.1123277342369773,1.1258807862271338,0.9844373172265134,0.8729441281172661,0.9057592032382523,0.785222500265128,0.9561373946542518,1.1075225518280138,1.0702846125289078,1.1093011582065762,,1.1364490672580196,1.0959918848701267,0.7921795858063169,1.0117464124990663,1.11887878203148,,,
20220311,1.1449877400574349,1.1968092875016973,1.1502841232441414,1.1510956838704438,1.0207569530832985,0.9403792716562636,0.9789380128674077,0.8021877602385148,1.0344466605141944,1.141657890329094,1.1067248080427818,1.1308639678334982,,1.156709761872785,1.1326228016766895,0.8271427555704418,1.0098122662035325,1.1427714339113002,,,
20220314,1.1742963870622967,1.2262804541621677,1.1853535586938162,1.1783191337491508,1.0615964004302136,1.0115042209995233,1.0457029133320164,0.8406169408938948,1.1009877259354526,1.1744296362797277,1.1423003639592775,1.1511750467037267,,1.1754310546441515,1.157426842256537,0.8893325636050553,1.0189049224257294,1.1639890521795948,,,
20220315,1.2046902357917992,1.252893452700086,1.2201093555355427,1.2046707026508432,1.0983679269794093,1.0715462283483796,1.100522056157581,0.893030157899649,1.1556288854443422,1.1981891267867097,1.1706451298367075,1.1672875343446707,,1.1927528152746745,1.1763825304700475,0.9419969970040676,1.0275097789901189,1.183406958967389,,,
20220316,1.2273591228064604,1.2660106606819828,1.241962983523213,1.2223950299956807,1.1158942770999294,1.1223993842046758,1.1383553332162712,0.9165639345279827,1.194828256282708,1.2075311201307253,1.1829835057590181,1.1588189358731908,,1.2017535191445805,1.1876820215146942,0.9866476350014751,1.028777082912034,1.194420976225556,,,
20220317,1.2382242416313889,1.2514924921651018,1.2444890068903054,1.2380505999049856,1.1327546689870716,1.1528734002301555,1.165273760606878,0.9577853406685809,1.216371687203962,1.1965601940106612,1.1757100992344225,1.1387102503072306,,1.1934200672869948,1.1850205192901986,1.0373625384581566,1.030111987534424,1.185968930364409,,,
20220318,1.2524794976279743,1.2501716204507036,1.255592252828214,1.252596889157372,1.1534163691213326,1.1873150769624699,1.1852344249859885,0.9938429632647743,1.2306243401390455,1.1932708822832179,1.1764943749787018,1.1298612396324839,,1.1915051888172605,1.1894637424848205,1.077132854532,1.0406098087954958,1.181562040350547,,,
20220321,1.2436717811720643,1.2204561731218662,1.2442894954465025,1.2450789588293438,1.1688230792138712,1.1836028213636725,1.1738012512576417,0.9960351435800603,1.1911740714659018,1.1623606904912651,1.119080115530493,1.084615792510751,,1.1586808397331423,1.1285321322482673,1.1072309352766414,1.0562154572786182,1.1475877129053202,,,
20220322,1.2317924496362431,1.2021448527299778,1.237745401081268,1.2105706555945928,1.1877265689080418,1.1933422936851432,1.1642794126515046,1.0091021639790536,1.1591091348283187,1.1345225066496112,1.0615926823438535,1.067931551370985,,1.1326730547900452,1.0798515954414785,1.1328925180404466,1.0649754442128652,1.12037073013648,,,
20220323,1.22049555770709,1.18286277320104,1.2258860701702377,1.1729589631271446,1.1066454997599355,1.188753545976802,1.1244900205441517,1.0175960072003407,1.1052540189742546,1.0883756257621526,1.0209616456318273,1.053511458939604,,1.0962305941828394,1.036198474897907,1.14475103769117,1.048529845090285,1.0752790414055617,,,
20220324,1.152600095474968,1.1207113201924173,1.1607030948171615,1.1116218703733334,1.048310066491524,1.176998394811616,1.0682963393236704,1.0193640660493648,1.0339748327572207,1.022946508270112,0.9584926656006997,1.0208744249939785,,1.0206082867438209,0.9701647800979015,1.0956521669811516,1.0077518686501492,0.9982799846044369,,,
20220325,1.0939276167738552,1.067046965416661,1.108119018798,1.0717568987200272,0.9935541450655719,1.1696312562393827,1.026182543079635,1.0258995057186109,0.9786637164897436,0.9836204745272175,0.9087740901836961,0.9971733855875707,,0.9632960501044722,0.9266818229605204,1.0929098734916913,1.0020496469394127,0.9430285787739231,,,
20220328,1.043516088430497,1.0251372907393028,1.0672150467252826,1.0273686533290278,0.8988069441780625,1.1479364174304378,0.9724578687318015,1.014523401724362,0.9040029470721462,0.917643583459994,0.8380605459685184,0.9545400395237071,,0.9204049547194302,0.8601094557789593,1.0539712342312526,0.9580283156127594,0.8938215375316074,,,
20220329,0.9670641302530268,0.9659812414451735,0.9874554722301664,0.9399129242478717,0.8171217793623201,1.1152158405610286,0.8657002140957699,0.9651768939973138,0.7933913609280547,0.8597794597628378,0.7730919957105129,0.9033351630215123,,0.8703573407023227,0.7961121887125877,1.0119657609275174,0.9191491729604182,0.8339803428284247,,,
20220330,0.9064829825450554,0.9216935034939316,0.9259321232219134,0.8681739842291303,0.7738650950051824,1.0860700089887922,0.7814281011076384,0.9121948139114652,0.7089278169289279,0.8084031877970347,0.7224127382941729,0.8701441427625981,,0.8336692539339107,0.7475318508603945,0.9729127384933755,0.8855920727867653,0.7886813132994214,,,
20220331,0.8577750551296256,0.8934421070752969,0.8826771812135805,0.8062848704683627,0.7366809924857995,1.065857436006571,0.733246946103706,0.87653779817665,0.6615573982703913,0.782252522535811,0.709726373507012,0.845707520405141,,0.806834870700306,0.7357996468922775,0.943458544500157,0.862277347178515,0.7552032374198544,,,
20220401,0.8021736213481488,0.8385817931634649,0.804990138039436,0.7548191991451667,0.7044647233412588,1.0487510899860866,0.6932709209381531,0.8679479749182787,0.6205620440633483,0.7352226963050433,0.683215730898049,0.8282238205281056,,0.7528130004139378,0.7070121293661891,0.9197475661136576,0.8417087116312435,0.7059977007210211,,,
20220406,0.7760503878099158,0.8153804466897926,0.7605785735723505,0.7268604798514964,0.6779692663774659,1.0495376429483034,0.6649794220956147,0.8667652185170446,0.6050998259988416,0.7029802476053164,0.6936613765038148,0.8359368064533163,,0.7362049538456951,0.7247242432226357,0.9068928891925234,0.8245152445209718,0.7010175097305118,,,
20220407,0.7503946107894987,0.7967901271387785,0.7257373567029267,0.7337713497072169,0.6845714296751259,1.0427225964388425,0.6416600296138768,0.8594544612423431,0.5926139889742653,0.6764881615335786,0.7079112522557173,0.8111103324321766,,0.7227994491497751,0.7370457193390454,0.9012803343697423,0.8214318571983887,0.6979929186411858,,,
20220408,0.7311762297538663,0.7833316181358365,0.6999336556057595,0.7461526521208061,0.7357300184369066,1.038845365973845,0.6385307219924211,0.857925976321821,0.5932358464135171,0.6648932366884688,0.7152808974625685,0.7932064173872869,,0.7203202586671147,0.7549375391208071,0.899947550706046,0.8295373200331627,0.7080229125828238,,,
20220411,0.7356434675186361,0.7860560835927809,0.7016681760092975,0.7720693418888182,0.7729670555064948,1.041310823262613,0.6594215748551028,0.866246322137731,0.6230669231433288,0.7106564345714407,0.7718507327804979,0.8020706961580778,,0.7570216446076047,0.7938231143742118,0.9297837990737289,0.8509944319481291,0.7605675075997084,,,
20220412,0.7483397218098738,0.7939982905974438,0.7015817724410911,0.7693605486476358,0.8095945918215101,1.0226404490436918,0.6676689908039833,0.8788205608009734,0.658458914197858,0.7220532646885118,0.8186148043533663,0.80160842412422,,0.7940878071169926,0.8083305377715851,0.904570487184469,0.8517950387103361,0.8035915122904427,,,
20220413,0.763592001824479,0.805417337231277,0.7047244816360112,0.7807079846380731,0.8832505128715543,1.0002820764104359,0.6755659553607098,0.8972519230087088,0.6988167994070887,0.7536355319121136,0.8811247728644541,0.8061681678815218,,0.8061549337831556,0.8474430057428687,0.9087147728406842,0.877020278433998,0.8367812807370966,,,
20220414,0.7962886990345244,0.8294683608232737,0.7363432698861148,0.8226436635150257,0.9507126277229216,0.9892331513246277,0.7049018540212065,0.929219493814955,0.7656675438637746,0.7826604535645034,0.9378793208393607,0.835322519217546,,0.8267891500764657,0.8924768618040458,0.9155230521828813,0.8960350437679435,0.8805806887531307,,,
20220415,0.8307996685593486,0.8542268901149707,0.7773513658696676,0.8637504572611727,0.9662630125378907,0.9768558634825865,0.7318533913088161,0.9705089851516087,0.8266199598083893,0.8201559132402972,0.9860638925998035,0.8625948981537337,,0.8450587756490847,0.9302649161393178,0.9048578530309538,0.9079020181731203,0.9171674475884046,,,
20220418,0.859852713992536,0.8724085117109966,0.8060849246570202,0.904945169352919,0.9817106449663814,0.9637371710799223,0.7919590531532705,1.0111321406264082,0.8805601388264267,0.8561372801774708,1.0168484577910548,0.8876182469812315,,0.8622273527339954,0.9519574162773233,0.9079320959693342,0.9280257848004457,0.9521993223514036,,,
20220419,0.8928055873903568,0.9007695887420154,0.8641287304143638,0.9379381395766444,1.005737161725133,0.9561684021712414,0.8434459660694463,1.0063338069955972,0.9260268237583096,0.9081815215787167,1.0536155079558196,0.882775873029946,,0.8973580665274637,0.9813464982000959,0.9211399392278065,0.9482988721058774,0.9880568357781812,,,
20220420,0.8976748078093629,0.9140157037792151,0.8924817459502081,0.9345186116229742,1.0242010515083477,0.9265485466578451,0.88851696777644,1.0050502827897307,0.9632994836172106,0.9561002229169997,1.0668440476349326,0.8791878567626599,,0.8977869874887416,0.994925029683365,0.9063323925327744,0.9630141887605193,0.9877494865382036,,,
20220421,0.8825871908972494,0.863053853121624,0.8763073372130068,0.8940396504910739,1.00017478228233,0.8525931681014588,0.9255132147894799,1.0119552401257301,0.9933274597227135,0.9965608727417803,1.080045193249107,0.8776996720560789,,0.8917078463257544,1.0068395501768945,0.8885811991815499,0.9711216153728569,0.985552364434922,,,
20220422,0.8868805481111378,0.8263728721045762,0.8647203762950691,0.8442383581994586,0.996372729776802,0.7941553098417611,0.9564133000468769,1.0244694939775238,1.0231863746841177,1.029756145300336,1.090435233516382,0.889397298292235,,0.88887520552731,1.0097468665425202,0.8837647513052542,0.9826021525891112,0.9862697049648287,,,
20220425,0.9087838382675288,0.8436733615763451,0.8835515254049243,0.8443753802679855,1.0121581699972457,0.8169896485114438,0.9936725604880302,1.0480185253123913,1.0537420091131733,1.0400877867456144,1.0930935134643456,0.9152920878701588,,0.9040852639177165,1.0332876116964174,0.9173629244477484,1.018738782273296,0.9861471944274398,,,
20220426,0.9213128538420102,0.8548238115356634,0.8994671809401212,0.8735687562027313,1.0247801417189224,0.846075910061533,1.0261267417244786,1.0500443226954659,1.060186782549041,1.0601756778778488,1.0921307384143168,0.9387094270687383,,0.8921769465843865,1.0567899098580953,0.9580335383154448,1.0333178089448039,0.9667071190954505,,,
20220427,0.9389923443882173,0.8660981778173868,0.916075828121814,0.8973868258754619,1.0356066636301706,0.8985668228104552,1.05732633251832,1.0605454112485746,1.068036998378078,1.070113418523514,1.0950654809634117,0.9757135957954706,,0.8974609662700446,1.0734953080600895,0.9895696312633803,1.0541757461218304,0.956344848219532,,,
20220428,0.9574256977883999,0.8775883250083593,0.931870805691487,0.9150454882457384,1.0278594638169987,0.9434941632183009,1.0865527083972388,1.0684956586009462,1.0709927302430298,1.0875052537214847,1.098274512412052,0.9955238159669516,,0.9025784288063929,1.0820971545624238,1.0203789787851842,1.0713860726820583,0.9457182444774755,,,
20220429,0.9667735081198457,0.8775080509585368,0.9352344246780153,0.9319675497602246,1.064063378025415,0.9839094593881034,1.1082832659606474,1.0757069707919713,1.0776437453581817,1.1030537247327588,1.0932682978755803,1.0101884814583533,,0.9210948245628906,1.0901471470646513,1.0567591753398402,1.0879912341681897,0.9536670790050905,,,
20220505,0.9727034427347783,0.8860515356699183,0.9422832255520338,0.946560599742523,1.0868078036485542,1.0192973813174138,1.1014211652605166,1.0737783687083486,1.07603757617277,1.11564574400436,1.0929375886168442,1.0219245307123352,,0.9361665619378475,1.078427630259817,1.0763727192625774,1.0855056507606116,0.9554859873332567,,,
20220506,0.9822972265930596,0.9015594351567104,0.944808716053154,0.965306534162684,1.1032950584425065,1.0437148490881178,1.1043501659394024,1.088150472567679,1.0806666226301598,1.1272799960542512,1.0838220222360615,1.0468632500515864,,0.9548435595881605,1.0694822964650308,1.0738707431226073,1.0839955735177724,0.9645690763159919,,,
20220509,0.9944635269420439,0.9123564844896258,0.9512656143404371,0.9819331699112916,1.1213620252004457,1.0759027102690395,1.1101336978221008,1.0944779629954358,1.08808527521794,1.1364140153798914,1.0840170254957653,1.0680985134500205,,0.9843040122401887,1.073957294049529,1.081498881186112,1.0803048805800066,0.9873812195453989,,,
20220510,1.0393858157887466,0.9742167500552231,0.9989877280014038,1.0362950588703541,1.1594282829767564,1.1235752043223308,1.1148408928841254,1.098398934316862,1.0941222895327434,1.1437356888590522,1.0990856830281979,1.0858976867190564,,1.0228585699356754,1.0772916302152986,1.0829919685625153,1.0825196623155697,1.010904146968681,,,
20220511,1.0703029420513215,1.0248372288645995,1.037920810614408,1.0885395488609753,1.1798265270312887,1.1627743073149648,1.1193645897881417,1.096258274555634,1.096037267332631,1.149814107055693,1.115116496840861,1.098861091226546,,1.05801167918172,1.0875007664376326,1.0926625401311514,1.093958589071649,1.0232827719641406,,,
20220512,1.085271928796293,1.0288856002355928,1.041677357842791,1.0976126410910299,1.1666339583315917,1.102497943587363,1.08280300517191,1.0280033807593925,1.052978430721622,1.1085574563697822,1.100445960841891,1.0864928152628548,,1.0547839640385341,1.0388288893910138,1.017380946995063,1.0590199699016722,1.0007972044598075,,,
20220513,1.1002397187138915,1.0344023548865136,1.0468192305957564,1.0801488491347127,1.1546006411533785,1.0481091534632136,1.0550707314665566,0.978312654313791,1.0272122331187428,1.0619570024811775,1.088956633449899,1.0760121028057181,,1.0609037395791852,1.003499509869275,0.9535281920128117,1.0490407066956753,0.9916955530834254,,,
20220516,1.0979844752947887,1.0320017714499334,1.0451731980337173,1.056387338389051,1.149602243093342,0.9387162161062559,1.0319630945199265,0.928546249311592,1.0063491836745313,1.036913193278611,1.0770555502331185,1.0434739869047944,,1.0682455877971209,0.9652148063840607,0.9108385989247066,1.0323391309335381,0.9791882584312313,,,
20220517,1.0994661814608568,1.0265233191018601,1.0427149059851608,1.0301522527288602,1.1437223238660568,0.8255373850417911,1.0161205540459735,0.8899213025927596,0.9912359942154837,0.9974388688388971,1.0614230493362515,1.029275784535993,,1.074352313817744,0.9355282671279518,0.8657389378107373,1.0163896071132343,0.9713635358451332,,,
20220518,1.0938992693147238,1.0320999140094755,1.028048048936015,1.0084890297662197,1.12099802523303,0.7335492460206932,0.9982702549061215,0.874130443121503,0.9635472909008751,0.9584208126965261,1.0378729423813338,1.0287074132275014,,1.0716927801248546,0.9286839851129296,0.8260723154380641,1.0035214564670256,0.9550402876763254,,,
20220519,1.0870230063320974,1.0304046111037366,1.0093012418345542,0.9815599743600271,1.1054910348508498,0.6659433112229343,0.9578410552328269,0.8567138279730061,0.911452657620465,0.9150588145608565,1.0189653716500213,1.0237881840193437,,1.069567141960881,0.9203661030089952,0.8163843335537091,1.0131517853782812,0.939697109679647,,,
20220520,1.0797128414877477,1.0287275288096227,0.9978306395970535,0.9588538448812504,1.0825091398906863,0.6080761832955891,0.9248955492605054,0.8447527847072915,0.8682269586710982,0.8879974754751969,1.0028399600029052,1.0233669531664202,,1.068297269873025,0.9133242824402136,0.8119493226004634,1.0147661750421517,0.9233071057207601,,,
20220523,1.0823698259829866,1.032991025733013,0.9931970694794306,0.9445111814151664,1.0208973526354357,0.5827295266721461,0.8945471629436057,0.8350427933581475,0.8234800707855875,0.8687015383693255,0.9895611811433839,1.022081198354671,,1.0651626460891515,0.889455254200817,0.8142925451217238,1.0207119044259736,0.912796604982404,,,
20220524,1.0102014179736514,0.9824795670648345,0.9542662416660818,0.8705777082359529,0.9310547548684288,0.5696233166604191,0.866087181348244,0.8237960342510492,0.7822258793013641,0.8665981843368344,0.9282131381319785,1.017385643704407,,1.0325887306659258,0.890085069383248,0.8118031604366361,0.9868479523705627,0.8936625362361076,,,
20220525,0.9667693277335332,0.9497685297240771,0.932234115976608,0.7864077075958262,0.8661535264861199,0.5693943317153455,0.8429911160351251,0.7838692982958098,0.7546122241819778,0.8644955671136773,0.86332617836427,0.9946702545447151,,0.9984977445107781,0.8879827490170457,0.8095847527672904,0.9553380472093431,0.8891673919939092,,,
20220526,0.9369786262230022,0.9370197072101886,0.9298279716515648,0.7263569479951403,0.8234139415234557,0.6125208891904597,0.8794446787110766,0.7868008130800739,0.8067293374912867,0.8973914900560174,0.8466923334038462,1.001997816901551,,0.9548752425892023,0.9257347457075401,0.8479492123219784,0.9390347359525231,0.8800727763615941,,,
20220527,0.9067059233824418,0.9211497524444092,0.9204397447816889,0.7092644184719445,0.7901572921024149,0.6540533856645249,0.9092410724968926,0.7786589911482678,0.8506725581509419,0.879252023266965,0.8299865278539935,1.012414940923337,,0.9103509332188839,0.9529050073334602,0.8880070381911858,0.9256643481544451,0.8537422959490003,,,
20220530,0.9042533885229043,0.9135340569484678,0.9151759114642971,0.6907827194270524,0.7348260006112725,0.7518833338901796,0.9363853452368375,0.8422058301992975,0.8889123731870916,0.8892617144891394,0.8143415089273516,1.024450276525679,,0.8766040951012053,0.9811828873088826,0.9081904627020055,0.9138343600073793,0.8468261135286737,,,
20220531,0.8996089329942621,0.9054648737531837,0.9077025855328662,0.6635779089837767,0.6948976746377475,0.8563360405413827,0.9612781162593552,0.8953634758128237,0.9220634873847361,0.9212092037922603,0.8118618964260846,1.0095103391554046,,0.8539614895980765,1.0071448033018482,0.9318412251840282,0.9010546741131916,0.8593251270404241,,,
20220601,0.9034534581603031,0.8985018883158643,0.9289922062178528,0.6618541463801786,0.6630938086333581,0.9451720096071548,0.9755033089748633,0.9175168945259948,0.9425883815574823,0.9529424495349946,0.8215071562969363,0.9864717785640269,,0.8372758149636481,0.9996811461267153,0.9437132758532606,0.8811774310109429,0.8806245537756192,,,
20220602,0.9119039038936291,0.9025787404923113,0.9508310533533039,0.6660874394388024,0.6343890609775165,1.0230144274202908,0.9836370670056753,0.9443210125427735,0.9636938559844523,0.9877771547089977,0.8292590337341224,0.9777347720503724,,0.8235778159815759,1.0065424570979762,0.9197556162855212,0.8263539376964184,0.901791911078771,,,
20220606,0.9371304715201518,0.9205271922051478,0.9721856575716746,0.6829054838752988,0.6184156239125418,1.0878141264910863,0.9636459883109822,0.9750051685824491,0.9689640319308696,1.0007427244363216,0.856919581337388,0.970196926022178,,0.8685665754295671,1.0126600085906843,0.9077239168381931,0.8107696582723796,0.959821160634153,,,
20220607,0.958529899104823,0.9350997113736641,0.9895712936518741,0.6962416242489698,0.6488698005519838,1.1299773385281433,0.9601044841410861,0.9994876620729894,0.9910306874338453,1.011039859121837,0.8855219774410115,0.9648394684716445,,0.9103262952355377,1.0093700739867695,0.8691986936150938,0.7877069225679846,1.0005318168670831,,,
20220608,1.0084002628863038,0.9641935870591373,0.9987143432304862,0.7580945259037863,0.7131547249121352,1.1548409574885357,0.942399800895753,1.0152834433211937,0.9989985082423339,1.001570552803586,0.9284718350379461,0.9586882531029515,,0.9494027089499113,0.9516624290179105,0.8247950046004094,0.7873881245846167,1.032803611620178,,,
20220609,1.0281573031489712,0.9771399332439633,0.9998098933094423,0.8369766743496397,0.7603742970732198,1.1746661552285451,0.9406087105781865,1.0455359936579658,1.0147577752532804,0.9949906181568838,0.9748922479452763,0.9685047169170335,,0.9866637660192917,0.9298550227063533,0.8396965821139822,0.7809286211495137,1.059744397614574,,,
20220610,1.0566066607981421,0.992390632633039,1.0079322144717815,0.9035538531325932,0.7929035776206876,1.1886958407744148,0.8904117243930192,1.073961135277076,0.9574549230612271,0.9895214678340682,1.0018073431721364,0.945963846631851,,1.0289359096898008,0.8980236903732381,0.8634446192229748,0.7894776624917335,1.0827197024616315,,,
20220613,1.0845181094217433,1.0099036242762762,1.0200193165991083,0.9425995686747808,0.8641325867183872,1.2032247533508305,0.8857234620558851,1.1109930011947848,0.9332740676317274,1.007754706029352,1.0486865538901289,0.9193682644761056,,1.07305696470847,0.8744710087645347,0.8799922345926062,0.7901533848850708,1.115487118251865,,,
20220614,1.1009524999615095,1.0283498562164324,1.0306497193027602,0.9811963481225031,0.9419171326934803,1.2083140608325467,0.8754681307713829,1.1174706489250636,0.9039284009764176,1.0106904914992856,1.0916658873417444,0.9016068901220334,,1.1118505811089465,0.8482683268424344,0.9291902708005001,0.8116960788170194,1.1430152329445815,,,
20220615,1.1114657159192802,1.042579966741714,1.0507702031019472,1.0391532828244112,0.9975398028365212,1.1775809023041004,0.8445490871477026,1.1221079124891904,0.864572332378569,1.0078922380273931,1.1239843869284827,0.9047516525552177,,1.1465502723749168,0.8593250089520713,0.9663023222705704,0.8288973260417907,1.1634942589281818,,,
20220616,1.1210359096297706,1.0481367935529724,1.0510623397342431,1.0767927449064918,1.0377685305871172,1.1525273271560463,0.8347338326093523,1.1353102255889287,0.8402482902451831,1.0042272619665011,1.1502271597817455,0.9293539355176522,,1.173777668162194,0.8698731540603881,0.9977418551814725,0.8418848183426774,1.17380660022244,,,
20220617,1.1212884405460313,1.0380480118697695,1.0522829353160408,1.105620463021698,1.066100500546765,1.072552442846098,0.8227832143357432,1.135221635222819,0.8221324257346548,1.0037235390505688,1.17212924437572,0.9442175025371776,,1.1976963784384769,0.8819089047249805,1.0421467589514954,0.8724224517889639,1.1832832076159137,,,
20220620,1.0932797059475259,1.0168395881726942,1.0393347757266798,1.1104883193376516,1.0935805978256117,1.0068381867942466,0.8217980495964812,1.0666038381190126,0.7978996543820873,1.0306849272920047,1.135022423886688,0.9520461079870747,,1.138833434027663,0.8983147695562395,1.0736984377773864,0.8781218079334059,1.1252136311539858,,,
20220621,1.0670194166630336,1.0072308245557031,1.0254038416121136,1.1171455249149795,1.1089270760596392,0.9556132582425461,0.8157058081432467,0.9984029213100751,0.7826225696327894,1.0545197909923907,1.108673115629166,0.9580866691904084,,1.0434852482287973,0.929409826151459,1.0925937840210374,0.8914127663138961,1.0591823016816109,,,
20220622,1.0566549509836538,1.0048213043180072,1.0132368555119375,1.1123358953363602,1.109586307937759,0.9345097946654037,0.7672512469958718,0.9238851994364179,0.7282967701952284,1.0456759682232482,1.0396933561179478,0.9794504389112478,,0.922602035176064,0.9401456090380149,1.096330865411095,0.8880574798822374,0.9684028639289772,,,
20220623,1.0505092340970972,1.0086266990755373,1.0077213425759106,1.11749670251067,1.1278336084904645,0.9131172473143873,0.7343166438382734,0.9207901529265385,0.6886036822685229,1.0342904870244727,0.9841282505245903,0.9969618959147368,,0.833337490389742,0.9476176056931027,1.109354089924843,0.93725322106903,0.8933678461003358,,,
20220624,1.027756896361884,1.0107674829506463,1.00386960781343,1.1155249050919709,1.150480140063138,0.8765328233119312,0.7289358670631008,0.9178543926019701,0.6984884726500219,1.013244735731732,0.9221748236467697,1.0274762198326821,,0.8067664166633645,0.9616919701584397,1.1195577918625197,0.9775254516285344,0.8500399280701801,,,
20220627,1.0159930888313928,1.0312036379389273,1.0105582871895722,1.14232336175934,1.1095004301564309,0.9098210154702958,0.7716587150622011,0.9193050180461066,0.7562636140319016,1.0040397884813417,0.8910576000433091,1.051955693054017,,0.8135517121516589,0.9774840385158323,1.1286424461814868,1.0195916521578998,0.8371346048362076,,,
20220628,0.9933703315739145,1.047121920430262,1.0269425523277957,1.1646890510581753,1.0728222959048237,0.9459759726439011,0.8361645805413889,0.9575571260404778,0.8264074970618525,0.9926210997643402,0.8759081026584803,1.0716708601865732,,0.8320734553086309,1.0052859260429314,1.0910368053793091,1.0478209968365477,0.8447285135599081,,,
20220629,0.9797968555042079,1.0631674490584366,1.0311753239802148,1.1611339916935883,1.044063659300553,0.9874287072587166,0.9044499031999328,0.9897077474769095,0.8915466136618461,0.9857297701750878,0.868573420586255,1.0669478786901572,,0.8515729436722326,1.0200361059473266,1.0622054430951182,1.0716502623553268,0.8583444033517466,,,
20220630,0.963523459855383,1.079732504713685,1.0380650990591234,1.1623472173912304,1.0232813014636457,1.0204734737846413,0.947205687822784,1.0164993412284415,0.9353632340739493,0.9972695223667781,0.8690231948958049,1.0534004237859638,,0.8707953401079609,1.0406173564745074,1.0418079166306113,1.0924233825442364,0.8782176678112508,,,
20220701,0.9594013936053379,1.1003105334753058,1.0412303510434462,1.1681638434193384,1.005574958732745,1.0732188262627822,0.9882632516194686,1.0448200822071754,0.9740490988364233,1.0078367468959148,0.868731006398386,1.0372394812039005,,0.8877113551099564,1.05884394280738,1.023500366048184,1.12126014804599,0.8948603310125937,,,
20220704,0.9509217704933779,1.096094647582587,1.0198486498323638,1.1433900860520003,0.9906903644895082,1.116345252017246,1.0277933932699037,1.0895538980592514,1.016141898629497,1.005103077112185,0.9022584670606083,1.0513827406644365,,0.950851333031962,1.0583334804952682,1.0074397804930948,1.1526353889250534,0.9487315906222324,,,
20220705,0.9534806318003589,1.0878609087073137,1.0033308867339588,1.1189994707845752,0.9858017546082954,1.1515427845900388,1.0621072383300554,1.1309897111846852,1.0516291115600054,1.0083492080391396,0.9294113392443935,1.0632856097717813,,1.0206945298801107,1.0544212736873573,0.965007007787876,1.1610885907500856,1.0026029468942481,,,
20220706,0.9560367099874907,1.092766427053414,1.0145923632666531,1.1156464965835766,0.9870253937132845,1.162457689919048,1.1123080905306408,1.1530629130158168,1.103275311842476,1.0229563106641175,0.9773188679018294,1.0666767838945146,,1.0902074379141249,1.0671507614941336,0.9196940255158745,1.1490943339349382,1.0621792449992389,,,
20220707,0.9525140065813102,1.105220457280616,1.0505978783804208,1.1134345065045288,0.9573186300850013,1.1749397257765455,1.1535251838080516,1.1400636806720108,1.1453385327503665,1.046618841211499,1.0215352169875336,1.070935590135209,,1.145577144980442,1.082477376811731,0.8539969670511036,1.1141409956493011,1.1120507861709656,,,
20220708,0.9649077369826619,1.1179020127706982,1.0819862895668597,1.1158857340790043,0.9310778576582193,1.1712241581768494,1.1716683551826574,1.1148316543401913,1.1654694174791718,1.0488895953009771,1.0514725431353178,1.0733090432676313,,1.1540820460867054,1.0630505518710167,0.8031369350593363,1.1034462611256965,1.1201907883212034,,,
20220711,0.9508459848065098,1.1184383042058827,1.1064164335383664,1.093390814022235,0.939324514876114,1.092416654384083,1.191058442981147,1.0994911467980935,1.1800804716123303,1.054807645053923,1.0696559729237352,1.0682652655759524,,1.1449419984521347,1.0555083042301914,0.7568922893599186,1.0864106218955296,1.1131736434630384,,,
20220712,0.9418322942917144,1.1095206624812726,1.1171198388895132,1.0630917167393217,0.9429575661178828,0.9803523816200852,1.1950243462778334,1.066666676861139,1.1778789063748663,1.0742865663154821,1.0860542900807524,1.0573392369573122,,1.129369081604472,1.0361992793236061,0.7421073075943572,1.0505351948601962,1.0858347379910689,,,
20220713,0.9419209739888409,1.1049809531145132,1.1272200748876415,1.0486017528237896,0.9852085589997461,0.9084976396224148,1.198266508985093,1.0416182450084512,1.1773761483637897,1.088976500300538,1.096905114673555,1.054543310315177,,1.1173779108512576,1.02749755880437,0.7400749935385903,1.0217879160448051,1.0668904519271527,,,
20220714,0.9404235621195892,1.10169036646402,1.133187769817951,1.0310326142918362,1.0179421174310297,0.8500686850638656,1.2047187353878988,1.0155138889914055,1.1796641029869408,1.0934555872849145,1.102857870699728,1.0660405471097099,,1.1040067183330766,1.0171401071625217,0.7446990148492538,0.9956015121151137,1.037537812666657,,,
20220715,0.93824633820301,1.094965056206787,1.1429698066261254,1.0202620637440276,1.030726358657302,0.7887473964056188,1.2176599445922456,0.9972540928748622,1.1889322630340629,1.0725987414188112,1.1076382389920028,1.0862868834114645,,1.0933032134777503,0.9969391801686378,0.7465371597216247,0.964748059886934,1.011937488165188,,,
20220718,0.9972398636627127,1.1140009588291044,1.1736187986295477,1.0679409499860515,1.0569745335817857,0.7679962082030148,1.2299130489827,1.027742454518711,1.207372726474669,1.079130045286243,1.120980666714832,1.0857832677380759,,1.096817251228183,1.01829209513747,0.7598184639767244,0.9743524159875027,1.0437355114777238,,,
20220719,1.0441768170295498,1.131493261285173,1.1963164146461878,1.1093868247362717,1.079880246957291,0.7524886302243583,1.2392234993366726,1.0487896383071627,1.2224561841004926,1.0827095818498187,1.1328773537998926,1.0848153664285145,,1.0998959403660404,1.0391356127845843,0.8232881161958197,0.9991611674730865,1.0699910386787637,,,
20220720,1.0707015915886535,1.1232665443915009,1.1979114589977053,1.13063965422904,1.0964509641104865,0.7483494172413322,1.2369757725040296,1.0750952788467913,1.2262546240976142,1.0786046158959801,1.137519071337773,1.0627180834021355,,1.1043092570141224,1.064058352272879,0.8806287526612872,1.032148706752372,1.0895375709913313,,,
20220721,1.0943139352194193,1.0952631828139399,1.1456012502960315,1.145286888973127,1.1223628725139132,0.7477411535350948,1.2363067298491603,1.1047373558418587,1.2308445213275852,1.0430464268154298,1.1380066339012316,1.0435728085250124,,1.1072188929331077,1.079034114752754,0.9565402124370124,1.0677842408155702,1.1052986125627602,,,
20220722,1.1131298055722816,1.0488458596348331,1.0996922715157549,1.1527483216916463,1.1421452607584741,0.7706704140400703,1.2278685531064588,1.1287050499171343,1.2278589830284394,1.0228394737710949,1.1348944533577707,1.0333744588237181,,1.1190397605419857,1.10434627726961,1.0178087744979025,1.081978472208104,1.1300631849104577,,,
20220725,1.135611489083974,1.0199503910933019,1.0811513752002269,1.167507870656711,1.1796074012788822,0.8027459315831147,1.2202121092898282,1.1461114264282493,1.225170226618234,1.0059253576137335,1.1424920141372472,1.0315388527042066,,1.1354956343768132,1.109966593272647,1.0776733476161142,1.0967346854865418,1.1557097608117977,,,
20220726,1.1558533772423851,1.0204637479015446,1.0847792508442322,1.1820212181553178,1.211218407641828,0.8396105622673552,1.214922132943912,1.1296074561849692,1.226246904429191,0.9717017111323859,1.160577435997197,1.042490325655367,,1.1462982566442224,1.0935114281303282,1.124858391275394,1.0928171511142004,1.1777827422219571,,,
20220727,1.1520866667199883,1.0145423887947795,1.0841307385271008,1.1795027720759435,1.1975314396073808,0.871944934438241,1.2088516211154217,1.1131114963871849,1.2263880552566773,0.9440376858158782,1.1770682815112412,1.0532878369909089,,1.1387434000079957,1.0860423467329259,1.1581661638108134,1.090963744845607,1.1819268911820433,,,
20220728,1.139242029936743,1.0082002847611589,1.07844660515824,1.1744478497935966,1.1819385094376669,0.9027048210807994,1.2039540543604188,1.0981870213842395,1.226779386232966,0.9269714288470238,1.1777996334236993,1.0649249448772649,,1.1236614234173672,1.0823200650438753,1.181004479556877,1.0793364013698328,1.1776043832817507,,,
20220729,1.123218295723446,1.000468893010459,1.075515608346563,1.1430090263838069,1.1346938918189313,0.9211154596382484,1.1458242550293583,1.0486308762780217,1.1865365769300487,0.9234560364602982,1.1852918871047549,1.0539134949945796,,1.0960457005870323,1.079458476445025,1.2032035251719881,1.0810084253112568,1.1671165482676809,,,
20220801,1.0550483933299515,0.9627789168701054,1.0480909467724115,1.034692426361539,1.0873803118319212,0.9417162185693593,1.0437151249655252,0.9770790296964529,1.1032864562553453,0.8783821472953418,1.1708603142320715,1.0288887079769033,,1.0370192145211818,1.0712459696102887,1.2164013653520283,1.0519950399909759,1.0950529872035197,,,
20220802,1.0077785369160233,0.9352963065232283,1.0310152952849074,0.9450849239941289,1.0511008260901318,0.9442097939960016,0.9550064199288191,0.9211648508196001,1.0295517062504735,0.8470792582585961,1.1597651098621886,1.0052749559791538,,0.9708225164023341,1.0497131402178914,1.2026688850842258,0.9690210017453528,1.0234153789476466,,,
20220803,0.9758680206810986,0.9274577631973064,1.0274539504705713,0.8655145183708021,1.0244917739457629,0.9636057603946424,0.8897107978269079,0.8880630033839234,0.9726613317723657,0.8232102592041304,1.1536250399939911,1.0023458003690882,,0.9186624315291315,1.017063703992562,1.1828020120902507,0.8946393440452917,0.9675247641719034,,,
20220804,0.9566704382158155,0.9378309855910917,1.0519062520509803,0.8208263997828282,1.0057444141528888,0.9910603556356691,0.838720701889559,0.8488831400489746,0.9148922765796109,0.8316075700998711,1.1486276226737675,1.0065270125778512,,0.8871267883548987,0.9916069461002235,1.113273337027323,0.8819210567365393,0.9387076836569875,,,
20220805,0.9368176279250265,0.9620934966542666,1.072926683967949,0.7865038565317329,0.9863116853662631,0.9953925110350226,0.802127162938288,0.8166010378869398,0.8722649711529787,0.8420582226169289,1.1483954197318467,1.008963568944428,,0.8683734398435431,0.9728213911466005,1.0445262223581109,0.8682203418869536,0.9193050667762966,,,
20220808,0.9212020182738262,0.9717460394083115,1.0699549142360387,0.7631123113750816,0.9156439830206371,1.0145673474002552,0.7830646492412625,0.8094967191584443,0.8471643131114315,0.8556095689622439,1.1302906476652865,1.0015534268078594,,0.8692366558391025,0.9721180545861575,0.9802465672336778,0.8852086052913046,0.9148055936625029,,,
20220809,0.899505192091214,0.9350784245504604,1.0330068449942307,0.7264747625580454,0.8587193328237226,1.0289201032814927,0.7684774282020297,0.8249537370056006,0.8221422405245526,0.8756203418166452,1.067887259759953,0.9578303964795218,,0.8493616263917778,0.9822605240676489,0.9321782808160215,0.9076479936907426,0.8894296123770884,,,
20220810,0.874450298637859,0.8983603132632775,1.0030555782319572,0.7020904319821087,0.850556378256441,1.0411134397874398,0.7625289020950116,0.8401807856303082,0.8074525100214369,0.8874627626054151,1.0181287157494276,0.9261134717217265,,0.8411133915277081,0.9962592820897118,0.9293978222944395,0.9292670165312215,0.8769701513122298,,,
20220811,0.8516799594733184,0.8386849008238796,0.9786401591960927,0.6819165841500497,0.846721996710997,0.9874653707440184,0.7471801052969466,0.8271828726188669,0.7757347629568997,0.8655082352148781,0.9551431051969375,0.8870171606354289,,0.8270638841019163,0.9624208914449611,0.9314049203869688,0.9511633071297589,0.8593543596090184,,,
20220812,0.8415958488532082,0.7978764384588166,0.9650773549970566,0.6755294576693152,0.8572910782817479,0.9492960303910983,0.7546169757820222,0.8185828142490496,0.76291785294915,0.8470439828015357,0.8919434101720134,0.8788322412210579,,0.82561446391855,0.9343472440428302,0.938664239948344,0.968757878610862,0.8567379833193827,,,
20220815,0.8629525059308164,0.7887434613755171,0.9709754462982653,0.7365427150689077,0.8774090773057337,0.9304360150069315,0.8074310596203746,0.8448306336513782,0.7904022683311556,0.865324181158101,0.8512770868912876,0.8883297572971449,,0.8540954577475428,0.9186328819201568,0.953172364797822,0.9990063889799188,0.8940309704970697,,,
20220816,0.8836848826077278,0.7765983408999381,0.9716540425667529,0.7929256212523125,0.8935778361831604,0.90674081046051,0.8519732121361838,0.8662167377861393,0.812355051453063,0.8979862374862898,0.8285731030808114,0.8977872702945452,,0.8941443717461637,0.9104013446540398,0.9523130923217422,1.044942757784097,0.9371363117271483,,,
20220817,0.8995191988760279,0.7660389246605135,0.9699753712150724,0.8466495850502562,0.909501734089648,0.8929369577335327,0.8889428643614568,0.8772993768594913,0.8378207525066996,0.927965193396852,0.8069997338634325,0.8993508554027759,,0.9289560706007155,0.9277533819211676,0.9534302866089529,1.0878852705020123,0.972384134678858,,,
20220818,0.8938638409955616,0.735275268294135,0.9415357291576499,0.8601338062632576,0.9128131489147278,0.8775216048707745,0.9070231208282977,0.8930750300659488,0.8554903931008228,0.9450460457644955,0.7863766764919403,0.9051613519533215,,0.950364671498295,0.9442287591293962,0.9647031113836956,1.080213286274219,0.9834972249831679,,,
20220819,0.892739392328597,0.7066317797330202,0.9151108695166359,0.8954804379263569,0.9130724224589571,0.8688165350503686,0.9273885941543075,0.9181522122655146,0.876864005299224,0.9550621374528849,0.7921652824610534,0.8927766605701388,,0.9593704257042441,0.9623791110472102,0.9721646301916891,1.0883525151713684,0.986882820503988,,,
20220822,0.8884270643112631,0.686665221330512,0.8933403225228166,0.9058612177719957,0.9332843429123728,0.9097266459184135,0.8999288840093109,0.9004874590633609,0.8691247353128273,0.961086691460787,0.8158113078116157,0.8940414083972141,,0.9134407821824295,0.9595394351819809,0.9925392036907937,1.0665285707372552,0.9540792489245827,,,
20220823,0.9044656791632065,0.6951619374711812,0.8930642983289596,0.9322475516262095,0.9506888730084175,0.9459767704832813,0.883844984530975,0.8863448092111289,0.8703194964344191,0.9759733356255864,0.8633961776622554,0.9113788738784662,,0.9191895981061496,0.9553417530930017,1.006435298667064,1.051529332138667,0.959788752127967,,,
20220824,0.931951935725062,0.7159431283057349,0.8927643701161385,0.952256492571113,0.9299405641884532,0.9760235151450846,0.8794749827223972,0.8956371292845701,0.8724235436738582,0.9898878927801241,0.9040449435338263,0.8840087075432879,,0.9262483257113907,0.9165045710435294,1.0077050386245965,1.0319925133766856,0.9642194786808326,,,
20220825,0.9345090895217866,0.748684336944044,0.8771116589940204,0.9632897334304097,0.9080953007535378,1.0270374994883036,0.87434329505227,0.9206694093728534,0.8862820503687577,1.0150466412548718,0.9525987417435979,0.8630064283426383,,0.9384277919938432,0.9064217573438275,0.9847031489527783,1.0089792946306924,0.9722878860667692,,,
20220826,0.9210384781683019,0.7848652299614347,0.8579624265588485,0.9725878784656139,0.8916971329003649,1.060675540897477,0.883748822364489,0.9548102235937976,0.907825765999308,1.039397926179648,1.0004925489591336,0.8496449930817357,,0.946195582994857,0.9064407315103709,0.9733930898518587,0.993043197477173,0.9678370908869085,,,
20220829,0.9134264345444618,0.8096704306255041,0.8289828749151236,0.9869116287033513,0.8709848639225286,1.076129305181236,0.8896919696710746,0.9808850974262739,0.927504549688197,1.0617349112573395,1.0313663909764488,0.8492402086007281,,0.9542900159418826,0.9181916754081191,0.9513525686482351,0.9810756185947324,0.9662031494179825,,,
20220830,0.882897080197972,0.819614268500178,0.7845508991061495,0.9979328166295199,0.8615309059110151,1.0876985353064748,0.8810906803786602,1.0050860118691454,0.9337794839517578,1.0154752031682788,1.0212160104621337,0.8388953417870978,,0.944580456507248,0.9246413481012422,0.9563534640196923,0.9775149354549694,0.9419616161792917,,,
20220831,0.8937137808021761,0.8611787345471227,0.7837114387290486,1.0129885834004089,0.8476619294869516,1.0705678319300156,0.8484921108725362,1.0251280508354983,0.8957106777707059,0.9787834814741261,0.9988891387111637,0.826770958627503,,0.9289983055156562,0.8699523505074682,0.9676291286078841,0.9627570845778263,0.9070116971415041,,,
20220901,0.9198413141835088,0.9184302299648653,0.8291661595443747,1.0311168183889046,0.854505449357527,1.0678576113188534,0.8283227920910302,1.0327238074526717,0.8764945200180564,0.9435204815934822,0.9582595275985948,0.849327209182824,,0.919875254795548,0.8300190463097805,0.9763906619165975,0.9781514223543258,0.8897125584398787,,,
20220902,0.9430553294929575,0.957482210936816,0.866569445000233,1.0189337583372875,0.8590567029291295,1.0686090600173395,0.8126764833258164,1.0466819930570765,0.8613274651023859,0.9539714193405023,0.9254558108784307,0.880228416448652,,0.9260728302240531,0.7989845564553227,0.979471116856494,0.9740334988857474,0.8984565798447038,,,
20220905,0.974248427523025,0.9938367459446172,0.9180993243964306,1.0208806150546035,0.8693752453417652,0.9954591570961806,0.826324023472701,1.0698624283739506,0.8761017539136039,0.996517016708644,0.8800225612095525,0.9014657880466226,,0.9840325192190975,0.775645872056397,0.9633670185778617,0.9334042438369057,0.9515630087386313,,,
20220906,0.965468718013104,1.0113692863133665,0.9506918096563952,1.0191684568948431,0.8769407961783654,0.9480888038444563,0.837327308613632,1.0847815059976995,0.8880981517264218,1.029462191488247,0.8423220042873406,0.9126449736182641,,1.0165273522925686,0.7830723782678656,0.9465229416622266,0.9090231028716163,0.9928477199522887,,,
20220907,0.9611111673684218,0.9908959572152534,0.9714493240811525,1.0215499912553385,0.8940825442011952,0.9065520337470189,0.8561614335300939,1.0802055905568941,0.9167048385441803,1.057610066340743,0.8154482586114623,0.9109001916168283,,1.0455404375661521,0.8253646671114095,0.942075178016917,0.8924592894538326,1.0278886332797872,,,
20220908,0.9740548019190068,0.9620792600157011,0.9939148810114634,1.0067634205577118,0.9191738694641143,0.8650406671586608,0.8780725961767142,1.0752829097555392,0.943244197026846,1.0767365037625884,0.7898716261062774,0.911817778064998,,1.0697253132953957,0.8606860818367442,0.946520466736723,0.883715159238662,1.0578517962049578,,,
20220909,0.9888393252555658,0.9536895820884003,1.027476044829254,0.9825437448080604,0.9416817455916683,0.8370711757547503,0.8925109921837302,1.0555625861526943,0.9633865518116955,1.0909586746849818,0.7708812224650212,0.9197098658920265,,1.0983275807383084,0.8750405028034196,0.9532491595387304,0.8666795669826802,1.0906448116184713,,,
20220913,1.0222286842017156,0.9826443510626853,1.0671369226440455,0.955247609084831,0.9895968620663208,0.8041385801146613,0.898339076322893,1.0177735060303343,0.9742031254837558,1.1005646548043124,0.7610997671995818,0.932951161656233,,1.1169942916726043,0.8684565557287273,0.9654210382281702,0.8658641178659414,1.1148290062329027,,,
20220914,1.059411006668218,1.002336047654998,1.0969474705744369,0.9392927560831535,1.0195482412097816,0.7793123369018016,0.9264739127896393,1.005923385067006,0.9952339992269003,1.1330928037548822,0.768630464590948,0.9383434857771077,,1.1403852242411545,0.87053615999243,0.9502187824571969,0.863360242332031,1.1441089511351374,,,
20220915,1.070550061433495,1.0312861456307933,1.1154613286600672,0.9063789234513211,1.0436194280356852,0.7633461936365408,0.9617257782404122,1.001230745031021,1.0328287882122658,1.1611217323019143,0.7937568143831497,0.9449971286883906,,1.1626246852069095,0.9109860266714351,0.924981812295907,0.8618261635471052,1.1729968601595662,,,
20220916,1.0658248839627895,1.0488664026118575,1.0995661488055453,0.8816107402486717,1.0239417267096202,0.7473248017805253,0.9962992368733765,0.9982987939608011,1.0646089660032605,1.1906394902599686,0.8252035368834941,0.9169262719552272,,1.181547001697434,0.93967008278925,0.8992306430805069,0.8497483105730725,1.1964004464944225,,,
20220919,1.062363952035278,1.0770324592830633,1.085816369880563,0.8768586438780657,1.0150000918632287,0.7334325440354025,1.0335550865239402,0.9956365688826981,1.0943804015539833,1.1937243551579855,0.8563949371895271,0.9111220586474653,,1.1892743999213455,0.9783797366189888,0.8749188746964999,0.8510470970501429,1.2046106365365452,,,
20220920,1.0451423139202836,1.0993503039552515,1.054454062811046,0.8767836813375621,1.0158870109620208,0.796232952293516,1.022248686306143,0.9639933241994361,1.079521213656313,1.0943677313990292,0.888934996605307,0.9037754724329556,,1.1248259047307982,1.0139483245238998,0.8561690681401131,0.8841212669811551,1.1292775993268462,,,
20220921,1.0493715315005698,1.125151020236169,1.0348947724238569,0.8868253826495697,0.9976035660772372,0.825154493248595,0.9835041172894851,0.9385288974958902,1.0475868100026116,1.016767048996258,0.9163294857640942,0.8987476629151503,,1.0834082628179151,0.9995395643485072,0.8410970967117427,0.8825978575147767,1.0729887978033983,,,
20220922,1.0148229381548057,1.145616777699941,1.012947309980067,0.879113206063092,0.9860191429740252,0.8627009567043167,0.9620611832028022,0.9481569548867332,1.023773486668746,0.9487740670358296,0.9328385099654509,0.9129851021981723,,1.0247401179057456,0.9844773303670145,0.8414514995280381,0.9011931989564418,1.0100228640632716,,,
20220923,0.9682233631312744,1.1503520787423325,0.9675182744344152,0.8892572803224,0.9956680356000234,0.9273981168243008,0.9502038977948769,0.9523843535532466,1.0081249088261457,0.888499488703859,0.9448216357350525,0.9376191011612892,,0.979447494929997,0.9948609273027028,0.8340180565556645,0.9162562530105911,0.9641430227640281,,,
20220926,0.9827305511249601,1.1759669838218467,0.9449965783429946,0.9030395450609694,1.0116789623649611,0.9809105706296556,0.9223357849799393,0.9470035460079511,0.9593276579663247,0.8464403592508398,0.9534898606374264,0.960564473362072,,0.9274938058386368,0.999061443564539,0.8036446278995395,0.9315722526165974,0.9191226473740792,,,
20220927,0.9688210018252456,1.1790943064685633,0.9150529828517607,0.9190479236478248,1.0088184518042551,1.0366208515515547,0.9148581393952437,0.9513016042966189,0.940717465710775,0.812298971386026,0.9536108774199906,0.9630750072207317,,0.8767857443709802,1.034530134482676,0.7928586017628191,0.9354812684749473,0.8790907020394907,,,
20220928,0.9559057873730612,1.1837295249074689,0.8929874859465952,0.8956042496364558,1.0218545714457385,1.0822590638143237,0.9052608405985003,0.9297216236394084,0.9234637368725143,0.7819752977708572,0.9628133815624199,0.9694655996495989,,0.8381100020318484,1.0615250230837117,0.7927263590412984,0.9113012310039151,0.8469546736052808,,,
20220929,0.9650080744281078,1.1686933803261315,0.8888040161638299,0.9205534282257869,1.0281221481252623,1.1204093739589875,0.9462174873313253,0.9218959771951424,0.9443193926303047,0.7611027277080545,0.9642335587795706,0.9779663750608136,,0.8278753969862803,1.0934800034679615,0.8203280891094048,0.8876893950578425,0.8329116475218787,,,
20220930,0.9793851719297987,1.159032516376082,0.8805401806660624,0.9279839488852436,1.0519931507119638,1.1474272338306999,0.9804263884824965,0.9178837264746245,0.9612453416953725,0.7479594500530632,0.9620546035221946,0.9843702110608132,,0.8224719915474451,1.1184694368762769,0.844507255121657,0.8631978163176067,0.821498160635023,,,
20221010,1.0103816121367457,1.1644350818388869,0.9254823203217687,0.9206264654526572,1.0706728165537809,1.1678662429748805,1.0215371386303094,0.9013375157586148,0.9835910012806806,0.7420786568149157,0.9863832007543107,1.0258897694344993,,0.8448555006576778,1.1230176493199213,0.8968112374292958,0.8537824520313495,0.833421668505772,,,
20221011,1.0445997108155463,1.1707739354117972,0.9712359257646189,0.9316388217654397,1.065111944557732,1.1735335340002455,1.0725897139499858,0.9081672142331781,1.0254129578543805,0.8218820020894397,1.0167123527262079,1.0565365342493558,,0.898872908286848,1.1300534668195703,0.9515457910783697,0.8758488892583162,0.8897353069477186,,,
20221012,1.0747062478451586,1.1747477222801581,1.0107599000070584,0.9431713627632105,1.0565437598924654,1.1865986411874727,1.1227040273644355,0.912315177920364,1.0685229088371997,0.8783827257725606,1.0398301845333378,1.0833378348583251,,0.9429926974323241,1.1503635867409243,0.9946899013543629,0.9088201346580917,0.9310090108491581,,,
20221013,1.1166315376557625,1.181204920286848,1.0462844110837388,0.9709722596219682,1.0506016236173008,1.1908119111175064,1.1640334219445676,0.9007303164627095,1.1083592188186477,0.9222370912706319,1.0610679955112774,1.0986438173702815,,0.9917487378919518,1.1692352677575963,1.0215215962257307,0.8990613592253952,0.9745445667337312,,,
20221014,1.152982399151196,1.1913201837283307,1.0879506423402374,0.9849063607560169,1.0441908154024118,1.1428046571570576,1.1958115138335905,0.872165473775213,1.1393835289177392,0.9672138209700177,1.086023141332078,1.0934987028676257,,1.0310224386868563,1.1505656289348258,1.0519322288426796,0.8908520247103701,1.009844443879455,,,
20221017,1.1477832161712123,1.1667344884050954,1.106196137724129,1.002350341157056,1.0379004577788802,1.1034348574032102,1.2218445390078296,0.8869041833484922,1.1693400924908437,0.987437429150432,1.0943766775553625,1.0886529319133271,,1.0548215733987638,1.1523001639865726,1.094042315957867,0.8819008523532406,1.0303657641921766,,,
20221018,1.1526751370083195,1.1495020738170818,1.1245242433589937,1.0191784342410295,0.9548530067019184,1.0573495641307273,1.2399407599170684,0.8998919933648165,1.1867398732417702,0.9991291692249039,1.105515090761887,1.0905338127318678,,1.0769130854095146,1.1140467200838777,1.1150366530927347,0.8715618013551504,1.0501258447711286,,,
20221019,1.1567470929351313,1.1395350760540797,1.1417211125133515,1.062898054962827,0.8800852158749277,1.0250765958774712,1.2554331521995274,0.9289834511858202,1.2020918513901704,1.012844642008606,1.119470631367858,1.0893164457410265,,1.092276950745403,1.083915840785019,1.1333042383490237,0.8793814278950249,1.0678773042866434,,,
20221020,1.15604942949119,1.133397478433438,1.1498858906922527,1.0506299912956438,0.8362286869566473,1.001831726940338,1.2288856528362138,0.9344089882466496,1.177544440557864,1.024721753554993,1.1409430126272717,1.087024209323628,,1.092186621075716,1.0224287932320244,1.1442515794185941,0.8781817364717737,1.0749390030469057,,,
20221021,1.1614937082349284,1.1321948680570035,1.1700191077415163,1.0348533992184934,0.8006821214065571,0.9693716319189857,1.2068510473506453,0.9360259240484762,1.1565494512316457,1.0299675110620112,1.160509490409999,1.0879671461491347,,1.0940749733908863,0.9815689580890481,1.1552048150548937,0.8318238125715544,1.0796109841380606,,,
20221024,1.095342952197731,1.0064661392663943,1.0517466940808837,0.9589364075974997,0.7731493733926018,0.9498011131917079,1.1060731059722178,0.9364473962597508,1.0690763660951594,1.0287645165393395,1.1473293437571552,1.0568530311737174,,1.0164822638554194,0.9450113352153118,1.0915295209016744,0.8019712739808513,1.0333044771999176,,,
20221025,1.037923858132015,0.9070539887173198,0.9619799136996908,0.8968574686890893,0.7672384014893938,0.9282632682384117,1.0112170969129395,0.9359691166620789,0.9811823794178453,0.9703826441620493,1.1084448656750723,1.0358753881204632,,0.9505481291546034,0.907485369581368,1.0386488881834426,0.7592146633983947,0.9838517762619134,,,
20221026,0.99240714204848,0.8243018729828062,0.8960811629652324,0.8476899423498702,0.7749950202049496,0.9183824823541863,0.9334996298190519,0.935431431145203,0.9092121398185542,0.932794642616952,1.0824777413074624,1.025610172477093,,0.8958121542578668,0.8786698234938979,0.9884136544238942,0.7255936950567058,0.9476096895204955,,,
20221027,0.9545491838587626,0.7606708336595459,0.843888525861175,0.8165305057558975,0.7808070974128923,0.8904723226688991,0.8292791441691775,0.9363169338720252,0.8054783823745828,0.8984501904199609,1.0608407898201888,1.0181500317886005,,0.8481719243981856,0.8548104569970226,0.9523743479907144,0.7203646362033224,0.9097691731299122,,,
20221028,0.925668488579628,0.7029480779538839,0.7916110838699597,0.8041010966176841,0.786405162633094,0.890810874757186,0.748706648323265,0.9483240396425602,0.7451870544659435,0.8707319475759834,1.0405650027107014,1.0193588263540407,,0.8152196085117968,0.8420090947068823,0.9178325314313257,0.7184545907416126,0.8769056775914021,,,
20221031,0.9109820345377516,0.6581783392163716,0.7574745729921418,0.7907739942088352,0.7818069792702633,0.8904937364612416,0.7166535007447062,0.9341652866282382,0.7463492532943079,0.8615807817817286,1.0384864090724195,0.9919831366779424,,0.7948089223275977,0.8240020701575541,0.908948936415087,0.7474313102128973,0.856591287651853,,,
20221101,0.9123125278112264,0.628252074647849,0.7465180555295895,0.8205958186548165,0.8862103132799946,0.9197284449523631,0.7256532213095495,0.9689367960960265,0.7815986803057465,0.8546927144164356,1.0472721436964372,0.9589881945282931,,0.7917763132629979,0.8668487909124285,0.9199245593513791,0.8125034243689891,0.8467850770071332,,,
20221102,0.9160973202306332,0.588868468844388,0.7299755319621695,0.8264735614872304,0.9738535376378313,0.9354266005815423,0.7342338579620286,0.9983612940212617,0.8112679613422197,0.8542880269010121,1.0427429279186056,0.932451113415449,,0.781287072440194,0.9015544751502078,0.925855458113699,0.865925320223687,0.8254373556197054,,,
20221103,0.9052935731405456,0.5557242814388661,0.7144247140230487,0.8608139069642805,1.0287542798979423,0.9514118553932558,0.757576464551158,1.0318118840988597,0.8508466765491484,0.8547366122950684,0.9945774851518228,0.9086404590505589,,0.7758610477942665,0.9466553861835807,0.9318807024805057,0.9143787416168774,0.8007179835930812,,,
20221104,0.8711651390570312,0.5181374062404871,0.7068676673669969,0.89254626997088,1.0743226872482017,0.9760947450198594,0.7806761360606503,1.0562563744503053,0.8815520326167098,0.859758811078512,0.9767772020633045,0.8593668226953982,,0.80328915963353,0.9748887619785155,0.960034554798357,0.9939227605935058,0.8086222766416945,,,
20221107,0.8730216845841033,0.5535644678250696,0.7823224008774693,0.9526299681560553,1.1115219203273563,0.988404362493856,0.8443316141544964,1.0827938634936598,0.9402060114079397,0.8764693863417579,0.9772234972382713,0.8470074708050885,,0.8719852705505973,1.0032676286941777,1.0089645963279164,1.0492658228315819,0.8457345264694934,,,
20221108,0.8762513443548394,0.5877060478134619,0.839786129470115,1.0071196152749422,1.1459152398690946,0.9983382951121859,0.9033518980502111,1.0985233400593484,0.9954619258688776,0.9231351434918809,0.994532234575907,0.8358420978101484,,0.9292580055313164,1.0188583028655864,1.0427959928673596,1.099856239561617,0.882744139471457,,,
20221109,0.8658220424092173,0.6718462207648673,0.8678799264083789,1.0574411308503564,1.1604290790454774,0.9884015996776321,0.9532703944326657,1.1053369620682036,1.041595172924353,0.95448520068278,0.9971509978740737,0.7998424492636081,,0.9775978144491336,1.0371571771834178,1.0709362420893813,1.141173037424777,0.9126643785502312,,,
20221110,0.8696441945610958,0.7491835645918562,0.8984327515367075,1.0988909783876393,1.1670626154041197,0.9969438042388684,1.0290352864425665,1.1298236767463778,1.1046779282325994,0.9843495618090785,0.9935075275681893,0.7757932789021352,,1.0205830553562731,1.0620016072707086,1.0942874890434195,1.1746118042957148,0.9404370886836869,,,
20221111,0.8813138327574097,0.8188728080029456,0.9380756637600368,1.1030702318881058,1.1452721510614323,1.0296130141497026,1.0901026591379899,1.143418315451024,1.1511404083128354,1.0209763191948134,1.0133553874920367,0.7601166986257728,,1.0274435842821377,1.0902456359138673,1.11374581787787,1.1924826885459805,0.9538675173858024,,,
20221114,0.9018517089466809,0.8861632316817304,0.9622148973946952,1.1101355962245532,1.1204392938782022,1.0568211143785196,1.1056673935167871,1.1449580402284107,1.142182748120926,1.0417438133977364,1.005387386736666,0.7857288682545708,,1.034898987599362,1.1039379944834906,1.0635378312739168,1.1667362799558436,0.96587658179269,,,
20221115,0.8931949640043259,0.9252445158392089,0.9622656318311898,1.1003971249717852,1.0340507373095844,1.045579762020311,1.0923436062002978,1.1048114772123858,1.1103409200315113,1.0607019376125315,0.991868860832843,0.8001221114663912,,1.0313238789984454,1.089808630911365,1.0221040973390585,1.1415311247077669,0.9675389733595977,,,
20221116,0.8740662273216399,0.9535836933997328,0.966923134719056,1.1033336722591185,0.962984160642369,1.0421632766162103,1.0809494338399035,1.0695010706910295,1.0841812806699995,1.0804152371453184,0.9846739915542826,0.8101114489524793,,1.0379398418758004,1.0781323529784694,0.9911971472049277,1.1040209054733436,0.9784611247860511,,,
20221117,0.8778757075849695,0.9732199033525232,0.9765573874837572,1.0967271706413255,0.9120239936609367,1.0237814652460755,1.073660336449095,1.0445339185781177,1.0675808872452983,1.1056711116044686,0.988445055951701,0.821537641474391,,1.0544560823009215,1.0823384067291455,0.9947847914389164,1.060284449579865,1.0065376600473053,,,
20221118,0.8909116666091839,0.9642326875016941,0.9603232419669933,1.0918047399699802,0.8753304206582386,1.0079852529821893,1.0614400942782949,1.0169171047462247,1.0503558043328882,1.1243896859273637,0.9750319054535179,0.8365104781611471,,1.0183012374491252,1.0842451506589752,0.964557756216135,0.9713591449265179,0.9981510063286563,,,
20221121,0.9110656530877818,0.9368492713451575,0.9451414255722476,1.1136490794557226,0.8940093890028452,0.9775631860671647,1.0570620213373232,0.9895845940504961,1.0383781183217151,1.1352421291193309,0.9626468928321679,0.8548577311558239,,1.0060464921993093,1.0906476125448425,0.9310902916585994,0.8975400304796181,1.0154619776332086,,,
20221122,0.9194221795160191,0.9056018137625389,0.9492163069103048,1.1175853382881369,0.9109089381344456,0.9519107368375126,1.0542055032178639,0.9702325574377326,1.0297580378409308,1.1449634523588663,0.9564896825077193,0.8695028335797504,,0.9972130046475072,1.1027502824111168,0.904220003698556,0.807552758145292,1.0316130380120438,,,
20221123,0.9337793041510137,0.8834071790030493,0.9687878094119259,1.1184990675776787,0.9299956779987865,0.9421816428896337,1.0497990912075037,0.9571182386743498,1.0112010616038325,1.152300653198187,0.9603845517616667,0.9099005262971703,,0.990025300216686,1.1048003518894391,0.8842367318890046,0.735420426181878,1.0419662532250404,,,
20221124,0.9496317286782467,0.8847008181191954,0.9870867305227716,1.1117963125471058,0.9461955419506215,0.9326074608385537,1.0188242284072957,0.9568910942755305,0.9830344124336805,1.160720801222136,0.9688732164915316,0.9465925798452245,,0.9843629444496634,1.08807322862176,0.8683183772346749,0.6908968606051343,1.052709943382051,,,
20221125,0.9216751336973837,0.878397588990728,1.0014978878228928,1.0973100601401822,0.9685806422572227,0.8775512367704591,0.9707004740081924,0.9411131990418693,0.9198882525646426,1.1247350960980127,0.8927816163855635,0.9831863818195061,,0.9551508413215997,1.0516614386081227,0.8807112710000465,0.6547746596457592,1.010733984730095,,,
20221128,0.9032190536609047,0.8817095648079684,1.019679510848852,1.090787848951908,0.9913973402476011,0.8636604600390899,0.961101388058978,0.9624976938644371,0.8850109387438502,1.1068513458777152,0.8449057606642365,0.9887371615728341,,0.9326745482667747,1.0437797619096287,0.9316995282032149,0.6443650176230493,0.978019919167264,,,
20221129,0.9291602714525802,0.9400298659008958,1.0625992858325481,1.1007843523237129,1.0430023088331326,0.8713086488408176,0.9754753648588036,1.0007024209190993,0.8961841761595531,1.1051430063548304,0.8213846382310525,1.001022948930927,,0.9409199124181834,1.05360037872214,0.9643760084439771,0.6412559923752867,0.9763904304130429,,,
20221130,0.9549767365251979,0.9920206818236902,1.0988076505159994,1.1087423562066245,1.0849729897014144,0.8753348110789335,0.986657198436832,1.032762448612909,0.9061781284126099,1.1061651549614064,0.8035845878045439,0.9832794239382119,,0.9476262454258666,1.061536274399892,0.9925996505330946,0.6394160311653793,0.9702197349786811,,,
20221201,0.9702532792683478,1.0370628542446074,1.127261211702475,1.1227081386544981,1.118638318258445,0.8894262243414827,0.9920783884161538,1.0509682139160916,0.9058637468945002,1.0949744708481823,0.8218104446664964,0.978663942361478,,0.9451571862821746,1.0501935549635768,0.9862559160247449,0.6441160393721941,0.9679157085043884,,,
20221202,0.9826216565741867,1.078918221141415,1.1440563207081096,1.141404961116592,1.1475091010009364,0.9234059092144339,0.9971054285199344,1.0705866810438907,0.9114162824203913,1.08598390698843,0.8642080134354735,0.973771197586769,,0.9577119286693357,1.0351016820061674,0.9949569976968123,0.694753843027588,0.9705773797758995,,,
20221205,0.9614969068016855,1.1114606392485407,1.1516577927507576,1.0994938385382964,1.1100197705768582,0.9605377071131581,0.9560884672570514,1.0848029376475055,0.8711925351191924,1.0628679467317192,0.8971192905943293,1.0059571214129939,,0.9231225347146518,1.014256691810318,1.0112760036240926,0.7667501297944966,0.9265019746756185,,,
20221206,0.9523510664744244,1.143293965643712,1.1587321026550519,1.081879975044011,1.0101172570716126,0.9926694538635455,0.9292769431553141,1.0995025519012538,0.8448051221964965,1.0453331739985587,0.9186188804243021,1.034425535889885,,0.9073373642837728,0.9993124983794566,1.0218005102355794,0.8552253656291585,0.8886546177956947,,,
20221207,0.9442253889834463,1.1782624744013925,1.169623401517902,1.0695415861248112,0.9283475919350366,1.0068974461014553,0.9140388982676939,1.1152172258480963,0.8380659485528795,1.0437879162144705,0.9456011711431636,1.0565878596698877,,0.8963356527718356,0.9955090285291949,1.0352807273608258,0.9207877553569443,0.8610108828927735,,,
20221208,0.9414688539852993,1.1927981772582001,1.1752206501602633,1.0614565647654273,0.8781125760499925,1.0156531473479136,0.9087350478493009,1.100002321610922,0.8408703252902204,1.0252774189312885,0.9711752289834312,1.0630442570103942,,0.9016929810687694,0.9932464455874875,1.048417333981692,0.9598942481832665,0.8455143862384196,,,
20221209,0.9673577912375186,1.2079531234002536,1.1668677118061233,1.0604643050737426,0.8337435720592701,1.0546449895594803,0.9319180625422245,1.1000526065240548,0.8839978646154952,1.0381882345965858,1.020869820502728,1.055195367635756,,0.9295149476526428,0.9912027207230633,1.0253743664336756,1.0130445689210992,0.8716641901448278,,,
20221212,0.9646746337792422,1.2029434008703552,1.147001121355921,1.0267494547704894,0.825028379835869,1.0532541842893968,0.9144160009601349,1.0402608285347978,0.9181925103536518,0.9987989178974535,1.0391570683074507,1.0834243021086973,,0.9440285520824215,0.9725406169685138,0.9967100938936543,1.056567486758997,0.8751337850660863,,,
20221213,0.9207281045152497,1.1624154376858846,1.0649107059486245,1.010396180423946,0.8175656358879726,1.0614439188288056,0.8890229784481307,0.9910175244375286,0.9268559728172703,0.9497438795504122,1.0540320479951921,1.1228642231101185,,0.9433737845469105,0.9373578903058633,0.984667277827036,1.0923308464231374,0.8768075981817782,,,
20221214,0.8826852643761284,1.1302364274799865,1.000825546066701,0.9913907386663806,0.8094910368898985,1.0724375523221956,0.8741040501414662,0.9507542209943158,0.9333536305942269,0.9092812787561819,1.0647191417290123,1.160984756970837,,0.9428173402346237,0.9129334628939612,0.9546756577411082,1.1252450938687097,0.8766036778698441,,,
20221215,0.8675697192017156,1.1065085626099898,0.9652879406346305,0.9786913083983584,0.8068023106369359,1.0819624404156292,0.8669374706358937,0.9246769861508828,0.9449042773788876,0.8860164601257634,1.0534126295684019,1.1808770638428467,,0.9535093936009111,0.90747888438464,0.9648134656034132,1.1604693757624251,0.8813773685254943,,,
20221216,0.8706241742725025,1.0869467532668442,0.942001173822484,0.9487899718730597,0.799773478263847,1.0687683751802957,0.8630585182631171,0.8930160658310797,0.9474224295686902,0.8692967571032028,1.0244257646437105,1.196369246388267,,0.9698766133158969,0.9088880775822459,1.0050748987035854,1.1844166023001554,0.8900630492372804,,,
20221219,0.9090394564834597,1.06960276520565,0.9262331486520332,0.9529543263334418,0.8400023800935652,1.0472367769507227,0.8992481520874781,0.8882388719185977,0.9842659220572233,0.8828530900520163,1.0150912709660231,1.1893672834570703,,0.9941875712041331,0.9049221068099135,1.0442893355097782,1.1823753650427002,0.9298908501737143,,,
20221220,0.9569727472140321,1.0481768168995447,0.9235207511610736,0.9233205947119161,0.916545476730891,1.032978913541372,0.929346924936363,0.8781256296364396,1.0105621629496537,0.9021163842518534,1.0105417557706562,1.1834190133817735,,0.9673880318820259,0.8957405281146058,1.0768476358144539,1.1803995214999028,0.9499553899536822,,,
20221221,0.989302161113012,0.9725956679968025,0.8816394128864974,0.8990728252040912,0.9811292339489611,1.037030981795748,0.9375658220319547,0.8644540758480966,1.019649961311653,0.9000136302707898,0.97830919451034,1.1798690080904357,,0.9113941442805236,0.8591049175544995,1.0980096562035004,1.1772380957336657,0.9462569591458155,,,
20221222,1.016683810241131,0.9158892231572954,0.8460329018288215,0.8718575625183917,1.002178834177936,1.0403522391709852,0.9521304396893532,0.8832082536631684,1.0308568035574872,0.8988627626198895,0.9484209923626645,1.180047627913514,,0.862909590943485,0.8465309221128527,1.1176010872456887,1.195985074026745,0.9467862561583044,,,
20221223,1.0364806309607768,0.8513696532501372,0.8279511774153716,0.8416232530880783,1.0121544429813896,1.0419092988333998,0.9645454262310171,0.8814987770349193,1.042785006229522,0.8869759303939909,0.8994039185527328,1.186952560375478,,0.8335509339771138,0.8522498137312668,1.1356830460953462,1.1925010248821626,0.9616432859010217,,,
20221226,1.0601811894056865,0.8122683990063129,0.8342714931229518,0.8382480091350578,1.0110660412956876,1.0797729885030591,0.987849050390335,0.9171391635696478,1.0347265053864696,0.9216386714597048,0.8688012940060775,1.135557742060083,,0.8155625392225403,0.8612883816999033,1.1527964683222758,1.1919409850751819,0.9764645865271032,,,
20221227,1.0885126769969664,0.7544677935811748,0.8650186849432356,0.8111940515760074,1.0201643649544283,1.106319393874558,1.0272443065368444,0.9437921836769929,1.0450846584929765,0.9641366469825472,0.8463900908429258,1.0185703809076292,,0.7983939244697598,0.8941417756834875,1.1677299058990829,1.193732741935474,0.980852893799662,,,
20221228,1.1200280531383189,0.7218888204010195,0.895612323663734,0.7905967804666054,1.0139458622722968,1.1281644893712084,1.0529427155796502,0.9602152688948323,1.049378625814634,0.9988440778365063,0.8294319362217362,0.9378463492358682,,0.7869737553026425,0.9155713798175891,1.1881187472376167,1.1954632102402556,0.9873272886595181,,,
20221229,1.1456983542539674,0.7032882182099253,0.9137767304103883,0.751859024626209,1.010747019213351,1.146407014128114,1.0679041179350306,0.9626691775086695,1.0482293893768178,1.0258916274590062,0.8301377258370953,0.8769437035387756,,0.7617468840445006,0.9148050452959827,1.1754899304243824,1.166442015096914,0.9842908843507466,,,
20221230,1.1473048436049205,0.69279006125544,0.9280449426626959,0.7269010928657063,1.0089344692490456,1.1518203596391785,1.092546814126596,0.9756996910277658,1.069746132490993,1.057180815100284,0.8533021876266704,0.8238044431517095,,0.7354597226108908,0.9456944316869282,1.126755193410317,1.1470862150089367,0.9667965980513356,,,
20230103,1.107957310657762,0.6838412080715655,0.9300624881365366,0.6780151637307684,1.0043919535272214,1.158576684248582,1.098279465391739,0.9523688494840975,1.0799654719987615,1.0645479077484301,0.8262821320390129,0.7990505787542848,,0.7086774934900422,0.9686316804502547,1.0558490378149366,1.11494432314922,0.9293065497717724,,,
20230104,1.0894495926919192,0.7411297056855273,0.9569390889930955,0.7206444752207414,0.9980528340745205,1.1646681461272148,1.1054269324439,0.9460746418523347,1.0921067441551136,1.0606020723430571,0.8343680417151746,0.7811327437005379,,0.7388264434232285,0.9921936983216124,1.0028366691747612,1.0793215973167216,0.9090531128719407,,,
20230105,1.0691218738069286,0.8233406633185374,0.998859610210328,0.7592102435081991,0.9949461992999497,1.1689298945905493,1.1173345910299557,0.9346538499235874,1.1044103589052425,1.062749287619846,0.8588837936484487,0.7585459874740093,,0.7767083828113551,1.0272421929750686,0.9637023273673667,1.0495358395230803,0.909764668583981,,,
20230106,1.0478650927523157,0.8909216813179269,1.0351489716172342,0.7936657767887687,1.0018421584414643,1.1720615093786866,1.1273462946741366,0.9360221415325766,1.111217554223514,1.0726480674387218,0.8916321206148722,0.7412205681923137,,0.8208676147479049,1.0393768020202832,0.9121537305580749,0.9533237636427658,0.9119733862663023,,,
20230109,1.0273542381203657,0.9523007818225858,1.0624177730368003,0.8227733930944185,0.9990827694731176,1.187136297478407,1.1149092003329881,0.9457207274362984,1.0846843824334247,1.0621816734331126,0.9432434481198286,0.7298861936409915,,0.8573253786364111,1.0410569305746618,0.8881573337193077,0.8947824058529854,0.9122144096574446,,,
20230110,1.0127372405785116,0.9775838321941592,1.0373604210710645,0.8487591863241912,1.0077744801181951,1.132241235438208,1.1042389759549889,0.9452832962308091,1.0673492250623517,1.0306334853782064,0.9839305019577858,0.7807253192423224,,0.8892401133571469,1.045286229763972,0.8828169345245309,0.8448975448063939,0.918337228017087,,,
20230111,0.9825796507872601,1.0109523626027992,1.0278269107972648,0.8733206802322179,1.0100080438550498,1.0875617866908844,1.070881488079743,0.9458108602362731,1.0452608405436539,1.0119818873513202,1.0328056001382075,0.8637222977491699,,0.909894904838533,1.03344123107453,0.8436991249197469,0.8245359042030705,0.9072190958742228,,,
20230112,0.981912971355865,1.0508178203164433,1.044381394455128,0.9057637084442232,1.0235125416046211,1.048652716805417,1.0507783306710015,0.9461071004006122,1.032020559987454,0.9966105160796112,1.0735381820341052,0.9022925507559149,,0.9606600482582387,1.0283434389557013,0.8018659162750047,0.8092993944602728,0.9331426530011726,,,
20230113,0.9835097339956018,1.0895703307420717,1.062831580426344,0.9542110903144415,1.0264729520446223,1.0272248333801675,1.0277258886068898,0.942856595816685,1.0246860363946655,0.9694625100529234,1.1037632891481917,0.9202819887170094,,1.020526586346523,1.032988430829984,0.7797356443017496,0.7970743390100054,0.9683444579425232,,,
20230116,0.9868307678908885,1.1111214824901012,1.0749935631340526,0.9917698296084214,1.0301007934824535,1.0103366048262634,0.991875980308746,0.939563870147456,0.9923292038828531,0.9418014298722917,1.1235827502617892,0.9313906638430863,,1.0702870832448566,0.9725551835708814,0.7846401826108338,0.803938685657572,1.0028520904435814,,,
20230117,1.0039557028156132,1.1290318501202317,1.091019234092335,1.0244727608035795,1.011642634174353,0.9932874634632167,0.9696952453673429,0.9593725069106424,0.9695324853153886,0.9291006568020806,1.1547436530204862,0.9429627914027052,,1.1168052951965919,0.9532546412090884,0.8012662374594607,0.8286574720319168,1.0448335702692038,,,
20230118,0.9898668382128513,1.0849631229686032,1.0342047827585905,1.03487489745426,1.0005153666555884,0.9936280075014594,0.9150422464983512,0.9470646323157429,0.9301894565631909,0.8914736430407706,1.1624122904939649,0.938141252325875,,1.1484200701973517,0.9292796649414815,0.8429411567489387,0.8518968979964018,1.0712399003904858,,,
20230119,0.9778629160552978,1.0271398450020535,0.9838244911721788,1.0358065744384086,0.9935086497923961,0.9936891794161263,0.849086051171585,0.9290250901931281,0.8767357263452209,0.8578652407356037,1.1547462014549126,0.925522456391493,,1.135018396044858,0.9144638599620833,0.8782159215750398,0.8691427720930069,1.0478068916298717,,,
20230120,0.9694614353643025,0.9869656771813256,0.9429076668749653,1.0408168699885978,0.9793954472394188,1.002853207133064,0.7955661536047113,0.8599366402679096,0.8361596235218569,0.8291767723682109,1.1419892696006408,0.8870380413211484,,1.1230621202274484,0.9153380418810405,0.9121181786568281,0.934077743686553,1.029850494803614,,,
20230130,0.9749189242614698,0.9652150684333827,0.9024056412412316,1.0385585428594777,0.9753380731639713,0.9531886171141712,0.7606861384594785,0.8668538449833247,0.803101274291643,0.8380028325241208,1.1322461642415107,0.8601763156057785,,1.1116414479509165,0.9078780649216371,0.9735282261102535,0.9774094352128526,1.0278314547858967,,,
20230131,0.9829867023051964,0.963039670894806,0.8917648372086378,1.0124644997912458,0.9799685114117543,0.9218537743671062,0.7677362292397877,0.9125430198305574,0.791069205899756,0.8711049522280346,1.1206788372821226,0.8372250121973731,,1.1135511865715568,0.9022681764404732,1.0223574104607231,1.0102039007639758,1.0388656676999966,,,
20230201,0.9925410284754239,0.9618839245172498,0.8823863920224794,0.9963535095387486,0.9761871617885277,0.8875140494101552,0.7822552283020844,0.9498401094234074,0.7917006688023245,0.8798360049962953,1.0774327847412233,0.8583087598084478,,1.1146592215575442,0.9062717655324762,1.0717732886813474,1.0005906421705022,1.05334354369627,,,
20230202,1.0087060147262745,0.9721583373642905,0.863387759328977,0.9753290453388918,0.9980927628143008,0.8934568968238585,0.8118032058565298,0.9841548321801852,0.8254810570852569,0.8949891852349287,1.0283762846813884,0.9044454921728197,,1.1218655232981642,0.9342792743535661,1.1169313755584362,0.9956534557167313,1.0669795285420562,,,
20230203,1.0222851351373228,0.9784578297947435,0.8520901055436804,0.9708374224323106,1.0180560933048282,0.8914976526209609,0.8191339679316026,1.0070346709252398,0.8291130068999948,0.9065677273776803,0.9865625583453984,0.9502232943281186,,1.1174309015979393,0.9529394588726021,1.1535245640667853,0.9776290830717266,1.0681383251920733,,,
20230206,1.0363145118372432,0.9912162247941768,0.8492272301493609,0.9667269793635354,1.0355230547714993,0.8930649393195194,0.8352381696575394,1.024347741732068,0.8486994192949789,0.9248184596898793,0.9629637728788705,0.9914588293041672,,1.108944372593516,0.9952629892440256,1.1844187735091736,0.9497084635639653,1.0707652193181516,,,
20230207,1.0527201310206988,1.0069316456457502,0.8524557913160453,0.9631079117333644,1.0356105099584032,0.9038008844831797,0.8460647443319248,1.0409457811997564,0.8644375286188148,0.9372997294734327,0.9473696475919138,1.03849363430865,,1.102083396197136,1.0022549959550522,1.2074502715544395,0.9376427637371103,1.0712810040187113,,,
20230208,1.0527062130292741,1.0345599805815533,0.8812017349775677,0.9391785154190154,1.0189424311284978,0.8989517632894442,0.8556751249353105,1.0438255141772155,0.8743647873387344,0.9393932807066759,0.9142764724718451,1.0742594516468438,,1.0556746703734434,1.0122552907886249,1.193984880933229,0.9271020814038238,1.0440594177715183,,,
20230209,1.0614008753183364,1.0648279528665843,0.9115180150665319,0.931151765749959,1.0068119970989413,0.8957629279814155,0.8769617244864242,1.0393968074541156,0.888058236163137,0.9380408902623842,0.8921598586189498,1.0858765303006592,,1.0316299801211828,0.9971093300979615,1.1772347711576059,0.9084201690387123,1.034084670737173,,,
20230210,1.0584172485581995,1.0728992786736506,0.9269767116952107,0.9405119177993422,0.9841592268823337,0.8534643212651913,0.8679296153119653,1.0494018777774394,0.8573825901269879,0.8945409832668985,0.8538757471396534,1.0758996828209826,,0.9921622956064421,0.9556031391428632,1.164504092412504,0.8794798799276231,0.9825259005324127,,,
20230213,1.0483968659994212,1.07388652913601,0.9440041194519879,0.9539019295150462,0.968143571653367,0.8489351858721306,0.8629206204954888,1.0354049530134048,0.8103819820454049,0.8680016619041431,0.8131263955794266,1.0018532440460655,,0.9645311323364071,0.9280524285491097,1.0539189827645081,0.8546677253886985,0.9374167690999048,,,
20230214,1.0386922581235773,1.0653415143027418,0.9543002726659269,0.9525428813839626,0.9609855860693646,0.8253083212506995,0.8499440684426978,0.9857871162236355,0.7793605060527107,0.8530036099055139,0.7797849662122881,0.948607703393155,,0.9407189971322005,0.9166897845846497,0.9606267813822891,0.8544094371898111,0.901366236827504,,,
20230215,1.031344131315757,1.053782917803921,0.9604775536798558,0.9523256364553976,0.963920778370024,0.8262278922174605,0.8373649262903802,0.9459767336649136,0.7507937176121735,0.8559035527504373,0.7701213639183886,0.9020348488804556,,0.9125604619351433,0.9015998055024922,0.8914521267925879,0.8749667845284057,0.8701128925598675,,,
20230216,0.963754066210066,1.016726132544102,0.9692309625229372,0.9778305698278431,0.8637822128969652,0.8107150205039022,0.8190780913190417,0.8730442684002041,0.7162468855489351,0.8372804039305559,0.7889022759370728,0.883095393206369,,0.870499391148072,0.8696544734771323,0.8140078287009973,0.9040317765877686,0.8409820765571157,,,
20230217,0.9030433445843536,0.9958517708850725,0.985706379972384,0.998652859492487,0.7811881120003806,0.7823698037314879,0.8247424195652778,0.8155246975532657,0.7254551470521031,0.8067642482040522,0.8069987433727942,0.8745861597696316,,0.8456009799326394,0.8478075251564496,0.7419776596367217,0.939227436936827,0.8215687753250647,,,
20230220,0.8372361662467609,0.9613452072382422,0.9797642222074827,1.0174041667421025,0.7185023061161792,0.7637662158559959,0.823259341396422,0.7753894821349114,0.7335341098366385,0.7925818725752146,0.8015008718364746,0.8630031455710365,,0.8301839061269023,0.8351485700638317,0.6874601292757525,0.9733562130741047,0.8064272026108731,,,
20230221,0.7726521353608429,0.9309783298761443,0.9577846793052672,1.0294663522576364,0.6852241651252493,0.7588646448162738,0.8172866469891792,0.7450345186066262,0.7482268544696289,0.7934706933533007,0.7998354100104723,0.8374042219750151,,0.8393585558085596,0.8608000115878258,0.6329523208719599,1.0156798234796445,0.814313200274572,,,
20230222,0.7292180303805892,0.9007007847691398,0.9409190673510559,1.0607981483705455,0.6609500753494272,0.7643006663860279,0.8295283886482678,0.731995319128361,0.7681812493826098,0.7970453806691465,0.8087248376817717,0.8121946665043529,,0.8722817425968438,0.8812134573297027,0.5972702429400453,1.0496743765026744,0.836508589434037,,,
20230223,0.6794707363242616,0.88020936653591,0.9044405120597949,1.0738009236477033,0.6452021799283866,0.7896508513313591,0.8341825253018127,0.7228754299199857,0.7845311394142208,0.7924489790911629,0.8171624465858272,0.8188425334143007,,0.8999310262321094,0.9187878558021121,0.5686408719673752,1.0783495937771561,0.8545441981926872,,,
20230224,0.6450987149913783,0.8919827350993578,0.9154004768229926,1.0543761754037821,0.6181319370633961,0.839579002925581,0.8052898751791893,0.7150754471990425,0.793675140807907,0.7911893732819708,0.8358228398162095,0.8404657981154264,,0.881393696345833,0.9207602955842987,0.5578792570684886,1.1059709983029258,0.8311712629875835,,,
20230227,0.6215105842371556,0.9026337443906515,0.9224516927719831,1.0331623619183365,0.6118848905620898,0.8792996456747777,0.8073538108604601,0.7350892897923493,0.8298223773760576,0.8109882489622591,0.854386675055761,0.897218501493507,,0.8876751553503974,0.8856057334348215,0.6054909380851758,1.1327276409742746,0.8452214588423798,,,
20230228,0.6007087105653015,0.9036124504765589,0.9344577035400051,1.0277390708306695,0.6057051724425532,0.9199444922397232,0.8240333735236491,0.7857366665832585,0.8601223112623422,0.840636106381479,0.8756672021429194,0.9264244952002888,,0.8970864139954043,0.8740261956441364,0.6524292403571877,1.1454000959766228,0.8588356442272668,,,
20230301,0.5890697134661517,0.9158328720695772,0.945721696292803,1.029842376430347,0.6123355947956045,0.9304161904865357,0.8398074249088173,0.828888701758549,0.8749476399511843,0.8660018257112411,0.8892716277735966,0.9448645820359677,,0.9120921042684768,0.8584931191969776,0.6886003989978465,1.1343298035876535,0.8726152633455384,,,
20230302,0.586227567369411,0.9249409421304642,0.9628487925026809,1.0336542437461103,0.7060270059532869,0.9501790224072051,0.8719944904618878,0.8917962962364284,0.9121386728730607,0.9076514355308366,0.890265608176164,0.9540550738678325,,0.9527439870267355,0.8808690020733267,0.7461533884588949,1.1256702163620425,0.900807642226786,,,
20230303,0.6173611614116965,0.9315975309183981,0.953298492637071,1.0068002387794812,0.77527184401508,0.9831154611806955,0.905906467034171,0.9458014338891769,0.9373219316784498,0.93144681901484,0.8687137974694203,0.9606953649803316,,0.9625776586906937,0.8975138576257113,0.7915265313332871,1.1186013281019809,0.9086149689028622,,,
20230306,0.6502037048130205,0.9421538348118763,0.9579416642068856,0.9741616891549477,0.8521764086990273,1.011186063650763,0.9398157001005598,0.9759887594066364,0.9565115557028608,0.9645239145740635,0.8629105789064125,0.9676300496060447,,0.9712855543105318,0.9127641474863097,0.8429785524645577,1.1132672219445592,0.9175005337244234,,,
20230307,0.693767810129813,0.9494894331907172,0.9763041318317527,0.9503370805779309,0.9141345908197318,1.018740995571316,0.9443705346950614,0.9827289335398756,0.9406573860813525,0.9651784718314473,0.8366620012807926,0.9879547636770281,,0.9562726753108873,0.9044195571669885,0.8967627704174473,1.043543062411758,0.8975535974788668,,,
20230308,0.7415892242691488,0.9839616369557554,0.994472517469391,0.9319122346681976,0.9737782679008894,1.0252403107849917,0.9408850159976367,0.982467696640667,0.9314069939442691,0.9768039587580294,0.8161693780767432,1.0099685660576307,,0.9463031603716263,0.9137227890915585,0.9328238055502613,0.9915914989612954,0.8883261023498699,,,
20230309,0.8030241652876381,0.9992773909644561,1.0038656513149875,0.9157359831537886,1.0162024001877241,1.01134671845432,0.9464504033015961,0.9990027927134304,0.9253516343077679,0.9753738550945763,0.8007585919711494,0.9982188518842072,,0.940787225574755,0.8750622042796812,0.9693105238601999,0.9504748997290837,0.8877703509459158,,,
20230310,0.8731455279657935,0.998009647125416,1.0106041444769231,0.9315670176621861,1.0519554621103144,1.0124573121092049,0.9646077585517691,0.9998133315693615,0.932533642222067,0.9538842179003696,0.817840225962869,0.9869388265536368,,0.96567790582112,0.8529294182249461,0.9621838964667827,0.9075958867462376,0.9201840761764046,,,
20230313,0.9320093099704158,0.9999649181290617,1.01936810444784,0.9326325352640503,1.0814634083502885,1.0189525430972026,0.9733791598362204,1.00618012043291,0.9292268391835425,0.9483516775755607,0.86567881844595,0.9753463709316418,,0.9522544007756947,0.8880297499968159,0.978119099715281,0.8770070137529005,0.9069801855328071,,,
20230314,0.99983463348015,1.0285003617919064,1.0360855144403935,0.954198963513846,1.111388343065553,1.0118961792209933,0.9716906669088136,1.0157414456722433,0.9262876901995416,0.9264411271487845,0.918800355899116,1.0079146879990448,,0.9793454603519138,0.9113758907499835,0.9960213710799214,0.8501741804286747,0.9296108245737129,,,
20230315,1.045422019213796,1.0410310762494173,1.0458722551914255,0.9876756142328303,1.104218416506594,1.0215499927480822,0.9161337563517244,1.0262250796039776,0.8967019972161746,0.9471728243495712,0.9602280318202995,0.9978787097697238,,0.9705610514250275,0.9283477455592923,1.0137728466805616,0.8293884483470665,0.9233585434992231,,,
20230316,1.0908016636056617,1.0683134493378117,1.06032090936695,1.0019273887975417,1.1015029931193494,1.044003619938675,0.9093497844846987,1.0450711142530666,0.8931801945152238,0.983377355348807,1.01078697054285,1.0009788247222553,,0.9693373752925728,0.9655426871500962,1.0721089415043583,0.8186038945835274,0.9246366197442442,,,
20230317,1.098690688804093,1.0817558095220043,1.0815859990417265,0.9998490070551398,1.1155523749163234,1.0617292993353595,0.9328970691764932,1.0543254154989554,0.9246662548514576,1.0169590513271207,1.0560568188019872,0.9972193235747567,,1.0031775249053607,1.008057589630093,1.1217692806140682,0.8189166020562615,0.9438136013851399,,,
20230320,1.0964494912376446,1.08692160903494,1.093053683233441,0.996951876905775,1.1306469143422841,1.0555993168616906,0.9594746830296748,1.0690275351950804,0.945495729419778,1.0483535200874434,1.1040406512615588,0.9930251215843711,,1.0412958555388172,1.046403193945996,1.1489765818073572,0.8136083907613102,0.9736665120399154,,,
20230321,1.0964904570211367,1.0862863487694068,1.08460768806518,1.0036906347181078,1.1460190181177354,1.0543554618236526,1.002076048807659,1.078830848732509,0.9907636017181163,1.0845303194129372,1.1502781907905568,0.9787342682838905,,1.0812120067249993,1.0819700146492757,1.17542507467851,0.8578372290483244,1.0104866947673532,,,
20230322,1.1026263244248633,1.0949813877000125,1.089556964652417,1.0116398699839968,1.1555573343453087,1.0691641893655282,1.0429092004328209,1.0908969020127548,1.0302167070865302,1.1134069307631864,1.1889934205646826,0.9869847417898296,,1.1140722821296116,1.1088327823703346,1.200946211774321,0.8963835964608147,1.042937193902282,,,
20230323,1.1105070878917829,1.1081932943168067,1.0993580815018311,1.0153436267377212,1.165464624071996,1.086602361733257,1.0751264803821976,1.0833265271995893,1.0631037766464688,1.1399926547428307,1.220927273799328,1.0017715535558018,,1.1388956298069342,1.146987146755702,1.2220996226499912,0.927220675939529,1.0717295916858172,,,
20230324,1.1219618817130785,1.1282928330491244,1.1038979022705322,1.0232965809736483,1.1598951904430268,1.1150369923564938,1.1051068702793696,1.0956434802300938,1.0902898473598837,1.161125992597262,1.234215046870258,1.0304926536389958,,1.1656638195774403,1.1730317837057576,1.2460276866194164,0.9900827210895571,1.0976364070711264,,,
20230327,1.1228516958087038,1.1392824670831196,1.0951894893622716,1.0223760175377221,1.1611254707661165,1.1351519010217122,1.1271578155028426,1.096783272326293,1.1124349878296957,1.1764478234945681,1.224349124303519,1.053628763401306,,1.1966328651761804,1.1738231348104158,1.2454874965004683,1.0330604257934626,1.1340007399507346,,,
20230328,1.1138505943266128,1.1332154001772914,1.062292700244539,1.0470492031156378,1.1617455224950664,1.1566988485631944,1.1446416983931818,1.1034552265778903,1.1270247897437795,1.1894641327122752,1.184985764677086,1.0276517779654986,,1.1758835839015174,1.1768076118091677,1.2490338131030574,1.0630554709583857,1.100380629536852,,,
20230329,1.1119615897188209,1.1309979251159716,1.0312743243308693,1.0539726201902446,1.170909238060558,1.1740328215666924,1.16987013546405,1.0971511706305825,1.1372392228718167,1.1858053831047481,1.1534169905106681,1.0174219068478236,,1.1625435695725734,1.1794070640314225,1.251459630665896,1.1025678440428746,1.075978321657825,,,
20230330,1.0273601169434945,1.0758893045058164,0.9334575223254857,1.0072494381495716,1.0613315503643392,1.1585105792651282,1.1074053687385756,1.0486477445675757,1.075286472974067,1.098131671127187,1.0095805740616564,0.9403109752022204,,1.1210702175263403,1.0952812892808717,1.130605030522356,1.1190132151287688,0.974855020853217,,,
20230331,0.9584712023373388,1.032744189349019,0.8516740976941894,0.976345908620803,0.9631481647414937,1.1513967579262958,1.054360862300149,1.0099406036277718,1.0249349649671993,1.0311503489961789,0.8861113246734776,0.8843334521985439,,1.0775602885031852,1.0126872796494324,1.0673260140487721,1.1323619245227876,0.9087095461677647,,,
20230403,0.9310931956852586,0.9930002043036605,0.8079380281897026,0.9677336621475338,0.8960949044955955,1.1531797166454107,1.0018953436356115,0.9757839561754676,0.9524889116415971,0.9815153741157115,0.813849576747452,0.8601709375873876,,1.027899458633578,0.95998180087587,1.0128535776965852,1.1549053132306655,0.8442469077252127,,,
20230404,0.9089121414665131,0.9600673497220996,0.7762404975354489,0.96350970663546,0.8576456911729312,1.1425102169092296,0.9682323451022897,0.9581897388064644,0.9117250132720435,0.9332693747231102,0.7540958067334682,0.8397119186634604,,0.9842631067989092,0.9110243427084265,0.9778816358299309,1.1641890031883377,0.7876676742148313,,,
20230406,0.8854711463330857,0.9404763137918921,0.7614230234789829,0.965042356582016,0.8446985481623001,1.1393205123968475,0.968231493458248,0.9485054121198094,0.9178042346945109,0.929282131925053,0.7279568538639509,0.8281530756483618,,0.965642019228208,0.894739931875399,0.9496068878620605,1.176276069194426,0.8044906723791825,,,
20230407,0.8580045713188027,0.9233326639437062,0.7468048210675913,0.9646579761774288,0.8356622300350387,1.1415174143625997,0.9574933569449051,0.9210394892422656,0.9175036502783603,0.9279090243018351,0.7069292449432047,0.8294918695052231,,0.9530212624427378,0.8812260663477287,0.9085751631845277,1.18688550953307,0.8328039446714718,,,
20230410,0.8542336591741163,0.9176299918755287,0.7639607921457067,0.9636508591813886,0.8366317120850371,1.1192928486267597,0.9476832371713485,0.8969037294941287,0.9214812072706146,0.932824985690208,0.7045926037401407,0.8256853929980009,,0.900615738885551,0.8759902782595573,0.8768509081670787,1.1304133780323606,0.8437999755562848,,,
20230411,0.8488066494243174,0.9125752145638406,0.7798662728524131,0.9501706356596866,0.8072820298221165,1.0999991359901244,0.942178087998991,0.8759533248869974,0.928400846441843,0.9342612545514886,0.7077651191067451,0.8218334205577569,,0.8725064346671525,0.8982401908976165,0.863151767714895,1.064077114894899,0.8679378801008026,,,
20230412,0.8552065648994296,0.9202289133045377,0.8138240881642765,0.929591452238795,0.7761991440729059,1.0837170710996544,0.9427589353639734,0.8492386635535352,0.9321346975159983,0.9253629062084877,0.7265059655633521,0.8514309634054923,,0.8819873876896749,0.9134685177413797,0.8275100237709678,1.0113612019552367,0.9102116968148304,,,
20230413,0.8653283243536506,0.928210474116929,0.8490922539760026,0.923840430725674,0.7495485197384838,1.0732661088925477,0.9524866483991947,0.8325444361961878,0.9408936874739208,0.9248372148073205,0.7542768264887996,0.8840347482379614,,0.8832308087234312,0.9267355953580818,0.8024372613736626,0.955070622735423,0.9433919509856556,,,
20230414,0.9233717450154221,0.9648313632638466,0.927178434574389,0.9583888778203055,0.777286170234596,1.0776350835200408,0.9973880485848532,0.8369240125639098,0.982245077276257,0.9632164379888626,0.8518849093245101,0.9505864097173955,,0.8948193865912598,0.9765785088353912,0.8708872971676022,0.9258548902000661,1.0028343383180143,,,
20230417,0.9769481492518718,0.9953245509062408,0.9918960716410304,0.9854688650099847,0.8660440967437909,1.0782993340406268,1.0257848121285535,0.8563753784785054,1.0059500134267347,0.9868150707018912,0.9371501963566681,0.9975038415219021,,0.9150311108741,1.0248754076424729,0.9133836189952192,0.9118551173511377,1.058623919811825,,,
20230418,0.9438131437064183,0.916396695153728,0.9736476942923133,0.9157625198454259,0.9345637573500257,1.0344116361308369,1.0512979536313354,0.8977769030642277,1.0337717769912858,0.9948454043648153,0.9511276996692144,0.9955269402410191,,0.9371712782197544,1.0521284170389753,0.9521476019980382,0.8963385088456965,1.1067823621547783,,,
20230419,0.8867858668064821,0.835284121506709,0.9211316609762115,0.8585186590244198,0.9771183921484075,0.9978723706219154,1.0670032389666173,0.9285514991824344,1.0506618948429154,1.0045675434475276,0.9485476527290366,0.9879607925317465,,0.9432830894297556,1.079069951036291,0.9655025599034791,0.8917991804693277,1.1361225401649648,,,
20230420,0.8547486332474805,0.7885026973505819,0.9082913441768833,0.8165333935185911,0.9826894550306018,0.9642883965474546,1.0284257558824221,0.9486857404487988,1.016782499113098,0.9685968716129334,0.9325067236211826,0.9804772054876106,,0.9411155553422377,1.0463043871385214,0.9915069258690838,0.9131139828260296,1.1371708752968934,,,
20230421,0.8182398957537557,0.7479160689143982,0.8709124217331108,0.8361316190043373,1.0080033889840123,0.934640339925763,1.0026160183629902,0.9680099101781104,0.9923818132002183,0.9311035154734819,0.9188782641654207,0.9735750481916507,,0.9392301931543412,1.0171886318546066,1.0373819337659236,0.9225522858548716,1.1294769858643707,,,
20230424,0.7888272650947468,0.7152657395339046,0.8383969595461009,0.8509343130331603,1.039702124050811,0.9314218460106258,0.9982257143487583,0.9940772797338281,0.9802965861698649,0.9383682701324968,0.9079225206514524,0.9640380546416364,,0.9695876416875776,1.0185541038797756,1.0681702943462534,0.9700486217522236,1.1302103329854454,,,
20230425,0.8102298905603756,0.712729724499866,0.8589795926272833,0.8724644477640995,1.085283760716945,0.9245805392728937,0.9985112573207445,1.0218826737693079,0.9730170795690266,0.9451282456281159,0.9046923597328743,0.9763158316378602,,0.9411232375558897,1.0055060848893536,1.0822242486401688,1.0201722290856041,1.097022036885023,,,
20230426,0.822734048588704,0.7111070953914074,0.8738883531423766,0.8914806337193,1.1234928224462786,0.9219969896238205,0.9915620659837733,1.047288294408186,0.9750955563240723,0.9573594222273546,0.8827969802849428,0.9860850131670673,,0.9061797720558095,1.005442972405293,1.1089367052688568,1.0645463019215087,1.0675206916964501,,,
20230427,0.8424437719780868,0.728238744186944,0.8941962519524538,0.9021792537367017,1.1643039108256743,0.9141688780669651,1.006829088484068,1.0613615539447947,0.9960935056882825,0.974777073545706,0.8606427242498628,0.9971263877362159,,0.8852864325338975,1.0219527009271419,1.1474589712076895,1.1065826399514234,1.0442289621946639,,,
20230428,0.8617055787683611,0.7503161631847057,0.9208207850104559,0.9169301633109738,1.1969016056735358,0.9073195551746036,1.017444851003583,1.0727155967734678,1.0079443893550113,0.9944450252620414,0.8418053227027147,1.0055520972330525,,0.8439081830851604,1.0339362700955235,1.1675901462203213,1.1265269370700277,0.991578040289972,,,
20230504,0.8850003540891459,0.779726952316493,0.9494499332520379,0.9300972157683479,1.1922558762221738,0.8875188286724449,1.0197751410656102,1.0703648883612342,1.0105652257495985,1.0111135504017232,0.8362870987062351,1.018979946011728,,0.8622009264671673,1.0304588305474522,1.1769888797943202,1.127193364141669,0.9363655028784668,,,
20230505,0.9339159447668411,0.8563021874691864,1.0026107571819727,0.9848045027470422,1.1900597443693364,0.9038040073115122,1.0161821243828741,1.0202346890645302,1.0098470974703033,1.0303918417103843,0.8628190875400805,1.0473845928556738,,0.8915876442519395,1.0250204514787107,1.1856426147111123,1.1233957830609995,0.9102932560888611,,,
20230508,1.0120653842480547,0.9458721122087015,1.0670247353859215,1.0475480110091142,1.2048251560795875,0.9231068915078808,1.0171767527378295,0.9986150645191717,1.0195268214783852,1.054906936268951,0.9365789311959813,1.0814345201037399,,0.9384394436331533,1.0462695320761144,1.1934975717397498,1.136840125542097,0.9017265266120827,,,
20230509,1.0757891387692367,1.0188893816936957,1.1100753830753625,1.0990824860901087,1.2218741113489076,0.9346282627662522,1.0293455780841154,0.980795805713759,1.0411534359342154,1.0860497229971071,0.999090305315841,1.1098205237953949,,0.9762968346539427,1.062624089160857,1.155845112989478,1.1275311752052797,0.9098185278724827,,,
20230510,1.1290705592755053,1.0806399631819446,1.1500341494475175,1.1130084640695372,1.2254131760044216,0.9083683627112388,1.0354917561240498,0.9743757483292161,1.0526835398766587,1.1088896756419515,1.0525362022088474,1.1264783169847974,,1.0068087566367014,1.068249173069727,1.1279886640295633,1.1211027816047332,0.9196436005846572,,,
20230511,1.172912608836546,1.1306713059599387,1.184026166388427,1.125002773149346,1.2135213047547713,0.9013949261495652,1.0346941661479618,0.9555552148671752,1.058014176767765,1.0800887330606397,1.0954976302079953,1.1431254992959345,,1.0322887455660887,1.061477823189199,1.0931519559488667,1.0922089232547922,0.9312810512047037,,,
20230512,1.185260692832948,1.1558722283442442,1.1827182793748905,1.1263873009041425,1.17982552936889,0.92711331210895,1.000526942205312,0.9403495391923955,1.0377820051032987,1.0768150316533542,1.1303096698543154,1.1149334646477773,,1.0769927307371352,1.05970499320415,1.0613052157261036,1.0706518961623304,0.9589001747014985,,,
20230515,1.1983764723288548,1.1798864588854818,1.1831812284623389,1.134405798144328,1.165079924315742,0.940292013563294,0.9976402852937752,0.946659584833859,1.0311097915507963,1.0790036252891444,1.1668137641235332,1.1008171033547987,,1.1166920569962995,1.0670055258982445,1.040868545491129,1.0350031869496668,0.9834015104322054,,,
20230516,1.1940232469151055,1.175353086453504,1.1642624854218802,1.1292187425102453,1.1266395023732185,0.9405818796050981,0.9612997652489551,0.9517403891164056,1.007728216229063,1.0617783900024889,1.196568004814175,1.079994219617948,,1.1494887095163902,1.05873339713038,1.0142908940979316,1.0039367149023304,1.0055293541544297,,,
20230517,1.189631408370383,1.1682036015259323,1.1422109287614466,1.1253682491295176,1.0957814666531285,0.9334781634084685,0.9404506266356307,0.9501148342298309,0.9928033786366707,1.047304400951983,1.2222135616831258,1.0674997369521768,,1.1857480491670347,1.0586524700945774,0.9952563600846958,0.9857013469160312,1.043714772487027,,,
20230518,1.1617279241509173,1.104706048981882,1.0846212159208948,1.0728072507265924,1.0840630319306153,0.9341623949027533,0.9215011634125352,0.965483824055227,0.974026354103274,1.0467435057554617,1.219241596709252,1.021012153402742,,1.1370696217657321,1.0670298482114702,0.9798577352484564,0.9786552127570866,1.0465058355693375,,,
20230519,1.1136133929215284,1.0508278302364604,1.0391149392126409,1.0286173815562818,1.0695989119533746,0.9404032709683122,0.9147548561726968,1.0117067365130372,0.9813148148956852,1.0475923760684969,1.2205147827466687,0.9919880078808345,,1.0953102496045866,1.0900599465081182,0.963286351773733,0.9877083193197801,1.0477097099311705,,,
20230522,1.0601470012801164,1.000402320479695,1.0082571109866405,1.0070622679013514,1.0159425011304812,0.9625100855054087,0.9144973561826749,1.035222905007531,0.9835532655499756,1.0342547099190254,1.1627729844100858,0.9694888834288775,,1.0642359995286381,1.0847939064850203,0.9719773585133009,0.9999504099981601,1.0587710542231197,,,
20230523,1.0182944288345535,0.9634139784834616,0.9887266582362236,0.9932877247971583,0.9836251086201686,1.0007635864989994,0.9071938586328856,1.0567319542887301,0.9817891680943205,1.030776260021493,1.1215801249106385,0.9516531444708025,,1.0461841808889607,1.0854915950481812,0.9968639386417751,1.0244170188104014,1.0557374731025926,,,
20230524,0.9854514948560458,0.938677240247317,0.9768121105852973,0.9970658289780107,0.9606057568416404,1.0522390651120894,0.915603551656815,1.0742770749750943,1.0078290710116973,1.0314488554614127,1.087805587161205,0.957835361855052,,1.0310861451296938,1.0936760395736216,1.0107020759081478,1.0485766507206178,1.0538517588950513,,,
20230525,0.9593711290550886,0.9152348630565279,0.9664491255548853,1.0066822962038844,0.9435834642037769,1.0856174776647027,0.9170197956144702,1.0994476534314288,1.0321618773615244,1.0487440748640708,1.0645884894859927,0.9631084231125624,,1.0202327671684488,1.1068772793452748,1.0314135006995906,1.0748317313531197,1.0531174786365984,,,
20230526,0.9499040300080285,0.880310200142461,0.9611578300221347,1.0105408436474077,0.9478793097331308,1.082704324762384,0.9199984864252475,1.1213341717404046,1.0490041791957716,0.9917466315208219,1.0429552748037725,0.9601113679395081,,0.974790445444589,1.1262975672406617,1.0501090310341696,1.1070780559335205,1.044411550365641,,,
20230529,0.9426812285046308,0.853245529245041,0.9569582354641668,1.0127879282038266,0.8994067372583857,1.0850505578236895,0.9242181613412119,1.129650918076221,1.0654925630141208,0.9531608764156552,1.024833767663683,0.9566930005504645,,0.93479649057876,1.135036360250777,1.0449292223498494,1.1468761233638873,1.022344918483948,,,
20230530,0.9467171726405041,0.8472991359250015,0.9647933657790373,1.023203511433966,0.8682156721005607,1.0889088456587213,0.9549762574901789,1.1397606527951323,1.0905793742253178,0.9277140538067535,1.006557766196157,0.9693604764913393,,0.9056934483785178,1.1400071931487605,1.0503510474328792,1.1833206912830927,1.0053587276723566,,,
20230531,0.958659846888869,0.8715158527651767,0.98270759535877,1.0298870518551384,0.8364601164738156,1.093277797589133,0.9843253484388353,1.1488841040007056,1.1174333104164342,0.8925145264681253,0.9909202511714077,1.0208844305836093,,0.8919967132379258,1.1318448443299556,1.0399554188272082,1.213780410686061,1.006940179549227,,,
20230601,0.941472409498642,0.9070564521736626,0.9571034411394955,1.02469704448011,0.8127998593570485,1.1032385112942158,1.0310979967888263,1.158530488479059,1.1549749765581172,0.8872909320343363,0.9867559409873206,1.0749348669835221,,0.9262623822284886,1.1378499958436428,1.0535716135824895,1.2391293270460402,1.0335361582748546,,,
20230602,0.9431525452769076,0.9403818144856754,0.9452840880649508,1.0282987746038617,0.8114059540466728,1.1114012472371035,1.0581906005717359,1.1402520096361137,1.169159799239422,0.8956930295518416,0.9784381416343663,1.1108857207740102,,0.9540562843879458,1.1293125522803817,1.0896995668582896,1.2500920731174143,1.0466035995314142,,,
20230605,0.9411251419911552,0.9617207376730444,0.9223312910636727,0.9972889610442194,0.8397933262019445,1.0993202073167916,1.063212531990113,1.1347225742644549,1.1566263109668131,0.873002355250498,0.9809265583743763,1.1405013950251484,,0.9373126026125664,1.0978663914738793,1.0786776188010683,1.2046176393763128,1.0219429895843957,,,
20230606,0.9415397568805677,0.97649428111594,0.9037016811142538,0.9481112783386337,0.8454734211216827,1.024014581414904,1.0738051215863906,1.1305859973422332,1.1488061662526956,0.8529557186796455,0.9501396071254761,1.1648154928288548,,0.9289592882176342,1.0715591031169756,1.0762951769251619,1.1746771987703222,1.0099597139593177,,,
20230607,0.9396130179425901,0.9794503239369493,0.8735934214547678,0.9089271592164253,0.8576384422656274,0.9817198022495753,1.0801858832192757,1.1299592631520763,1.1272104091828203,0.8210607944892795,0.9279783396969,1.1614955764590371,,0.9226193863528881,1.0534222257117791,1.0752898392084405,1.152060428498811,0.9992222011316745,,,
20230608,0.9347211099348769,0.9881389677548511,0.8602123910765462,0.8527653300027216,0.862875540093359,0.9410944269726894,1.091023384628981,1.123552859944206,1.1122273786756967,0.8038941368741536,0.9405118812917977,1.1556930600348052,,0.9193532902630667,1.0140597372429339,1.0735119407245592,1.1250268522003417,0.9917663851858515,,,
20230609,0.9164546177163064,1.0068022131160992,0.8572222795150704,0.8350041323541484,0.8710365645293623,0.9512846582848384,1.1052536886874549,1.112389517007249,1.1043062538022965,0.8364351186716403,0.929740705801788,1.1544014968402663,,0.9383172313925635,0.9715382377976078,1.0685807755753165,1.0984241184982895,0.9898488043022918,,,
20230612,0.8937853961321445,1.0152295270217433,0.8569784514784732,0.8179502870010085,0.9178031110119491,0.959165339336147,1.1103899560274326,1.107650073433554,1.0885204847257826,0.8601853210761027,0.935746133789246,1.1465427563432113,,0.9501033446478101,0.9685291585993571,1.075905944541512,1.058708904544535,0.996432824492791,,,
20230613,0.8744425992252697,1.0241334716519999,0.8597358928436413,0.8039885604103443,0.9587099679776732,0.963722999264587,1.1163068891140284,1.0992924818332528,1.075559840414821,0.8801485613737631,0.9412362129516098,1.1393216293493493,,0.9698181798051988,0.9686163590203822,1.060172293130249,1.0184680754815036,1.0082839013945062,,,
20230614,0.8409207855536502,0.9939391446680365,0.856342748011514,0.7930779797816874,0.9898257112145159,0.967653489695599,1.1070525027717029,1.095315672789125,1.0314577310184811,0.8749451512616244,0.9642356207130985,1.0342608367131498,,0.9814976813279654,0.9720572113080498,1.043224038367125,0.9857258098200788,1.0016319392183635,,,
20230615,0.8396757817621014,0.9844177918095937,0.8981163107038108,0.8041623045626927,1.0153087265814595,0.964816652211658,1.0629763002346586,1.0754736111071972,0.9524454194469332,0.8565103981975684,0.9876611877484067,0.9321348958241719,,0.9624637389404761,0.9670749102265965,1.0348496086861625,0.9567692959508758,0.960996132028624,,,
20230616,0.8430129791306887,0.9732773282638213,0.9320758254347776,0.8288182462362769,1.026803622817234,0.9639988463996115,1.0382161878557026,1.0721568008170894,0.9094069520146381,0.8436467366255728,1.022982043415936,0.8594619112564597,,0.9450879895473944,0.9667597602028888,0.9659987989328869,0.9234799379569676,0.9284660796862768,,,
20230619,0.8560613516483463,0.9683744643810236,0.9697826158638321,0.8750990583611178,1.037018093292689,0.9690886035503314,1.012305351916825,1.0241947230011694,0.8835483354036326,0.87093180342151,1.0564999336636882,0.7992367826032387,,0.9614426489926605,0.9817387554628084,0.9723089609654924,0.9211282732364017,0.9372783215481597,,,
20230620,0.8607992436684997,0.966866318397791,0.998814703675881,0.9258036664180496,1.0429037320908845,1.0077406063755645,0.9908771455264617,0.9827422073959852,0.8593370714632707,0.8944582149685641,1.0956011286076712,0.7671830285550467,,0.9753071247139873,0.9966008760527679,0.9747700499559947,0.9170061659945887,0.9517875965706679,,,
20230621,0.8668134443838773,0.9777590357625999,1.030229275541108,0.9662627898474578,1.0007416795861601,0.9870230560125669,0.967360960856436,0.9232660989580133,0.8265173358386422,0.9230824730362998,1.1324243574643236,0.7475991186522151,,0.9860426512232405,0.9971567614432264,0.9744246590449784,0.91809315557388,0.9629500166780013,,,
20230626,0.8726896684499673,0.9826371174631668,1.0436435148014191,1.0155227004070624,0.9783007715799759,1.002620400388035,0.9651154446956866,0.9083779338213575,0.8454841464118177,0.9648338300160478,1.1518831496157964,0.7519689187002048,,0.996551142480195,1.0121536745536128,0.9688526282462347,0.9238906768327102,0.977010256448288,,,
20230627,0.8870183343267146,0.980785898763022,1.0423030226989345,1.0309230722396792,0.9715658114234519,0.968854569150022,0.9645418961887274,0.8994943221088022,0.8676278359615365,0.9889771687830144,1.176121876242971,0.7609698081510351,,1.0066803484553142,1.0378714357357877,0.962015755308045,0.9281234678740178,0.9894213319115222,,,
20230628,0.9046333846401781,0.9752177512941221,1.0330784453836057,1.0391207665068969,0.9408534675396318,0.9369070884763623,0.9477796266124888,0.8885296947466215,0.8830288113289044,1.0101418531731652,1.1657738644035793,0.7693997673725632,,1.0046163219843778,0.985902859454322,0.9578047716667623,0.9284753832850364,0.9881697079166664,,,
20230629,0.9253713796039952,0.9639545454172173,1.030083273307132,1.0453939210494547,0.9127228559400796,0.9166551202356549,0.935235519040886,0.8862432783384696,0.8999993034240853,1.0309986380604428,1.155170902036668,0.766003870134701,,0.9860791552517515,0.9435708112794079,0.937933568587392,0.8988915542638148,0.9789632391202051,,,
20230630,0.945614937148113,0.9644155982532225,1.0045725741507334,1.0489860690260226,0.9029800536100621,0.8968095327991802,0.9203696102135933,0.8728096105784448,0.9316987365114614,1.0608882967557822,1.138782516212513,0.8226565480850642,,0.9544086619752059,0.9072076052055996,0.9112047810203345,0.874448554463195,0.9655000277182159,,,
20230703,0.9514446984480768,0.947896768522809,0.9624966874437747,1.0581482075822273,0.8906416259139468,0.893966923990728,0.92981998205148,0.8704834185850161,0.9826675082617176,1.0910912385703029,1.1247273505766329,0.882903783081932,,0.9535761762541742,0.8812310404505274,0.8938274205879713,0.8562134375630572,0.9825996254294496,,,
20230704,0.928578289193446,0.924473122638823,0.9020574343494041,1.0178888019638546,0.8868205978514294,0.9086199613765967,0.9187259083005328,0.8516825160365775,1.006853103009905,1.1059017253381402,1.0837270402189756,0.9202964117173154,,0.9549004743341232,0.8664079202405227,0.9386908036896994,0.8506791651552413,0.9996208237608784,,,
20230705,0.9155686697013431,0.9072905890174537,0.8550448614456213,0.9877044174834615,0.8892439690004748,0.9223239012396935,0.9190718887191118,0.8739163644034256,1.0297199181097454,1.1127939270212184,1.0300885397075958,0.9540682576092319,,0.9207207848783675,0.8689131319765272,0.8549580364025627,0.8504327876533168,0.9720220315892806,,,
20230706,0.9096611274511105,0.8934080092263871,0.819184778714986,0.9634141824908632,0.9267958267239245,0.9282715143884557,0.9208257299378708,0.8947339270978969,1.0507812350377586,1.1195008922048708,0.9887022719356314,0.9316701112834594,,0.8900230243365853,0.871525462694745,0.7881366175313478,0.8455239904258197,0.940776199608759,,,
20230707,0.9021853608269305,0.8451283045539937,0.7950317412370288,0.9544852741001314,0.9789388868131336,0.9639435092780827,0.9393802524448248,0.9343013216330275,1.0833110577646763,1.1287573430298778,0.9524940482096248,0.9180046042767785,,0.8915826338214875,0.8796861603351531,0.7399355079374001,0.822645909972586,0.9255593787113661,,,
20230710,0.8987478970271633,0.7944979650584696,0.7820292140073608,0.9369716155407032,0.9999555987276723,0.9615269220742235,0.8926046149442922,0.9051520062791426,1.0292365692243846,1.038052578401772,0.8617800606607849,0.8636422224746246,,0.863705059926283,0.8680766024817475,0.6927250381318756,0.8106254611022254,0.8498534222138373,,,
20230711,0.8799191880151492,0.7578974002325766,0.7724140363760637,0.9367894516388042,1.0194913784236534,0.9768564414344788,0.8540070161108102,0.8739738115644498,0.9838722226321264,0.9745860322243161,0.7824303189034097,0.8354227673807727,,0.8472419348551209,0.8620717454339583,0.6634839322549061,0.8216444286675219,0.7900575436034646,,,
20230712,0.836135877790469,0.6922436528411406,0.7545269167317102,0.932556640623749,1.047852515732846,0.9831265243514491,0.8331185563006777,0.8502609408415004,0.9549010556131667,0.9287563909098915,0.7157386196119112,0.8258543551460764,,0.825249986667033,0.9014278190570482,0.6423993623084164,0.8118817508087467,0.7188884540965257,,,
20230713,0.7548435793578487,0.631617578070747,0.7219880950068761,0.929015436067466,1.0640280307546652,0.9974708419223767,0.8020275317950228,0.8212109688091657,0.9236624902249511,0.8799386507013397,0.6905687919517796,0.8315024477163216,,0.8169508622099689,0.9349133242472342,0.637472678741922,0.8166878968849541,0.6649251695825615,,,
20230714,0.6863365345380121,0.5893951002336665,0.7168895592248421,0.9179346592954447,1.0635651358185085,1.00978427416688,0.792683081628332,0.8122805396422006,0.9070870391314018,0.8519755992511071,0.6725629023678095,0.84272300678914,,0.8174376600033244,0.9762669099310212,0.6578331896086713,0.8169046383417419,0.6271334314393011,,,
20230717,0.6995163473027932,0.6231297433518608,0.7680745186762364,0.8690417869265009,1.097709715170776,1.037486165570859,0.8472029922861526,0.8716648478223896,0.9449408654801261,0.8692665331763639,0.6806510313405298,0.8838556236892953,,0.870205276477415,1.0319960919916757,0.6806082748327223,0.8451430904560019,0.6739677307657013,,,
20230718,0.7317436076702426,0.6584756177298552,0.8347948576677975,0.8397431582279974,1.1251812237164778,1.0230202091482843,0.9033446587438473,0.9358307155292259,0.9821367048644486,0.8868696192971862,0.7007305880934552,0.9208180999851662,,0.9104781743518761,1.0809750495416048,0.6915158989906999,0.8697208303242606,0.7121525156636205,,,
20230719,0.7565415215484474,0.6973362164393033,0.8946069228558966,0.8180842745585677,1.1435740209996592,1.0169075135925056,0.9494162182664166,0.9783874413871643,1.008046424019112,0.9052309024889168,0.7328394624682347,0.9424692191636386,,0.9612940109934425,1.1151062703785712,0.7794218707590167,0.8808860525234681,0.7690283955303406,,,
20230720,0.7796134548266169,0.7303768884360271,0.9395744471561299,0.8033941453942856,1.107337553823875,1.0150177514978815,0.9892307768453521,1.0166936410747118,1.035041098768598,0.9148748450721342,0.7538446508814584,0.9730361291292279,,1.005269184964992,1.1443279368338883,0.8713929432937149,0.8931343116563558,0.8213125984742454,,,
20230721,0.8018489845652175,0.7834093708778186,0.9740724243236453,0.7942045313207459,1.080020414822526,1.0113710386092771,1.0083804784704737,1.0470150872658919,1.053402466726967,0.918689994572737,0.7724155249453205,1.0031278749327697,,1.01310939227902,1.1697013827798723,0.9455474140065752,0.9174801344250096,0.8496928827531576,,,
20230724,0.8152452197340949,0.8394873082859197,1.00384342350386,0.7609115512421266,1.0613938433812702,1.0133949141626533,1.0525118379190095,1.0965250419720907,1.0981084932189067,0.9772265796633369,0.8646803426561659,1.0530275612088036,,1.0424858220309052,1.1950534021439807,1.0157804960988819,0.9387896777621418,0.9166111188665664,,,
20230725,0.8512481810605016,0.8932274296270132,1.0336252012743667,0.7484252246772803,1.053540843535129,1.030862929346007,1.093449989641785,1.141559373197822,1.1345202336347135,1.0325065248545693,0.9453630371735224,1.0831655650794765,,1.0535040313435835,1.2074207459240713,1.065610100916802,0.9400141312153885,0.9729629834543345,,,
20230726,0.9000533605123435,0.9630435766470057,1.0692793448506128,0.7394351748812497,1.048278073858035,1.0493412637604622,1.128529993087011,1.1797661461372633,1.1529954859178388,1.0765634348871398,1.0194055376906985,1.075918445994066,,1.0634906076563464,1.212008693163463,1.108985040301311,0.986956481063249,1.0235434961414585,,,
20230727,0.972756507526029,1.0257449108965955,1.1055920332257807,0.7293484205518336,1.0419598246251962,1.070600684073122,1.1619754899495247,1.2129209593527297,1.172127869238099,1.116198438518475,1.058360697526294,1.068952948775516,,1.0719850343553823,1.2187148077831955,1.1423400195518274,1.0307806212918094,1.0641478203168948,,,
20230728,1.038666056948329,1.0767479815720902,1.1293187946032905,0.726333528302909,1.046008480923107,1.0884966908665197,1.182251841537526,1.2407226246902394,1.1863505941255943,1.1314805201168625,1.0917760063565334,1.0993550490655553,,1.1042546725214875,1.206711397282766,1.142120404922005,1.0802106287956876,1.108413290937811,,,
20230731,0.9537457466243986,1.0367136484043242,1.053528628327474,0.7552570155493179,0.9641616892621954,1.0269995474784288,1.1200165693134057,1.1967286792731637,1.1331729247388065,1.1148898770688969,1.106519238234251,1.0838510226420957,,1.0860397392704686,1.1380955489216227,1.146278009382561,1.0955012301521472,1.0856832466669297,,,
20230801,0.9276656313228057,1.0072586515955635,0.9960478581155499,0.7995683520218391,0.9092978617870949,0.9926099465647131,1.0533140294636145,1.1614091132099877,1.0828961200997385,1.0980397009513112,1.1187051827638133,1.0720071184355011,,1.0726118590086435,1.071121276361504,1.1695269307148706,1.1083065837521133,1.0683649836541622,,,
20230802,0.9170068707616627,0.9634080345404897,0.9397014339427024,0.8398659747949672,0.865689230361826,0.9634381319252349,1.0035542190587328,1.133882589050988,1.0420923705038776,1.0856758315669972,1.1290673299366984,1.0782129988301576,,1.0666646013737788,1.0154321397823463,1.183492222393545,1.1324436463446292,1.060015346336275,,,
20230803,0.9578699230472183,0.9968056683509814,0.9146921216050407,0.8737102688841054,0.8816740788450106,0.9897642628139045,0.9932739600629237,1.1274016989245148,1.018760805542759,1.0914755813495678,1.1487039467978202,1.1010544804277904,,1.074642923097508,0.9684808619601619,1.1757510637750683,1.1424862891713825,1.069710741393924,,,
20230804,0.9902375916920836,1.0333345785279724,0.9186625261372731,0.9192037805435196,0.8825688736436098,1.0076829698249232,0.9963264379582119,1.1228545811565147,1.0033444179421016,1.1049186580729344,1.161379186979579,1.1200289691970517,,1.0939933691153994,0.9211664720806466,1.1691848338934983,1.1495758415005715,1.0880813787900303,,,
20230807,1.016304590569078,1.0634355092871706,0.9249888647694765,0.9837669948976646,0.8840377728968496,1.0244142301263872,0.996698975721062,1.1078922932952489,0.9873453560409534,1.108782483067953,1.148321951485547,1.1396675567803243,,1.1033135548411979,0.8876664048900778,1.1407467042449138,1.1551371383489089,1.0971654104171555,,,
20230808,1.0546452783113238,1.081866814140011,0.9392640390295693,1.0126273339827643,0.8754652155565579,1.027544737342989,0.9883464668504651,1.0900239424514266,0.9675823631115166,1.0782168696647572,1.1277539810732298,1.1555554402644208,,1.1130139748190666,0.8590788157124005,1.122960938518993,1.1688981181217108,1.092388107550385,,,
20230809,1.086344882846868,1.1021704016616474,0.9567067512329342,1.0402320029612917,0.8702954345164394,1.024454483766346,0.9805885974476009,1.068684688183318,0.9616045743502379,1.0524473239357157,1.1002837542808943,1.1782570835387334,,1.123106099130643,0.8404107782943813,1.104195280025783,1.1274810224112184,1.102898020379447,,,
20230810,1.113036803659729,1.1192071258333618,0.9759375809859488,1.067267519608046,0.8674953683637214,0.9909718650565386,0.9751601104654682,1.0559540500918005,0.9553611731268727,1.032409415643074,1.0774917210397803,1.202077757951503,,1.1311081113835013,0.8253982485149836,1.0903913659043003,1.0923584506056814,1.1124101936626416,,,
20230811,1.1366109419404282,1.1335102017667429,1.0028660369823277,1.0835119206535606,0.8656285161420452,0.9543114637675697,0.9645505531319898,1.0015082241328583,0.9160803468046446,1.0130280056561272,1.0484431896560644,1.1951084367776295,,1.0858531761922752,0.8143838574707462,1.0764248241689958,1.069359500309775,1.0959685273160187,,,
20230814,1.185371637316117,1.1704887578208543,1.0545026392858179,1.086592836992451,0.9084333750745911,0.9526870243824548,0.9920967366459779,0.9829451782009657,0.9153722512289919,1.0077604848733086,1.0319703494806483,1.2014876600566438,,1.0659526192872704,0.8511090189327151,1.0683697085656985,1.0544893096592702,1.1047166577467158,,,
20230815,1.2042297074093002,1.1996843182170414,1.099849982080784,1.0887004346721305,0.9378820332079986,0.9513297172887973,1.0287168453262252,0.9766929632450566,0.9260792138695665,1.0111164145107094,1.0206770037329556,1.2061054337869674,,1.0515969310757864,0.8500773286358955,0.9965921664219718,1.0163601746971611,1.1152825991795083,,,
20230816,1.1988963117931435,1.229910462259119,1.1411810812055219,1.0774948453798376,0.9594650090350534,0.9523747528615072,1.046420115443089,0.9661589654627737,0.9381868258397327,1.012899337796327,1.0061718510331021,1.1995218317041674,,1.0373701824766806,0.8738880345325598,0.9404592435863709,0.9827490535696065,1.1169351290680574,,,
20230817,1.184127674418254,1.1969656766115626,1.1693469350250645,1.0782408855110566,0.9255000990874924,0.8981659062478896,1.045254318178179,0.9377903422652605,0.9303029725624977,0.955371456841727,0.9723366568198281,1.1271903121122664,,0.9799852654465027,0.8998190443614072,0.9096726028928079,0.9754779894020473,1.0656963202816234,,,
20230818,1.1647479685818731,1.1458863472655036,1.1568926697346664,1.0715905381704738,0.9052033318023947,0.8593329192600012,1.0620217873737607,0.925799246222331,0.9545520463827613,0.9098425108447197,0.9494138349396767,1.0681969797509387,,0.9549385727652726,0.9368646617535434,0.8739911818975242,0.9673666321554423,1.0331745658095044,,,
20230821,1.1675643006070926,1.1124476820888916,1.1614226948820974,1.049843610616772,0.9203718087308168,0.8326273120763907,1.073671593790419,0.9217362099840217,0.9740366859711856,0.8915346565754864,0.9521379319950218,1.0199218289161256,,0.9474947184025408,0.9690625203786194,0.9004539303531726,0.9669427439552181,1.0139462597543751,,,
20230822,1.1560833522030123,1.0926333414314624,1.1667019800502259,1.0239472718028577,0.9371273461808298,0.8276703425006756,1.0768857835719887,0.9215242842274192,0.9807769462214455,0.8941359678186168,0.9660802678961251,0.9758221982387515,,0.9427884580450585,0.9996295138606033,0.9295841951000385,0.9661469794916929,1.0055272253293281,,,
20230823,1.1476550086299708,1.074620784632532,1.1597677901471977,1.0059841437633559,0.9561040826731024,0.8368843384671932,1.080204274347062,0.9232279937912712,0.9880982092767642,0.9049936774808744,0.9830678808852217,0.9394547833456975,,0.941581022822695,1.0210766250710763,0.9559063727699809,0.9853284906587807,0.9790321292793265,,,
20230824,1.1375612929778383,1.0571945650987167,1.1392498204503745,1.0211858017755304,0.9728531322494377,0.8599273906010025,1.0840768348990983,0.9098180122016896,0.9968858329057633,0.9118591710542653,0.9980140434938373,0.8569568207341929,,0.9413199480786106,1.0395855511885916,0.9770626257468813,0.995154909707707,0.953789095361934,,,
20230825,1.1321016020839394,1.0487289729116485,1.126205070310795,1.0320301101930858,0.9866130038615825,0.8776869670847903,1.0886110989067448,0.9223045792724973,1.020633090207479,0.9247324472216129,1.018439631696341,0.7989951458055123,,0.9619629011503652,1.0578445264115495,0.9850295616442911,1.0077613806364167,0.9454040928831278,,,
20230828,1.1296637128287996,1.0233346525064306,1.1209516860064017,1.0495438809241617,0.9671416339054273,0.9000751731830221,1.0861838485988908,0.9126906099597918,1.0309954953624871,0.929231735432751,1.0112622360087395,0.7711256952885677,,0.9588731939549234,1.0549898827046,0.9974405144527844,1.028590391222994,0.921747630045777,,,
20230829,1.131059332378922,0.9988367291930806,1.1030404430356715,1.0567382218906816,0.956742785538113,0.9327046119602366,1.0909801303265354,0.9264270284706911,1.0419057026250702,0.9326142211883132,1.0053557226372156,0.7590519018316411,,0.9634384391485646,1.0770171759981337,1.0426609039950607,1.071994181970376,0.9099687972766941,,,
20230830,1.129999786406733,0.9759748151099406,1.0828671609406575,1.071797197204931,0.9391523776606743,0.919140686992094,1.090035836808451,0.9412995168568186,1.0379176654099118,0.9403985436442074,1.0083126616146119,0.7544340756925301,,0.9718834166103679,1.0461853061437414,1.0944924718301898,1.110192615105035,0.9214644700356388,,,
20230831,1.1310879755960344,0.9793968238127715,1.0700949428544484,1.0245850955857199,0.9602222025492662,0.9491551986883919,1.0981917201757074,0.9757632599627623,1.0519398049820206,0.9845683875917529,1.0300977317002529,0.783131103560868,,1.0075269406347307,1.0339000444207116,1.1358185244365064,1.1418018952888,0.9621507305332333,,,
20230901,1.138818447306216,1.003167877206742,1.0750107611218138,0.9926490578639201,1.0196950526395931,0.9916281575813046,1.0674041077199665,1.0026672779248997,1.015855492718121,1.0298479187359328,1.0587341135973916,0.812120643235053,,1.0224093462535542,1.0081437482940125,1.1660532268645294,1.1706097051723374,0.9799801074807687,,,
20230904,1.1140384162966548,1.0095126102601972,1.061835832207593,0.9866062267152154,1.072351029709141,1.0305004669036122,1.0429230712070936,1.03021470580368,0.9924844845151678,1.0605471173331025,1.065108295115934,0.8404731452319576,,1.023051887836499,0.9827436847156125,1.1788157027424868,1.185159960162729,0.9888655874128851,,,
20230905,1.0906229202966258,0.992841428247824,1.0163913782935152,1.0120468316419642,1.1164591524365155,1.0612926739506747,1.0251002581409532,1.052336684831666,0.9825021151286246,1.0839759339736612,1.0597038340307734,0.8643463961900779,,1.0233310430807838,0.9626057092483341,1.1773937271800932,1.1982553280350365,0.9953585751387583,,,
20230906,1.075155683929461,0.9745341091720113,0.9739887117113408,1.0313499003866418,1.1515094483008852,1.0838707597258048,1.0172950670935494,1.0717764242998862,0.978125617239261,1.0958400692932757,1.0846589032642844,0.8853561912642228,,1.0276704343029885,0.9486840551423578,1.1757993106473643,1.2078118080939435,1.0206498084372617,,,
20230907,1.0211183019766321,0.9181376092501364,0.9241124225621669,0.9946085901184617,1.1768090763266719,1.1145544899567497,1.0158913593090906,1.096993964586547,0.9817598210254698,1.1042741050394664,1.099402213018192,0.9503805448800916,,1.0349015964591382,0.9485897298266787,1.177206492708825,1.2084221800707697,1.0459219939762952,,,
20230908,0.9842238283226787,0.8795929485304596,0.8841995414359746,0.974607456193965,1.2027261699715472,1.1415237719541134,1.013620030545062,1.121785960279125,0.993720148257518,1.110006236443627,1.1134748371871601,1.011068385786963,,1.0369438703801945,0.9493624556378837,1.1882374024110287,1.2042362344269826,1.0600945236945947,,,
20230911,0.9553492303663291,0.8677120350752591,0.8417467420143108,0.9579535878873778,1.2283603053488092,1.1631123799864242,0.9998944847996228,1.1417498067848348,1.005817522831895,1.0961036826564086,1.1305036942105424,1.039073966206829,,1.0530973672339388,0.9592484675799158,1.186943867332133,1.1996349185044886,1.0862154650190028,,,
20230912,0.9204955848086557,0.8446560975747515,0.789727158586533,0.9491363345379544,1.2486073992939648,1.1654070480247767,0.9802001632497356,1.1338230324036074,1.0193626754940546,1.0806481735113318,1.1419994664708553,1.0482684584500173,,1.0745958192667286,0.967755488315271,1.1867831064940584,1.1751136194935028,1.1082880986549957,,,
20230913,0.8827425900160706,0.8332884657659922,0.7439115852760385,0.935043127288627,1.2702325344694962,1.179213256639464,0.9498969576177537,1.1217612351684876,1.0228989699335036,1.0755668912563097,1.1501132082282228,1.054299015254248,,1.0691184638946127,0.9430351719421779,1.1314346433627374,1.129661962380587,1.1044988476204989,,,
20230914,0.8463796450065709,0.8149780818940192,0.6857775461217679,0.9511255468448538,1.2864682377662768,1.190839350776223,0.9302437685567114,1.10711972378524,1.02878984550218,1.059986900289456,1.1449524557965054,1.0614763864308134,,1.0650723373873674,0.9362257606289199,1.077185429810032,1.0993907890855317,1.1007644639064909,,,
20230915,0.8016325097816952,0.7970960891062587,0.6445566062302573,0.9954777652575804,1.1448215822272705,1.1445086604520944,0.9246483858765796,1.0698532838404413,1.0436337413804626,0.9880179729770426,1.1410945385389495,1.0504207410684254,,1.067788307090921,0.9310170492457819,1.022830495186327,1.0240380966503613,1.1040819356452722,0.0,0.0,
20230918,0.7829728187167606,0.7902842727649295,0.6233331750139516,1.030630464806421,1.0388617468111858,1.116138222522596,0.9184143781950083,1.0093385836052844,1.0505505551557504,0.9330812511333065,1.1569856511701604,1.0206698306521997,,1.0685298421508767,0.9494684843467731,0.9760984102936896,0.9396051889659316,1.0937049116035777,0.0,0.0,
20230919,0.8011196883045921,0.8160298127509878,0.6593360591348433,1.0467129140145712,0.9529039159845872,1.093159599340292,0.9255968995386757,0.9773820161123418,1.0568848358757685,0.89186315616834,1.1749302772697943,1.019134831470433,,1.0673264562134783,0.963367351506225,0.9425022091953338,0.8647231745682878,1.0841803534021657,0.0,0.0,
20230920,0.7904026101607053,0.8233526020377229,0.6938707997579601,1.0631078576906312,0.8800286719483753,1.0811142233868054,0.947208101141613,0.9540937706907894,1.0586408456811005,0.8621196693912967,1.1469307982732804,1.007861288424332,,1.0616702929703665,0.9811818272002847,0.9113300855838181,0.7990504884462984,1.0717540801291927,0.0,0.0,
20230921,0.7948336369344284,0.8445380654377455,0.7346843837009935,1.0948433110367146,0.8136386935266948,1.0285467769658923,0.9648576575476976,0.9426808055989256,1.057792444967166,0.8623286477559389,1.130518976462012,0.9859403320433253,,1.0542931646955258,0.9830026032784552,0.8836878135780266,0.7547658241237643,1.0600607740629022,0.0,0.0,
20230922,0.8306438902792371,0.8775884511578149,0.7859264054671637,1.1192478890182467,0.7783833707869185,0.9685396628015064,0.9755767972424068,0.9252413584408917,1.046260733439404,0.8593138459513239,1.1228469990218037,0.9771440532222504,,1.0439969590560574,0.9835001357286064,0.8600149699969097,0.7031384393925283,1.048346878426499,0.0,0.0,
20230925,0.862602677419144,0.898926324926842,0.8394202893468612,1.1404724363310392,0.7499729274060943,0.9204338301064419,0.993053022344089,0.9126574220994764,1.042399862936005,0.8702318874086837,1.113417229125126,0.9817123087925481,,1.0331663890111291,0.990935188709435,0.8351899070417317,0.6655072449195886,1.0292307820493711,0.0,0.0,
20230926,0.8991315740073086,0.9112950841901734,0.8948020662783895,1.1602004319347514,0.7371233655143935,0.8904036684333021,1.0026412098802782,0.9033312139863072,1.002000436117964,0.8745958695424951,1.07436258365725,1.0047970169530689,,0.9637541163538559,0.993166905754667,0.8111685358481682,0.641285629701708,0.9591202195522202,0.0,0.0,
20230927,0.9550930847636953,0.9427804528107361,0.9616933175616279,1.1850284622435905,0.726853341611969,0.8431101288085658,1.0227418060814033,0.8984132088207016,0.9802650583907478,0.8818785812052664,1.0280636580646278,1.0295257721230986,,0.9274566587517269,1.0220231757301512,0.8007040258700119,0.6321470383258186,0.919879294971672,0.0,0.0,
20230928,1.0066303381662047,0.9842412302582836,1.0254749265036627,1.2067500597506309,0.7169099813073962,0.806485303758231,1.0414460643950432,0.8974372233786182,0.9679545719958751,0.8744833922977789,0.993276854142504,1.0669785997201282,,0.8893812678791353,1.0303679937462538,0.7989222898444768,0.6280739784847318,0.8802320460849009,0.0,0.0,
20231009,1.0659773563795911,1.043258268919189,1.0786755917262623,1.1922807714168853,0.801459878402701,0.7919993032412935,1.0607481899742244,0.9075338435620158,0.9796734837601464,0.892688052550371,0.9726097894186637,1.109464805429276,,0.9004398404082616,1.0467040812353166,0.8204439474890908,0.6525493294688091,0.8845205459144391,0.2175650057329176,0.2175650057329176,
20231010,1.1129098899636656,1.0945192047159975,1.1220211269464937,1.177168933996568,0.863847715072586,0.7981458590693284,1.072294466853398,0.9396684572318468,0.9831826922436893,0.8813533708822976,0.949433247558222,1.1498274938395965,,0.9114420264903115,1.0236303792196826,0.8712799411655318,0.6961495040003806,0.8908644507885926,0.39271208776165456,0.3858295836695429,
20231011,1.1509465410158493,1.1390524604036116,1.159098187633665,1.1779246938643049,0.9345392182747698,0.8038231738008864,1.0489038798531867,0.9228250637796951,0.960982928040284,0.882344905913138,0.9345128945872686,1.1669855441283459,,0.9186487668205068,1.0177776469314783,0.911966197373484,0.7243967873531275,0.8942656493282665,0.5350480602668884,0.4612947322162749,
20231012,1.1902910649197245,1.1806598089402207,1.1933140741525063,1.179442677776619,0.9967813154830885,0.7981264989183885,1.0195486142728762,0.9277128455784998,0.9565286156831022,0.8859345711639581,0.9388537312039104,1.184704683720643,,0.9292368953176088,1.0080361975100234,0.9511091446329971,0.7655642881854237,0.9022210650805819,0.6520846994032163,0.5098738357801534,
20231013,1.2244847817597164,1.2172435590245516,1.2237583920812987,1.1784469191799576,1.0325205028050461,0.829129340290989,0.9802678911937993,0.9206109159761569,0.9556086730651683,0.8865665004261323,0.9296712502395321,1.2034531982137937,,0.9393131654653404,1.000076398140735,0.9821574455653913,0.7793261772617136,0.9122159898994381,0.7490093444637044,0.5514871367531335,
20231016,1.2440851989365456,1.2469010048206934,1.249196689268694,1.1839358726294147,1.061143159093262,0.8634626683839747,0.9524320379858361,0.9218262320537968,0.9629448051868731,0.8942237881604436,0.9131307227780153,1.2011337179395807,,0.9491951169781536,1.0017587004009907,0.9910014818742418,0.7982698388564166,0.9220393912314511,0.8195000108997628,0.5785937571854001,
20231017,1.2595560420153729,1.2712529062557605,1.2697716471197174,1.1857036712146818,1.074515821780531,0.9047323235560489,0.933553870344463,0.9256094119796663,0.9640418492388702,0.8725857043984944,0.8954165158249404,1.1991807987567618,,0.9635576659687398,0.9908503658552469,0.9997352378758356,0.8070903100865248,0.9421841440864261,0.8829917682157833,0.5883072801630795,
20231018,1.269158588796717,1.2915483863122768,1.2851682746719262,1.1832815827546035,1.0526557956032125,0.9349501507440102,0.9257080827620052,0.9280762627595939,0.9861428030422765,0.8487260260855599,0.8938973664816949,1.184505964080227,,1.0109922224618517,0.9856439836597936,1.0097022482124411,0.8142752498054788,0.9911763299777399,0.9317123443361792,0.6088088710667359,
20231019,1.266164707032505,1.3019310102082218,1.2892340084766691,1.1659567359061729,1.036727274549547,0.9633214904481073,0.9219680479962781,0.9466941524962089,1.0060523464583142,0.8044058040973979,0.8970886402128267,1.170316649576246,,1.0430604283391938,0.9881285066054857,1.040866217166882,0.8327266418535526,1.0270280647918786,0.9698078075860228,0.6284934042044167,
20231020,1.2600384012155137,1.305315752825032,1.291006848415664,1.1472453779475815,1.0364257933129628,0.9656510027698915,0.9138031647995842,0.9644514752809137,1.0161085018599287,0.7751191777394019,0.898374604580011,1.1125781544047728,,1.0683504656783678,0.9985787320383605,1.0691924568853823,0.8346081982658861,1.0525853486926093,1.002761266434114,0.6426648467271309,
20231023,1.1552830766194333,1.193038700029051,1.1844523341639341,1.060494174074371,1.036048728666128,0.9668062189830887,0.8899256016714255,0.946605625464627,0.9753282734903169,0.7542467073187807,0.8697035246844037,1.0229293103680352,,0.9822246651269647,1.0047738471976762,1.0667057549206176,0.8413130602499785,0.950455163981771,0.9243961965832668,0.6626774614120944,
20231024,1.0624955950806403,1.1067311296143654,1.0998149515882183,0.9683034584823049,1.0370679075828404,0.9729237045424802,0.8360182787652539,0.8968477395104917,0.886591892843114,0.705129808914347,0.8138573205862942,0.9426853484042585,,0.9362272935593571,1.0003520792333256,1.017071876594804,0.8281792387156693,0.8781380882301663,0.8947962546672409,0.6868092932939865,
20231025,0.9929119079108415,1.0471907466497608,1.0432451519978956,0.8901702831792122,1.002212774336568,0.9683479965600069,0.8077225323552989,0.8714238884421559,0.8236627561651985,0.6731070314394573,0.7761340218088125,0.8811466799682166,,0.899446269026811,0.986984349205147,0.976063306573422,0.8225251416537462,0.8199789388223396,0.873637745503203,0.7393844814888958,
20231026,0.9338970369976884,0.9880666223857401,0.9963727737727855,0.8369165496202483,0.9442544185057081,0.9543749519834376,0.7991863752445524,0.8489843301653791,0.7781572674477296,0.6472571518087823,0.7472953732776006,0.8110216055896677,,0.8547302352951589,0.9795487322677752,0.9331216304687677,0.8068540115176344,0.7478169193905132,0.8510934726596194,0.7804025265419728,
20231027,0.8838602097219381,0.9383056977678722,0.9540669686193742,0.80369148623708,0.8893048734262491,0.9398025838977252,0.8282094684812593,0.8365542461076119,0.7814684040261106,0.6441810516688334,0.7437464879615514,0.7666331669037201,,0.8192836185548126,0.9854334397872573,0.8972942594005465,0.8200920468153979,0.6939240016454173,0.8363393752003772,0.8040186912336524,
20231030,0.8128177040343315,0.8686792664446321,0.8801259200112115,0.7558494096329821,0.8626982244619936,0.932392892182332,0.8510184714144478,0.8303699313837891,0.7804609501244532,0.6427629903229142,0.7453615778721009,0.7343125808677402,,0.7918117811627241,0.9846669855059793,0.8789823305625668,0.8617865167258842,0.6554215750296445,0.8271340326725348,0.8269556826269389,
20231031,0.7569093734869916,0.8189164256548774,0.816831552288044,0.7148638542250138,0.8407477357012375,0.9269083045253655,0.8567512349977571,0.8068248811233909,0.7701586673126892,0.6784722952119883,0.7397128883161656,0.6948977617040017,,0.7647279808269207,0.9781110946646699,0.8713281665518477,0.8991863575522251,0.6251614867140121,0.8095877660128759,0.8095643696465261,
20231101,0.7040872789378285,0.7649349036843058,0.7587234104084174,0.6785583545410078,0.8345124989686481,0.9204625773601625,0.8254114296510291,0.7672939271022048,0.753824151104111,0.7129229207745488,0.737979622044152,0.6735899717443149,,0.7502878610170257,0.960849153196695,0.8660186476371523,0.9285497919264704,0.610386535756084,0.8057988896531995,0.8131848754773484,
20231102,0.6627567377094518,0.7250473182111065,0.7192227983755799,0.6532202961077785,0.8317387343982229,0.9111625706247577,0.8033935414718335,0.7280989441775987,0.7449076477051192,0.7853175456630367,0.7513702292067737,0.6578226433427078,,0.7403052268755859,0.9357525091715388,0.8504584266978135,0.9432720734209338,0.6061818700536015,0.8049831525828305,0.7837935858521138,
20231103,0.6372104891917705,0.6863074458985814,0.6850336525100078,0.6313750780846067,0.8270536870142793,0.9351487740865652,0.793142336078414,0.7108612709049814,0.7489599918185988,0.8603442520550384,0.7618626721415162,0.6615964012637422,,0.7385384494014179,0.9360476769248558,0.8135994269060619,0.9679423201751957,0.6111072156583115,0.8058095305726131,0.7751227320197931,
20231106,0.6432449937621368,0.7063908605521115,0.7135523918222505,0.6713385026899689,0.8228659098481066,0.9524436708712265,0.8117441436039768,0.7216828009316183,0.779814801602237,0.9219301702762288,0.7930277236056904,0.7036087187939598,,0.7878211231958442,0.930057553868857,0.7637927285538264,0.9862996184765108,0.711197195253151,0.8659568545450032,0.7796191866525021,
20231107,0.6626062449521243,0.7387769086451571,0.7369032521383045,0.7366693003086389,0.8174188796070622,0.9776864894424301,0.8696635379627051,0.7809547129314508,0.8578661712408758,0.9938794527844291,0.8586489378450499,0.7618628825634339,,0.81441810246932,0.9398798813582822,0.7539303867031687,1.0126703093536404,0.7870996245814867,0.8613852201180202,0.7989539222267216,
20231108,0.6848913167705293,0.7617706139999715,0.7442180197936817,0.8169439871503374,0.8141031509226572,1.001458437397709,0.9140558779061728,0.817010370044191,0.9221486409068218,1.0476310588098237,0.9045426746161831,0.7918150472305898,,0.8354931563209745,0.9531706823188846,0.7483245785194601,1.0313221565789255,0.8467714630144377,0.8505174464495247,0.8064390327291973,
20231109,0.700763193176847,0.770288219430939,0.7361441025124161,0.8641254275884757,0.8383793113500475,1.0511395966310406,0.9564139587528623,0.8449066345811934,0.9680565900585272,1.0916896888767325,0.94570655146136,0.8464441980810793,,0.8611533596446761,0.9639572539075769,0.742617428959642,1.0156880071724292,0.916054101301137,0.8393548211971611,0.8273033668996943,
20231110,0.7298654326660206,0.7809676313642172,0.7281239617631736,0.8619251934554402,0.87460428590485,1.0908893843155778,0.9343114521205849,0.8691364745604214,0.9505819131291396,1.1183176305601388,0.9553969973487647,0.8677970363989106,,0.8858174446115752,0.9709667886618131,0.759736173162123,1.0236050392090472,0.9695846081275696,0.828240339011741,0.8574608197153059,
20231113,0.79037651460909,0.8181300938278767,0.7683395845615087,0.8813494691987475,0.8521132796110961,1.121435693632249,0.9530280632835669,0.902471936074532,0.9601396464862093,1.1497014658091256,0.9288962538513721,0.8967447754827718,,0.8866455115966194,0.9817201260066848,0.8028258620279726,1.0523739984093494,0.993726604383751,0.8008577517354861,0.8951675534482313,
20231114,0.8367911298785087,0.86151735473045,0.8192090915223288,0.898709477693511,0.838417367517368,1.1491886945790621,0.9778737921515077,0.9515899632844883,0.9798283372780794,1.1695811075611293,0.8989996262883617,0.9326986606365776,,0.9083868940414478,0.992282469643882,0.8509487730387025,1.07943561158034,1.0303119888025534,0.8114689296214634,0.9548486846906453,
20231115,0.88370962089695,0.9113805737658408,0.8614686274769808,0.9340379712840353,0.8284002047699184,1.173937174870787,1.0263680285614587,1.0029853230722896,1.0063349150220302,1.190339737847719,0.9450652922138372,0.9528792114606617,,0.9303263998515598,1.0077756164823108,0.8842672654984718,1.0997688768631004,1.0632261053396619,0.8241587240100929,0.9858181797196893,
20231116,0.9312810860636773,0.9505571717413283,0.8929981004419192,0.9584483965618611,0.8209637088262871,1.1949661481604266,1.0670406426781762,1.0554365878538046,1.0243716433950778,1.1843997453459127,0.975053556279798,0.9755216198882551,,0.9640162660185134,1.0163920874388508,0.9091514315114232,1.1184343321223462,1.0891854604756592,0.8522712957180166,1.0295154646541056,
20231117,0.9639059420335528,0.9865151435684596,0.9286300077651705,0.9815036925668152,0.877403054565458,1.1989164270880457,1.0781898120028235,1.0742615052240778,1.0073375473638622,1.161243629451933,0.9998643944629503,0.9981924056225613,,0.9836703451760349,0.9882428519849262,0.948279978835501,1.135679954198378,1.1027294796582385,0.8766408714956963,1.0570394513410086,
20231120,1.0260248328234427,1.0405720196336739,0.991915695777982,1.0072884135018088,0.9233797159037558,1.1973522007414763,1.0891608523426661,1.087675918148547,0.9939495397833487,1.1441060247248365,1.0198143472239711,1.0330119925244312,,0.9968321307141828,0.9811067684102227,1.0044789493947315,1.1516927353244224,1.087614658405455,0.8903709851203231,1.049522146891161,
20231121,1.065279065356996,1.069065562969686,1.0411783616243433,1.0274774491972845,0.9700506749821121,1.1954281660422905,1.09825141073732,1.0930556043483535,0.997825831114211,1.150697389845973,1.034706268084413,1.069879473005181,,1.0498309689852932,0.9902349891818667,1.0500470055475735,1.171302707093465,1.1215442541186054,0.9583950016473634,1.0481057293142213,
20231122,1.0792821734334794,1.0879655922753138,1.082348236632161,1.0177473172985083,1.0205111425950384,1.1906276245681218,1.102397447824178,1.0960348883472015,0.9987630257255312,1.1529316620448105,1.0491052349784007,1.1065904667479125,,1.0939395275605257,0.9775514243203698,1.089397976607391,1.190917582231329,1.1500104215106108,1.016726692033103,1.044168869231483,
20231123,1.1092297414448002,1.1036792734770167,1.124793158605592,0.9953007311843716,1.063138032967241,1.122627596491509,1.1051699031864843,1.1019852414535678,0.9962080930385894,1.154787904217254,1.061259821184942,1.1174878309014513,,1.1310036636953835,0.9699740167148458,1.1232554190128095,1.2147004253959088,1.1719330186085772,1.065919371607884,1.0369387876983587,
20231124,1.1287840403762583,1.1162307969500744,1.1601328195332143,0.9945379932812025,1.0894552903552315,1.0726860164339578,1.140686420170415,1.1273997468289014,1.0284884850999845,1.1612937241312988,1.0825599023570374,1.1328699178818462,,1.1591906334582323,0.9902866510164757,1.1216424342503153,1.195222327295649,1.1870212835616931,1.1063447356814267,1.0076420342273398,
20231127,1.1477756509457329,1.1309491721331055,1.1915439812733217,0.9926953657245717,1.1264051315435442,1.0259304738560346,1.1437110161804824,1.135125496845937,1.04595871528603,1.1521519044166728,1.1157858814024597,1.142949579241142,,1.1906049186285752,1.0118297575318058,1.0933761500538552,1.1742835584759168,1.2067752281525168,1.1475783802101445,0.9683564889370362,
20231128,1.1626155089189407,1.1348107229210704,1.2091960827485109,0.9918777193154987,1.14502290331896,0.988618897423154,1.1419759444115762,1.1205337135439326,1.0476049726568502,1.1410139501528198,1.1534445409739054,1.1470262774590905,,1.2032499218758201,1.0346274261686708,1.0393177680996115,1.1776489976043545,1.2074195267398926,1.1627396080750991,0.9164210826737571,
20231129,1.1750333976698684,1.1402477959128183,1.2266213496181684,0.9912365542154611,1.1560656223203236,0.9809766226516101,1.1018011729414667,1.1008138550245707,1.0206027994330416,1.1075188211370843,1.1088691350644404,1.1509720546627284,,1.2019118773401651,1.0462520787943153,1.025561606018083,1.1822915669339316,1.1914610160901957,1.167480978767819,0.9148226303902585,
20231130,1.1812416921760842,1.1386627364802875,1.2426223477224072,0.9889074672120639,1.1568886698509189,0.9581171294433791,1.088762265695063,1.0859788677803863,1.0231869342870823,1.0943232772929012,1.0862922187273818,1.1570506106982434,,1.1915277664534583,1.0784109421285,1.0261843445320173,1.1847916718576839,1.170155493406023,1.162271643871444,0.9162942240640677,
20231201,1.182673633307029,1.113758361207515,1.242453856951676,0.9395958503285116,1.1295652176234534,0.9581146869496966,1.0882863080639489,1.0795844549855744,1.0424596725202164,1.0951411562886815,1.0706169891594481,1.1572342336296753,,1.187377452822306,1.1177015642822934,1.0624424003460464,1.188081540327773,1.1555934775897145,1.159314004288933,0.9215668932141862,
20231204,1.1608217544657573,1.0699850328376563,1.1698363359763204,0.9260155158890186,1.0778399328602062,0.9688721276785789,1.0821625486732325,1.0858070215347952,1.058767144291536,1.0965755831525374,1.0456833558851981,1.1232040520813338,,1.1843197137027455,1.1441923082764436,1.0936994945965222,1.181949342931482,1.1470394045626644,1.1549982062128017,0.950119956030374,
20231205,1.14846157429602,1.0420726496306132,1.1130674785863115,0.9162185081569894,1.0255384811892345,0.9781209703211751,1.0591175792630303,1.0803776771640299,1.0404167906623305,1.0369733650025215,1.0219782751591162,1.0434244165008424,,1.1338117691572396,1.143345290312903,1.1213411116526735,1.1715658497410888,1.0878546972037304,1.1038334163529502,0.9575656551883053,
20231206,1.1438338207459242,1.0194478234364617,1.0694412997179534,0.9249146243568704,0.9952046679013197,0.9799446548366263,1.0434450036764475,1.0861845329257276,1.0310041124643718,1.012042310592332,1.0250177308822892,0.9794625435134298,,1.0935490446985492,1.149322500458926,1.1379842050318816,1.1564082883335138,1.0460888614332904,1.06381261221522,0.9642292392584705,
20231207,1.1275024857870113,1.0088650271274824,1.0389713394964823,0.9466734024999639,0.9737675765776547,1.0189800589564728,1.0161358747090008,1.0768116674959551,1.0049468155721903,0.9927376304301364,1.027018896931903,0.9476896727145341,,1.0612199414810775,1.1311438133785001,1.1526885079991793,1.1554622931064902,1.0109009936624505,1.0317266677721417,0.9741669201733503,
20231208,1.110347472474654,1.0093339950231839,1.0102554697040187,0.9797210128626422,0.9830298247061374,1.0629706730824553,0.9923312849087655,1.0534181586546678,0.9860341914152632,0.9771888776289643,1.038479250088689,0.9793195146068379,,1.0405047144839985,1.1102412495679816,1.1713855466160665,1.1565246053863503,0.9924457139750477,1.0109400462316196,1.0105988049576053,
20231211,1.0934123532554718,1.0077498215361336,0.9841903083369539,1.009708972008009,0.9904001990623056,1.1017037703483432,0.9836904052840207,1.0408798529006882,0.9760360998541948,0.9659507719894403,1.0440244967595165,1.003763652095293,,1.0094328275007238,1.0938805600762518,1.2008647214221884,1.1600010219067967,0.9602978947322239,0.9801918916824512,1.0437852351675803,
20231212,1.0822628330302444,1.0104614343299352,0.9665604502297491,1.0324350840025214,1.001615292732197,1.1337052640729783,0.9719397239187181,1.0381195125536031,0.9657307236112037,0.9620617394347086,1.0235276637254676,1.0268627628852522,,0.983011543239996,1.081216362386342,1.2324361830320112,1.1099363010392012,0.9354172095748738,0.9583400177404069,1.0777678728901392,
20231213,1.0767072231367056,1.0290371959971603,0.9642802365313359,1.022616032138009,0.9894689670755903,1.1300302925894725,0.980379189054597,1.0400156478175455,0.9786863375546127,0.9797710658052752,1.0487036037820217,1.0482848444197157,,0.9966113012787857,1.0821361370989913,1.2462864002890266,1.0845801550772798,0.9547103804891993,0.9749666617197594,1.08362470458785,
20231214,1.0556983199462882,1.0406411085397023,0.9444282915004699,1.0184660254330884,0.9841765133097504,1.1323784191282484,0.9678699327860663,1.0394657427229417,0.9646318189388002,0.9815368124975958,1.0648009950146986,1.0667078073053937,,0.9777086186431192,1.0254092563725123,1.257152090985137,1.068243944527561,0.9505111841748736,0.9558102248641036,1.0844974861760417,
20231215,1.0403959480187785,1.0634007924426354,0.9434631484956811,1.0386698283960136,0.9750132040274778,1.1038350855192673,0.9548691788395081,1.0437888224653247,0.9545599931822999,0.9811953623755968,1.0469204416802491,1.0807858062661304,,0.9690771681580974,0.9784188596793635,1.1811345083644826,1.0490190694783672,0.9518878650839371,0.9503213413049594,1.0850787835325286,
20231218,1.0345287240135332,1.0869258306888572,0.9753158839737839,1.0297547507626796,0.9717344925714133,1.0816773859820379,0.9261524734356358,1.0085716740270134,0.9244319108908272,0.9632588725669654,1.0159180851588772,1.0894585331088993,,0.9624307779834644,0.9081171438692044,1.1217977552388094,1.0375383916993792,0.9524564496866251,0.9470859039393387,1.0608111961242868,
20231219,1.0282110037575038,1.105921082023572,1.0017063302135196,1.0242172035655706,0.9472997044482996,1.052513398355669,0.9173914300923074,0.97548267512604,0.9205012814999475,0.965827713949086,1.005423078218228,1.1232183962256286,,0.9848946182938544,0.861921708182651,1.0720596173821038,1.0163049944251847,0.9826964732782755,0.9721268403242712,1.0344928825705773,
20231220,1.021980722255097,1.1219628326478368,1.0240986490436035,1.020795195305062,0.9308360700115387,1.036700257405769,0.9108308252846219,0.947329339186019,0.9364603570163823,0.9855070975954273,0.9960063281852514,1.14936613745431,,1.0106118083233988,0.8469942327777427,1.02573422501546,1.0030741987189549,1.010465682827169,1.0015590800300131,1.016275006550347,
20231221,0.9806431485983804,1.1153517083586582,1.0040027389966437,1.0157371686243661,0.9160927320140236,1.0202191524999802,0.9110647536059813,0.9323194175670662,0.9572268817494519,0.9924565283105317,0.9791787110189748,1.147506546700018,,1.0278352270505455,0.8416856426294536,0.9913436956107485,0.9119095890724064,1.029604270273711,1.0221412556012839,0.9906115548327202,
20231222,0.9454075009047717,1.103149796068692,0.9880415716721858,0.9524750101019194,0.8711270432678626,0.9430026469239262,0.8870593751398077,0.9145635575057524,0.9665154137103608,0.9972824738590337,0.9710417431785886,1.0495663657288696,,1.0399274356503336,0.8516451821128546,0.9605434747648162,0.8278465625376881,1.042526238613936,1.0382334025622364,0.9443106620553849,
20231225,0.927948174762171,1.1000146946187324,0.9835447036429638,0.9023322707412362,0.8303093003036912,0.8796739205891309,0.8617316348915791,0.8991937736775647,0.9756601127806594,1.0131412823033892,0.9683210778864044,0.9707276665806699,,1.058773825248126,0.8678937309917559,0.9286085604294667,0.7706261565405259,1.0634342424339756,1.0609568725934304,0.9098713872814677,
20231226,0.9105646450466477,1.097737164270016,0.9809252869194842,0.8624064798493003,0.803156332817474,0.8300910864483961,0.843936592320929,0.892099660944566,0.9898433221877103,1.0303759240324246,0.983756264407776,0.9015260891513571,,1.0775728489613168,0.8802803685032968,0.9007671137745915,0.7361658033779453,1.0846823350401462,1.0824260539011816,0.8886816229711512,
20231227,0.8280989527900248,1.0086127713932096,0.8986194642609839,0.8491885258071361,0.7505630746922489,0.7940475924955779,0.8097138131021641,0.8905830633100714,0.9693484690993667,1.0175187651139603,0.9480096985930908,0.8278273890745654,,1.0192007768298905,0.8644809604122665,0.8701222177099337,0.6948248815325936,1.0173648298750615,1.0310303178498983,0.8794946216779802,
20231228,0.7974903505859624,0.9525277798568415,0.8548266436682632,0.8426312945415064,0.7108558116197693,0.76691839626682,0.8076439932852199,0.9043153714583373,0.9670323142127177,1.0228144946084334,0.9315726374009143,0.7594601319531527,,0.9727444559348974,0.8790085714318989,0.8456527073863505,0.6605037953904862,0.9563889002431766,0.9909730406411987,0.8760158993774642,
20231229,0.8177158794080809,0.9299839329925192,0.8604293827407223,0.873600127359214,0.7171153991486064,0.7848378471341437,0.7975471146995673,0.894722654135621,0.9744969032165715,1.041561888406062,0.935774004510672,0.7192508252072732,,0.9394532142589562,0.892839768828608,0.8580834216081678,0.6303954647019121,0.9469334626011848,0.9712937145270952,0.8790923702602392,
20240102,0.8473190851583412,0.9223367574957388,0.8723006523537701,0.9244215404053947,0.7263904510490252,0.8237842235243696,0.8182137426538953,0.9082948134483819,1.0021626767299951,1.0800746256772829,0.9469054309850129,0.7239246732393138,,0.9117602299132751,0.9471291401890329,0.8630696656668244,0.6075170832679562,0.9396088379493358,0.9554554298473352,0.8945945277375584,
20240103,0.8741636276397556,0.9249390223945984,0.8829163517072063,0.968259868230459,0.7650760780965478,0.8611156709611847,0.8389560499618255,0.9281426019021972,1.0255325973811549,1.119476690026243,0.9585229706906088,0.7460329771623857,,0.9018033063503561,0.9904345920692916,0.8852415679196606,0.6085700745737099,0.943344044093052,0.9550443111237613,0.9330115335887458,
20240104,0.919801781158023,0.9395146547078821,0.8974082719851141,1.0029351496616807,0.818704146020347,0.8941372715086993,0.8330198121288743,0.927133800604725,0.9697675379288547,1.1128603586248644,0.9289296834801574,0.7641533519890871,,0.8556958060333529,0.9930212926826478,0.9221365755682749,0.6276765799011241,0.9228291873059309,0.9151868569130216,0.9797746286653755,
20240105,0.9776254647066561,0.9607390510046876,0.9331192823790385,1.0311830995587485,0.8594437226892241,0.9221501156096625,0.8221804737408499,0.9190690441844002,0.9235334036733605,1.1257205180191439,0.8942793258852129,0.798922669921053,,0.8086381808623134,0.9929732879277616,0.9348919523286079,0.6975407733145623,0.9009514545229627,0.8649065271714024,1.0079746530529918,
20240108,1.026618091629703,0.9820155328335743,0.9620985592494534,1.079906679310357,0.9244174438288862,0.9830331343269126,0.8371068273014489,0.9311542722677842,0.8837548066511618,1.1356791661011627,0.8695302839682157,0.8765411742784118,,0.7995614820351047,0.9518785933024713,0.9487122377156763,0.7657790224655824,0.8790143441721591,0.856162552956259,1.0164721880605094,
20240109,1.0657612028106311,0.9961208800926918,0.9877993074320823,1.1188677253195236,0.977545893791364,1.0341066272520612,0.8183801077405466,0.9294189220277148,0.8526913035022711,1.145698405810546,0.8448067204853809,0.9388569190028099,,0.7946687902304496,0.8944783580731274,0.9587045510271168,0.8071555657302604,0.8719374384623101,0.8514138969158975,1.017605512726286,
20240110,1.1000362406881787,1.0141186092849657,1.014820260166379,1.1514647395508149,1.0226670954215173,1.0737681849471752,0.8064743943362265,0.9316393151813509,0.8431093488664045,1.1577291358015738,0.8526863107538555,0.9902840625551189,,0.7955339184612309,0.909208763600955,0.9871963030023744,0.8532396753566867,0.8677566134557847,0.8526717686279854,1.0198437099248805,
20240111,1.1397075399760663,1.0525299000535293,1.0490484006619565,1.1641473608415873,1.0764086215911681,1.1070454737354225,0.7941325230744672,0.9517005743570097,0.8429564367274037,1.1778815154613202,0.8781252514301128,1.019128279179482,,0.7979971355231517,0.9477419012568362,1.0165873847306504,0.9060269905302312,0.8749892169059236,0.8559042210569472,1.0281086340686791,
20240112,1.169400738887541,1.086273773092647,1.0789831207180958,1.18364462407223,1.1233788971761762,1.134711130835674,0.7984818752214826,0.950929434161677,0.8533217421004915,1.192139427617739,0.8930795918462103,1.0442218261401797,,0.8099464397100294,0.9724198602498536,1.0398754013652214,0.9494552003765695,0.8929822642029148,0.8644836906929032,1.0200519775000105,
20240115,1.165225244158892,1.097133675568195,1.0754795089156883,1.1653607535252617,1.1351378911562453,1.1328801618866504,0.850406736052812,0.958118658537602,0.8973060179654138,1.199012218953124,0.9046191935052671,1.065870092139971,,0.8325700083469376,0.9995601669768095,1.052983101714075,0.993912511784486,0.8914281404159153,0.8801468056347873,1.0139497359394785,
20240116,1.1502009558195205,1.0978609791153464,1.0552192655379387,1.103213723748143,1.149146895989618,1.0519251548612043,0.9017228609724741,0.9624817248718223,0.9300881902983784,1.1707431911594492,0.9432134018605085,0.994517230565419,,0.8684756739170303,1.0130862653290735,1.0707968097537,1.0437384064373887,0.9050421104964779,0.9044050313239567,1.0052377693102137,
20240117,1.1335095101110717,1.0793720311563217,1.0334675176325856,1.026768659287696,1.1580754286896429,0.9516407349603891,0.9421589793144414,0.9618065458187777,0.958616433779762,1.1474701609513156,0.9744161521357629,0.9338151335501178,,0.8878266915166549,1.0230668228612605,1.0283294201589912,1.0674375153856301,0.9026060530500676,0.9148057344171407,0.9910966686295406,
20240118,1.035619097213204,1.0323026213805875,0.9901877092616285,0.9631773287265173,1.1524273229758895,0.8750111887404393,0.9857528950186829,0.9600473800195605,1.0177384218966357,1.1445602785028846,1.0169943828694021,0.8940798222807534,,0.9324002351800672,1.051062134305983,0.9977408083159056,1.0668243394557284,0.9175752560203997,0.951828770619978,0.9566858712835588,
20240119,0.9528949430084939,0.9905749269434544,0.9500120570794758,0.9075278622520537,1.1490536255795525,0.8131387179174683,1.0204244538928682,0.9310157052493342,1.054263996053491,1.1155561462437082,1.0439809080901035,0.8420184388185854,,0.9808969504847899,1.077400614796677,0.9949094862815684,1.0622362254616509,0.9337904529578331,0.9984250523471488,0.9372280034566768,
20240122,0.8746181496875903,0.9587987673454333,0.9069934607315963,0.8577594853498388,1.1102771600675958,0.7638423426904403,1.025266671496694,0.9146435021620108,1.0692684987017307,1.092053624611087,1.053480147301961,0.7966384337164902,,0.9491119631096631,1.1154208750892,1.011650351409255,1.0915228452360537,0.9378850653634636,0.9570567279723341,0.9101734882889775,
20240123,0.7792689110823516,0.9290578611590228,0.8601349778379072,0.789422461390086,1.078201870282614,0.7205902063596109,1.0198384285106497,0.9060616530152935,1.0792041730207054,1.0616777588951447,1.0552776607237035,0.7317789682858696,,0.8848209366387704,1.1561716028145903,1.0287363870160802,1.1166116127267924,0.8704961208265471,0.8756186342657788,0.90084342358938,
20240124,0.6928821574048486,0.8801933944247714,0.811637200417351,0.7332006033845729,1.053175373509638,0.694160458837073,0.9679233784489253,0.8867276043142263,1.0198253153911687,0.9981439531105962,1.0456494275788346,0.6718456523344152,,0.8326628657835717,1.0972072854525707,0.9915942662558863,1.1130941475891056,0.8159152232361379,0.8103617555630399,0.8797713172889763,
20240125,0.6199173267000323,0.8452044032327367,0.7613779205488446,0.6905271710641817,1.0162109682669855,0.6730216325876246,0.9561844374992312,0.8665268622173501,0.9864466767872435,0.9450159536522952,1.0504305970505428,0.6320529413129145,,0.797882463822621,1.041044809481691,0.9615793106741177,1.1193863388701686,0.7910169110008457,0.8131913498360053,0.867045628276577,
20240126,0.5997508125641164,0.8199077605971846,0.7459478199061298,0.6401434518922083,0.9861575535064551,0.6603231921713257,0.9518232750337817,0.8743806792305612,0.9637076930333746,0.9029334619391778,1.063893235245598,0.5937553236181841,,0.7668757583586587,0.9989603617026618,0.9111141845916306,1.1300977446204132,0.7662324574931779,0.8143705555187456,0.8883176385214738,
20240129,0.6053235877956952,0.7822612979974807,0.7518576911864566,0.6075520196691334,0.9753979571785113,0.6649190661934394,0.9375597566409654,0.8876646362632359,0.9331828613637206,0.8567852787802628,1.0740169245722946,0.5638748581142714,,0.7440754143447843,0.965128094898639,0.8664465749945272,1.1379401763215298,0.7778261392288491,0.8212256582731987,0.9057970936494297,
20240130,0.6185766402403301,0.7714344486184536,0.772369189542789,0.6102134391098714,0.9606121303709013,0.723292691328999,0.9319201743746287,0.9305318613769202,0.9308693906179917,0.8356809241102168,1.013568791608243,0.559982184867061,,0.7211826363809369,0.9377350828717941,0.8412621358773236,1.1451814671521896,0.7583420031642607,0.8225044031499692,0.9224822287036513,
20240131,0.6315170461624479,0.7704120862698463,0.8000251617711391,0.6835197530859187,0.9473519237948933,0.7948443336833098,0.9288064858784454,0.9683578429955617,0.9118697883391008,0.8212466634510813,0.9526135347261018,0.6773097517302973,,0.7255331358581133,0.9011073285120341,0.8331429396307658,1.1545666267429533,0.7565374034840263,0.8378911421553322,0.9422556779769987,
20240201,0.7093836956694263,0.7999783380462681,0.8520596844423207,0.7402017480398709,0.9407205079409667,0.8538527904698847,0.9471747937417584,1.0046212565349697,0.9198904639189303,0.8207559247689704,0.9049987598080593,0.7734137343226816,,0.7631991715556894,0.8774401679771324,0.8623989601373565,1.1719366898985817,0.8020633941351589,0.870816182600149,0.9520783291594187,
20240202,0.7999877553111654,0.8359668091461765,0.9096309870471936,0.7878219031288588,0.9328306642855692,0.9156262773454605,0.9607531665646707,1.0462486567873128,0.9339685734697133,0.8322589409948739,0.8931098015063481,0.8662942713134061,,0.7834353848287269,0.8527748558158604,0.8899581816116305,1.190825709498785,0.8384203344143898,0.8831231877257092,0.9656834696223021,
20240205,0.8802847431605932,0.8637141471198847,0.9593930016339449,0.825171058739167,0.9097876303409818,0.9576531657742888,0.9572984486812623,1.077095248818363,0.9285929954210594,0.8451368932211052,0.8995991392031428,0.945728992288211,,0.8269938120070893,0.8025043074747898,0.8710314480226492,1.1132631567316866,0.876864221845168,0.9216033842375119,0.9523819710606043,
20240206,0.9639678872390547,0.878206554583683,1.0002660071112168,0.865809080196885,0.8909876753111408,1.0005363212699452,0.9689103206362247,1.0759325460155382,0.9314604766815877,0.8572551923791009,0.9105139286259452,1.0224231425778687,,0.8609713630654592,0.7613595266087089,0.8578310116752511,1.0371032366920363,0.9296082219493716,0.9576244265915066,0.9410933172972011,
20240207,1.0375082461941423,0.9117259963946378,1.0424960054748895,0.8893822828601942,0.8662555787202527,0.999052876476808,1.003296481579862,1.0849812228124307,0.9699056103083975,0.8749420795510007,0.94171283672478,1.086911125548451,,0.8740888663613972,0.7835916562136623,0.8584201708885218,0.9839214451322513,0.9567699535948003,0.9741898814603517,0.9418153012285868,
20240208,1.0999846413396113,0.9460097573869469,1.086503922839649,0.8967207112919636,0.8556846140596284,1.0038108098335827,1.0268031394567012,1.1005250135662783,0.9993293002509802,0.8952958282521107,0.9516642785792461,1.1294958970147808,,0.8896581811936269,0.8089995846671864,0.8603908382434655,0.9381964202398668,0.9775871672744754,0.9634327070376917,0.9431548051353775,
20240219,1.1215236636551242,0.9812140539792527,1.0952332727880372,0.9475090716202872,0.8572793496133718,1.0428685955593364,1.0488725685310505,1.118910981096227,1.0250451971841186,0.9144359277493447,0.9629169036334841,1.164906916484432,,0.9212964306365015,0.8297217882016206,0.8935288981918575,0.9102804340846335,1.0116951290309104,0.9571536925573346,0.9494810867306739,
20240220,1.117643943353188,1.021801542737524,1.0951288189713908,0.9909668972054562,0.8566252767507232,1.0691288700764985,1.0562500488790012,1.129805845184289,1.0494094524248898,0.9449726461061511,0.9823995654902032,1.2019503844650938,,0.9487182076767743,0.8558424391691399,0.9152581447113104,0.8834955650702729,1.040188546115874,0.9516329529462596,0.9566401627498237,
20240221,1.1144465593635127,1.0446873294638463,1.0927889009826042,1.0251681359545133,0.8568825382835876,1.090256932870351,1.0697485979698242,1.103684502516178,1.0638391696497156,0.9706172379238646,1.0291184132403621,1.2311426136666759,,0.9827473103331724,0.8849343662120094,0.933733297947028,0.849561112481702,1.0798185122376307,0.9558762437666384,0.9676065362437112,
20240222,1.1140376296865984,1.0664159955120753,1.0930594632703199,1.021594790680816,0.8750002031511743,1.1053888327910226,1.082489534403485,1.076872441050584,1.083217298589042,1.0060935745902482,1.0672542993678034,1.1215275509130094,,1.0131136490092045,0.9164897626495522,0.9579491946787388,0.8226406503402696,1.115411900215632,0.9641111672754525,0.974554982608045,
20240223,1.0940910867456792,1.0714933840935974,1.0814909348747845,1.0232837441930391,0.8690685639080361,1.1175480743481347,1.059118586907534,1.0556956565584117,1.0711982819437826,1.027293403141609,1.1027880625002224,1.0416410070035544,,0.9964624533801867,0.9403224418272087,0.9603894242439989,0.7988685937699875,1.09366702101177,0.91946908515704,0.9754016844612934,
20240226,1.0235718570310497,1.059882162280368,1.033320386428426,1.0193133068219022,0.8561037159324134,1.0919977420966434,1.0305988771561019,1.0440705500910885,1.0601870081055427,1.030715798663331,1.0980044954875954,0.984250613973709,,0.9952067762747879,0.9596775168878943,0.9622119793708692,0.7714391420987886,1.0798587892989706,0.8923873666239371,0.9829281795080246,
20240227,0.9739609884898287,1.0424907595536141,0.9908453318509488,1.0235642626107553,0.8870136603233088,1.0792041466373061,1.0231499056364903,1.0411555329742086,1.0683345176911343,1.0263624079989992,1.083197614745314,0.9468215510355819,,1.0078140475930182,1.000806433196888,0.9954085777062118,0.8060580170170637,1.0665169085801345,0.8859717603100807,1.0050214931441814,
20240228,0.935984758821842,1.0326254411459397,0.9573608036949441,1.02894008569442,0.9086551709137,1.0275555546244697,1.0203939356940457,1.0486671334247195,1.0704819653328206,1.025249715954083,1.0751395530592878,0.9115959076830343,,1.0240525989023834,1.03606417955553,1.0252197704322823,0.8439774556684418,1.0561139858759854,0.8834510255651644,1.0250890124717469,
20240229,0.9058395566354048,1.0271575396010963,0.9312015867151915,1.0305302912197787,0.9017551963672749,0.9909977703439311,1.0028027256610643,1.0502949315782584,1.0577634267976135,1.0277856819254687,1.0380843722132675,0.8831477660867352,,1.0434373342058527,1.037025255217999,1.0534037607861038,0.8768376081230995,1.0534128473592808,0.8864129468745732,1.0137137208740117,
20240301,0.857191128183191,1.0174278333925257,0.896359168896099,1.0369198557514332,0.9076680303363301,0.9724815939740555,0.9899248460308276,1.0515210723010981,1.0491355278295065,1.0318284721075264,1.0141528213692437,0.8730642722714597,,1.062458532273388,1.0393270135938415,1.0792113441881006,0.9073485493922169,1.0524777098501887,0.911929010178633,0.9801799178430901,
20240304,0.8391358417533803,0.9694002269391615,0.8527762375612009,0.9788260410061039,0.9237558539323516,0.8768079812771296,0.9770722535978439,0.9848235932917704,1.0386729446848468,1.0330203458900697,0.9570055359002131,0.8624707349894942,,1.0603639047935927,1.0449009557769193,1.0739844968519885,0.8860585688665574,1.0188742882857345,0.9289606977899723,0.9445832640162435,
20240305,0.8427444756728218,0.9416477570900739,0.8234919703621989,0.9292038657462979,0.9461226810900254,0.804640418731153,0.9717149958375954,0.9494012430902903,0.9989111161472954,1.0293048356164671,0.8996073289517128,0.8314307555585013,,1.0650014392403426,1.0105941575060091,1.051514285437858,0.8825610338427958,0.9740373322625591,0.9670929494999565,0.9143131739719476,
20240306,0.8530891393285788,0.912651365662459,0.7965847195010471,0.8345107677310167,0.9655291075122648,0.7448154915290407,0.9697789076700044,0.9418866916458798,0.9723286540945474,1.0174663454825728,0.8547036877416543,0.8067903794239225,,1.073427468707481,0.9818300878900821,1.0313481659056558,0.8943283131652552,0.9396331254602172,1.0002650507894415,0.8723339404666833,
20240307,0.868346193222446,0.8870862567051703,0.777914967069136,0.7907110288661064,0.9449337673956827,0.7510001046033778,0.9673604481336003,0.9522545300877496,0.9552375647350301,0.9436766438753411,0.8196907739490289,0.8591001354352864,,1.070017295310078,0.9519552905934706,1.0104851914843722,0.9061168753141345,0.9081791772682544,1.0151269053072878,0.8349619606175268,
20240308,0.8827567333392025,0.8731733157039203,0.7724587564492342,0.7559241583416721,1.0043511756434595,0.7563549764594906,0.9827556202163183,0.9579344014139884,0.9583667984895055,0.8894130740948575,0.7905688367225845,0.8908843890100525,,1.0813241176728778,0.9341731551658807,1.0048277961254377,0.916502362723079,0.9103553697431445,1.0469749217931736,0.8190072266178541,
20240311,0.9344228273945031,0.863895507224681,0.801569667092821,0.730713909115021,1.0576093036918486,0.7795668838601766,0.9993026333223317,0.9590446136679177,0.9596334067036871,0.8608969538745983,0.7894655696324565,0.9218599504106731,,1.0829946279779197,0.9281475637101303,1.008691275793464,0.9037644852155322,0.8967296363657874,1.071709957706845,0.8340212103305138,
20240312,0.9665402889809449,0.8683328894890342,0.8237897367438531,0.6856720179873527,1.090117178599723,0.7968350704049342,0.9764675044846777,0.9509489946746068,0.9145330416513787,0.8419797816404472,0.7969669459219939,0.9199218422404436,,1.0420685429644505,0.9237017406285617,0.9994543810455181,0.902234828276538,0.8650114592621945,1.0476996510275562,0.8473959696986763,
20240313,0.9967666976950821,0.8704688574838347,0.8415335673453856,0.6487799473429645,1.1183640404396455,0.8353095308817036,0.9566596152765692,0.9518213834835845,0.8821884951744697,0.8305454871306653,0.770928610810024,0.9264543636079368,,1.0141961878226615,0.9207261313148495,0.9474631875076056,0.8855397766732294,0.8410322300512667,1.032655860329879,0.8686406864615198,
20240314,1.029028041967769,0.8770075957024834,0.8690573504607626,0.6520474751917089,1.1514370562807457,0.8698804488312325,0.9400172583944583,0.9406637416995407,0.879124996226515,0.8248832814507526,0.7877499446515668,0.9397987755606224,,1.0246570178718015,0.9482110820494993,0.9079661563294018,0.9016982304239027,0.8435415295635489,1.053609690048528,0.8999672367717486,
20240315,1.0629959779064495,0.891792121264494,0.9060524998363204,0.6999126785800232,1.18220220596329,0.8873890195161911,0.9655798991635088,0.9470039205329357,0.8983233331492398,0.8236664169258695,0.8101277089526447,0.9211186569747203,,1.032996746012806,0.9741122679133789,0.8887707276101916,0.9140164456452317,0.8521371112984214,1.073702965737451,0.9397108057816502,
20240318,1.086786416105862,0.9250689063874685,0.9537493891507418,0.7738321121224793,1.204273710525137,0.9578477843250789,0.9888599193570603,0.9842506889517076,0.9150768762348013,0.854075956193488,0.8498073478249206,0.9250877263288612,,1.047793922491902,0.9800459600141458,0.9146601696714595,0.9511237658730832,0.8806194731189243,1.0931192427139866,0.9808003104314499,
20240319,1.088847362579057,0.9274138407180702,0.9800238000917726,0.8338590941663533,1.2195310992739943,1.0099329084852995,0.9696875881243459,1.007051667472796,0.9240718969382629,0.8789926002399476,0.9026207512745572,0.9440076155833875,,1.0140442819267392,1.0033862602416,0.9501222035137187,0.9652751108577327,0.8799511754928017,1.045214445305391,1.015770177942435,
20240320,1.0877598986257155,0.934397381129541,0.9987741632091235,0.9161875712147528,1.233435956956511,1.046965046801795,0.9537534159250478,1.0326564945788033,0.9302585638202392,0.8981108162274547,0.9508269636375766,0.9542249698060988,,0.9891142928276886,1.0224886251552632,0.9773349770330936,0.983762415268395,0.8881733377771325,1.0235351889325948,1.0638972594791203,
20240321,1.082334293761221,0.9491422704418835,1.0243757397556243,0.937882028411642,1.2551321748765443,1.048192802931584,0.9393364246445722,1.0396102770480902,0.9320740375990213,0.9553137718146985,0.9881569616974656,0.9640721703222555,,0.9967010537068216,1.0471027245860185,1.0051007758279127,1.00010095504479,0.9282999594750302,1.029026785334228,1.1067448115096232,
20240322,1.0847192385517892,0.9690979264157357,1.0457786512286362,0.9570811153238153,1.2555514053959764,1.0490367848790776,0.9617742407961122,1.0513081849258588,0.9470265822587586,0.9981788049196372,1.0156181080604456,0.9841466379844342,,1.0056992912518394,1.0674634616857692,1.0287217274377487,1.0125064973068676,0.9618562186280215,1.030878250386834,1.1362969475936515,
20240325,1.0402000267477711,0.9712462464404911,1.0174209753676666,0.9648027086300979,1.2523450978741588,1.0617899589846869,0.9828828854135032,1.0619988614971283,0.9622870329246908,1.029734879231426,1.0149853603772294,0.9612861630876876,,1.0120570450912525,1.0785642954170946,1.0397245224568825,1.0319967512741082,0.9981147053656364,1.0340147407364249,1.1548484498531886,
20240326,1.0007342503977876,0.9525425628007417,0.9950367733731542,0.9702844637514119,1.252635329150342,1.0776798404912926,1.014577188532843,1.0677489953571244,0.9951806756241379,1.0507049554017038,1.0204460243927593,0.9538873972130011,,1.033823361286536,1.065582350189293,1.0472208430065277,1.0490801760986916,1.0390514470738346,1.0511907444830033,1.1669659379845954,
20240327,0.9891021763681797,0.951218924186577,0.989696142975201,1.00205454213864,1.2550556270089692,1.0889558428032675,1.0414516265300477,1.0675835289722977,1.0248537870169607,1.0643046395424762,1.042749996418111,0.9754318903080227,,1.0524668917162856,1.059244987782511,1.0765916330030032,1.0616155918301289,1.08162239338311,1.0646657072413945,1.1737378594450614,
20240328,0.9469380602193511,0.942369225293598,0.9648638887863925,1.0193931007985433,1.2551496093853123,1.0973404409926018,1.0677145895874756,1.0757396901901242,1.0287587850102575,1.0774883396938466,0.9757189120253853,0.97991688134262,,1.0320750409832216,1.0246976051036034,1.1010082445345302,1.0578501787652421,1.1049128959597614,1.0420974870323818,1.179248788483501,
20240329,0.9240698663424927,0.921791038151896,0.9549190063072605,0.9920057201547274,1.2369434669811012,1.1085030100272548,1.030201121491685,1.0561019414282802,0.958846047822491,1.076171288761986,0.9264741208935983,0.9983990617037207,,1.0094067919456307,0.9899941409445286,1.1023566382613172,1.0648404444863553,1.114489742513374,1.016990825757191,1.175817630226845,
20240401,0.9077093937003847,0.9115386840409092,0.94817386432711,0.9803283759261263,1.1509580863659497,1.1144997130385632,1.0032697027087176,1.0447043170797592,0.9228028520099981,1.009997812337609,0.8933229542827177,0.988445150627768,,1.005934816097871,0.9897023676242189,1.0589136172419693,1.0733749175721456,1.12359944820406,1.0083206147345949,1.180831740117684,
20240402,0.8932738389310553,0.9107406128881079,0.9463619910895045,0.9734867917269324,1.0801911640970117,1.0685067735608635,1.006738295032136,1.0301602384066257,0.9122636233907079,0.9540437368243666,0.8557665898017613,0.9931486323618902,,1.0289927011731248,0.9799774111423407,1.0137140984537294,1.078467194475646,1.147693651121557,1.0368573667468555,1.175201133495218,
20240403,0.8825614511280157,0.9228681346280242,0.951978797056056,0.9888786212600077,1.0200295131105765,1.0204451246375035,1.0077774356006404,0.9644006607507215,0.9119520194212521,0.9149841950351968,0.8048808597286795,1.0113129645023309,,1.0413581662200864,0.9768134021636944,0.9779846151722851,1.0642290820634874,1.1658277031713915,1.0361202788208097,1.1715694233716774,
20240408,0.870976113524277,0.9236959260076203,0.9392026114710231,1.0229152671345654,0.9731940272163229,1.0074702185117859,1.0117154841185525,0.9337137510396353,0.9052874110692402,0.8957097484232576,0.7520265104968473,1.0276030713176316,,0.9944799091836316,0.968713596399082,0.9813372588180422,1.0527068379228262,1.1389138166790609,0.9951787972846715,1.1531299190483066,
20240409,0.8547692560884075,0.9042395010998218,0.9261732804936523,1.0513094089832644,0.9259208023462663,1.0045440422655267,0.9343280384744519,0.9048208889646393,0.867545863506981,0.8821155531681588,0.7022997801923516,1.028085059201751,,0.9671570632552263,0.9635423002393434,0.9793111847333347,1.0328421446571732,1.1223265127000754,0.9759691540727194,1.1438327199320095,
20240410,0.8811369485023399,0.9157013978912039,0.9532021073982966,1.0796964983484916,0.8886796393302243,0.9857091141853501,0.8673564589892427,0.8724043671763487,0.8317250774371746,0.8711990005628238,0.74952478865441,1.055802200688919,,0.9491728599685046,0.9787910627287837,0.9581985438658965,0.9836270765483435,1.1096200811816719,0.9610770305123724,1.143226971318597,
20240411,0.8967379660678975,0.93881372173032,0.9784352625072078,1.1028958911821403,0.8618824307192066,0.9966099680536691,0.8169157645259318,0.8274621711479577,0.8064377197987097,0.8600786226178185,0.7852643067492352,1.078529612172226,,0.9372555843885536,1.0029726077502483,0.9548448642651571,0.9617234431437113,1.1033477912350915,0.9546034341449761,1.148045592902076,
20240412,0.8659902126085611,0.921446269859549,0.9804982402621352,1.082863228033178,0.833037167868748,1.0071430470421847,0.7901836379477782,0.7953545877742904,0.7852325382747264,0.857482831593722,0.810393038667965,1.051142555816941,,0.9151662261016386,1.0141430103451257,0.94621867328706,0.9147735514546729,1.0541925124722922,0.9422324357209017,1.1529849298565336,
20240415,0.8589321178610638,0.9298706977499874,0.99512066802926,1.0748264588208802,0.80519414289842,1.0205628911853006,0.7688392799577835,0.7708925442228577,0.7765714210245036,0.8575218975581689,0.8707959927842955,1.0412027605832999,,0.918547874695171,1.0238007154369453,0.9420615186336389,0.8866207929779885,1.0133547006464831,0.9538801118516341,1.1504974303935724,
20240416,0.8272599409831051,0.932182928280415,0.9820790446555496,1.091152781911346,0.7959609969789204,1.0353553042495762,0.7834567901579513,0.7765737567328618,0.8159800630320674,0.8748426350949968,0.9236926827535827,1.0341389306225834,,0.9314068565446814,1.0368512033588517,0.9484018621145258,0.8708754470956458,0.9918054223398772,0.971189967886973,1.1440210237111421,
20240417,0.81626805448041,0.9429285070337006,0.9822870445214131,1.1050137045044466,0.8257514324369586,1.0488903532883675,0.7867720885184386,0.7803071870694404,0.823331479647085,0.9192089938173443,0.9688639132537629,1.0395720176934775,,0.9011964240265542,1.0318552484374126,0.978122264965102,0.8562818758418393,0.9401350454288074,0.9705735427985471,1.1322750982773542,
20240418,0.8538542713047876,0.984513744802106,1.0080442135138794,1.1092851038464215,0.8441706543933345,1.085461800017873,0.7893822962211647,0.7836492376900916,0.8283569407893042,0.9624602766697966,1.0142030265146433,1.0389330290041268,,0.8968211653848159,1.031451765313759,1.0026304427473691,0.8856653664060504,0.894870997861982,0.9695634238680794,1.1225070030061404,
20240419,0.8996838942965459,1.0080240678717105,1.0281523443484735,1.0448473185507998,0.8565464409727837,1.1089942186980166,0.7916972791221727,0.8170461691955501,0.8305065748094633,0.9960446839172211,1.0615184620288856,1.0090185016592554,,0.8965285764256693,1.0274233764352183,1.0283268636485134,0.9214263545650305,0.8568508773524867,0.978622568505396,1.1176715483638975,
20240422,0.9633926552003302,1.0368997338655517,1.0557375529281492,0.9978681801426744,0.8467710917364235,1.1294908913156447,0.7949947292856748,0.834218801794011,0.8448420807079361,0.9946291747696345,1.1071266255918921,0.9840016227427856,,0.9182980523162222,1.0220384535120655,1.003854432770031,0.9462431895949406,0.8477516398165903,0.9994588890344144,1.0987890151405568,
20240423,1.015673861783657,1.0588489503690381,1.0803351915385133,0.9551034264966379,0.7995951692466884,1.1430787231541832,0.8787612215666643,0.8581256866846183,0.8976607799529808,1.0076754674933806,1.1304897236527758,0.9638407407060471,,0.9320293981596471,1.0433748990248708,0.9822008065287964,0.9818436556958972,0.8422270946189051,1.010346478563725,1.084348652971109,
20240424,1.0605724124363307,1.0899275601666896,1.10771923486025,0.9407272977132863,0.7610598534736905,1.162857613382385,0.9492280358634675,0.8886721259038418,0.943386483683153,1.030501938165706,1.105502887072969,0.9410785910337438,,0.9431374055905346,1.0473640687748766,0.9919051977812843,1.0294910599488825,0.8377929428713299,1.0191465770683505,1.058960977936975,
20240425,1.1017147895469064,1.1113615183468828,1.1298134646484668,0.9467597790463874,0.7311967754351298,1.1125984681941816,0.9924404148794999,0.9280671181446751,0.9715810191763112,1.0508149517681127,1.0875295027579428,0.9226979409696253,,0.9544876861841048,1.0552604525534675,0.986572871844708,1.0566796984721443,0.8285562120901878,1.028371049282694,1.0175298909480532,
20240426,1.1428527156721824,1.1356719233722437,1.1467975730450444,0.9561460981021839,0.7264395498582964,1.0720410532177331,1.0378334199947712,0.9760549915995715,1.0092473333764167,1.067970572007724,1.0754999726787495,0.9289370973043601,,0.9760796228274052,1.0660405088926728,0.9869383891839835,1.0924740684427345,0.857680806680163,1.0432716788338394,0.9848738181072326,
20240429,1.1773237023972754,1.1542119691112722,1.1621183713610097,0.96183082735567,0.7285166477892695,1.0469012390254704,1.0746387801984596,1.0138856922363912,1.0405137301222296,1.0713866525663145,1.063637148575078,0.9281145006663168,,0.9840697708973243,1.0636673243576351,0.9738302391601594,1.1291563542820389,0.8829191840507101,1.0409484459968248,0.9687062773384226,
20240430,1.2048403956557334,1.172034050076413,1.1683078905957227,0.9726075287064049,0.724361603581111,1.019957594527317,1.1016633117356887,1.0236419379458226,1.0613210329941585,1.0459234287003119,1.0414193469207174,0.9427270878745944,,0.9640028737549758,1.0644464046381086,0.9737062173321639,1.1569820443285994,0.9041456052700644,1.0044129623955365,0.9441557684380457,
20240506,1.224258742198445,1.1901241953747035,1.1738073301060974,1.0059215224992966,0.729765543577481,1.0010547538232886,1.1321444853747147,1.0269082586410918,1.0939841948051594,1.0288299231846856,1.0275799441973312,0.9318395385165034,,0.9724168429844426,1.0724528000692932,0.9910215623448951,1.1811837570289467,0.9415428372039581,0.9902873371620036,0.9258408307591711,
20240507,1.2312302005213913,1.1882838957196493,1.16003021858474,1.0409908758251492,0.7465328437078225,0.9542882000100379,1.1662788608154315,1.0554263777333257,1.131424495408009,1.0063242575646998,1.008705651382156,0.9348063732932848,,0.9364996209819613,1.0705079220379912,0.9951894902933457,1.161453743189504,0.9660351871966434,0.9682931957856603,0.9040018773915166,
20240508,1.2122733548963978,1.181603426238675,1.1360211544355812,1.0897105780111933,0.7614907148077975,0.9112119099410622,1.1936549985531175,1.069956969865476,1.156420149766533,0.9974923208574394,0.997153307487133,0.9583542186055831,,0.9079602856578597,1.0632104258132473,0.9983807466441373,1.1461749470506073,0.9931323587146512,0.9500785482157901,0.8959116408558266,
20240509,1.1426671200168488,1.1577490798010628,1.1090011969264688,1.1259207962281472,0.7910446580424653,0.8829568942652971,1.2166754506002941,1.0856390721640614,1.175407287534966,0.9979639591355501,0.9749396673680756,0.9765032729720825,,0.8873288666246375,1.0623774250238447,1.020973940759869,1.1343526702548472,1.0082918063182051,0.936975424310548,0.8863820997617774,
20240510,1.080780758298225,1.1415830187564264,1.0884125326486551,1.1571998505330803,0.8433040119798,0.8656639852226503,1.1989148216365357,1.0953821090833067,1.166076120127863,0.9848369355416465,0.9707512979257336,0.9948850552658425,,0.8732904818496064,1.0145781691684461,1.0364805222753035,1.1205494400190381,1.0060517483194464,0.9308640049343291,0.8780685917324456,
20240513,1.0365967264229454,1.1065189625049776,1.053319386769748,1.1698160746272648,0.8944128067156705,0.834835760000221,1.185240620218467,1.1048152352528793,1.1629109430859288,0.9484975095955628,0.9687443887246385,1.0076953270855264,,0.8616235801749097,1.0037148726013747,1.0376800003925764,1.1094122548370096,1.0059120811683735,0.9256565276969715,0.8724887570620052,
20240514,0.9982037658210966,1.0837233186623818,1.0264231935826946,1.157746715728537,0.9263470753310843,0.847000018457443,1.181359900517003,1.1169632052606844,1.164686318135288,0.9401311846098522,0.963658453400372,1.015859417717171,,0.8377014481991322,0.9956014904732374,1.049945075393922,1.0652942641423686,1.0093748240416902,0.9038951190272705,0.8852045813640583,
20240515,0.955227717325548,1.0613618460293082,0.9998342655503627,1.1471962394709538,0.9534267003213736,0.8594094032915945,1.1585747429807614,1.1136432754402477,1.1501128415803403,0.9321186406485129,0.9608343473546197,1.0223459501618373,,0.8175262227612939,0.9881972611326701,1.0593033727467527,1.026466642143798,0.9877099348876491,0.8860273348912034,0.8914573622879626,
20240516,0.9182451797493405,1.0445526065552027,0.9792227194107799,1.1415675127358225,0.9818632157561379,0.8965902804288317,1.1360923465257535,1.1083865202752363,1.140450112429135,0.9316636490241025,0.9724109195220287,1.040469567322775,,0.8326855951243763,0.9793206723436435,1.0754647961870814,0.9959435166064895,0.9929831990577582,0.8888395630110713,0.8303714548225897,
20240517,0.9001405632372952,1.0382241218336297,0.9731012831309891,1.1395213613046633,0.9929510667690518,0.9294418624004965,1.1444620942027803,1.1345557737778915,1.1605735464162572,0.9666830366152058,0.9893219160920055,1.0645463793850432,,0.8609350767680981,0.9858382678113519,1.07809983248394,0.9948792339110312,0.9773392114099632,0.911360816086479,0.7938543946608606,
20240520,0.8796052634551347,0.9598289002457414,0.9275657851145361,1.0762083949511523,1.0004669493558733,0.9503942456375984,1.1217514959015347,1.15147409969917,1.1377427895175412,0.9981054324115891,1.032651856249017,1.0583693508300505,,0.8748472736248378,0.9818076692337389,1.0309791418508145,0.9884835273740982,0.9596746772312393,0.8938877988789962,0.7635862004036852,
20240521,0.872318246270048,0.9195903427461031,0.9132560092061098,1.0370212435890727,1.0158528608143576,0.9792470392542346,1.096180226203844,1.167177673830985,1.1249165562662018,1.0313420175057628,1.068126611655012,1.0612024999503487,,0.9189971725453413,0.9937442285459077,1.0038260317799077,0.9992017816211741,0.954732315704177,0.9083678419218704,0.7417502670908305,
20240522,0.8732298206151307,0.8914149029435605,0.9234867533617435,1.0080038243030627,1.0249322440879607,1.0083408547958157,1.0744604727086497,1.1809566724995466,1.110179973314735,1.033261861030756,1.092283809737265,1.0621110539035974,,0.9457501488755139,0.9961543533253827,0.9755350200087356,1.001470643765279,0.9360398887977658,0.900195384089769,0.7064809922738738,
20240523,0.9178006951386867,0.8741975781409083,0.9220895336043246,0.9915631029847375,1.0370830405678353,1.0513403239478245,1.0580383806451548,1.1892578261600735,1.1134541470850816,1.0216063981951489,1.1136515478764883,1.0709148679542015,,0.9693702331854774,1.0123188736803899,0.9536839301502695,1.0108430289666699,0.9411462352112492,0.902607948898837,0.7231578267807052,
20240524,0.9563649223186254,0.8451874806327534,0.9086444372791324,0.977413033318753,1.036150949558255,1.0819870294011555,1.0613393930150052,1.1866572409265854,1.1227971274690194,1.015115730553317,1.1307013585559196,1.0760126803044003,,0.9869160131773733,1.0468804948735357,0.9593540421908202,1.013328344457924,0.9582399666184015,0.9099795386759628,0.7406464627333268,
20240527,0.9683352761106295,0.8341055209364452,0.9002707280942762,0.9659269584810802,1.0220759764240428,1.1134065260571486,1.0716554546311632,1.1896520420632362,1.1298227310840414,1.031555822507311,1.1338198639712813,1.066000676384115,,0.9702301124887502,1.0461666213813332,0.9702160528358086,1.0147589898788734,0.9686934277507168,0.8983102516308672,0.7727422502130591,
20240528,0.9890751232409376,0.8232323792129317,0.9045517213230584,0.9817733198809403,1.0108182738625042,1.1403415876029899,1.0793607042098188,1.192983957522077,1.134647734940189,1.0317194655194055,1.1346175908025764,1.049246920457921,,0.9768435615713046,1.0381738889004972,0.9547704840556805,1.0184423686025879,0.9960605425217822,0.9153639798309172,0.7926505479860858,
20240529,0.9994362278405592,0.8208322728963793,0.9232221570324932,1.0034738778153083,1.0084376754035749,1.1591796997032955,1.0939313598334952,1.1978769053023082,1.1420242318601495,1.0289703017254619,1.130885751815752,1.0395368646051142,,0.9817425827370474,1.0313030639385703,0.9546474630794657,1.0196498504388671,1.0213213604266775,0.928471593657641,0.8118659479364346,
20240530,1.0228117383669175,0.8297346675182293,0.9501024670186794,1.023047803957303,0.9914401687099005,1.1263138307086504,1.1071993809456513,1.2024053221867486,1.1472031773037559,1.0265366011410508,1.1365861962698691,1.040901964128126,,0.985198777987565,1.0393399453632617,0.9755015162431405,1.0402130194639847,1.0342615989415394,0.9427656717393883,0.867634058487887,
20240531,1.0502341380026723,0.8387027039736199,0.9802389705638827,1.04062193821826,1.0172912131131973,1.1021346196041175,1.0740429128341347,1.1295400402333,1.0962925444902023,0.9951438774185628,1.1401929496404495,1.0292438811425029,,1.0045981765985537,1.0149801278841346,0.9938100308210966,1.0235717520306045,1.0622654712787307,0.967458999238071,0.9300735513082177,
20240603,1.0659219814547545,0.882735127296404,1.0109098415717865,1.0527214230214457,1.039620068370812,1.0995748914644128,1.0695033113760277,1.1262083449167868,1.0764918104601666,0.9732483163864524,1.10134611806382,1.0337917511942203,,1.02868514680018,1.0133397446524623,1.0352990188849744,1.009482880588241,1.0883505636567101,1.00492020710367,0.9774056302708651,
20240604,1.0850715864961562,0.932908989541036,1.0350575263412887,1.067458145643942,1.0533987428391527,1.0929279785052315,1.0682809941658096,1.1264134964386556,1.0612515730932082,0.9455714152827391,1.0687576296985373,1.0419274202171622,,1.0530637170879917,1.008540690360208,1.0671750393974524,1.0037222208274252,1.1101922272818237,1.038244451930721,1.0152172608154664,
20240605,1.100979722473715,0.9747966437142246,1.040193418364757,1.0783488811243684,1.0634888451789202,1.0821090161996108,1.0649709730836865,1.121605497726511,1.0488356355735167,0.9632063842618095,1.0580865596551434,1.043215808498911,,1.077342048935739,1.010500743515995,1.094101468354446,0.9857299211998317,1.134786749977766,1.0718267768727245,1.0586424807539718,
20240606,1.1059829689811238,1.0196886915834937,1.0642247205591173,1.0907563246886884,1.0917546071603135,1.033475695207792,1.0562866311219445,1.1161336530563175,1.0284158314234213,0.9855311323491937,1.0525259722230595,1.0416373304724056,,1.0968893355262017,0.9999085072633105,1.1224472080906718,0.9761785434493313,1.150927286701679,1.0966266495160153,1.0790190167320197,
20240607,1.1108190155110158,1.0663859370246216,1.0892167077727442,1.1061968500370118,1.1250630978706564,0.9938919133701287,1.0466658439246124,1.1064238974928653,1.0076016440155244,0.9819496168641539,1.0478742553290794,1.0179046893610324,,1.1064439483468185,0.9899467774558841,1.1234247676082876,0.9662303345995472,1.1663292097306968,1.1108493134239419,1.0867124877247336,
20240611,1.1256015842072236,1.106310794127569,1.1177328873639436,1.1197707325372348,1.1632275165790202,0.9616915646411408,0.9985879044004281,1.098355990204164,0.9668888497004383,0.9792242317698174,1.0274066163082174,0.9710518118956455,,1.1281773095405487,0.9897389489511003,1.1280835270770606,0.9506438998074953,1.1741532535355754,1.1224057746459633,1.1040281521111366,
20240612,1.1104855735424328,1.140046771988694,1.1345793831083741,1.1255143718607326,1.1956450669655707,0.9340591689622451,0.9691361088654833,1.0928915552454401,0.9453668529928159,0.9888351719328985,1.0173218586589898,0.9463991768934411,,1.1440335819141245,0.9959692998971231,1.1391946462825804,0.9400234454994565,1.165420782329056,1.127545408122508,1.1204026473042623,
20240613,1.0912965061910178,1.1590293296822711,1.1294149392905186,1.0936203927228463,1.216257743198669,0.9174028831249236,0.9412591746067474,1.0848351520881332,0.9228931506493845,0.9882375406244478,1.0105352725013628,0.9252521946206687,,1.151646276091326,1.0010327736824471,1.0999850407975167,0.9035299637753185,1.1636301267230322,1.126362727957109,1.1328527829689985,
20240614,1.0731576761576738,1.16961297182204,1.1135643085459113,1.0682845944746495,1.2309794989118372,0.9363600200891055,0.9136613645431343,1.0713304237544747,0.8948002387636569,0.9898405341376915,1.0083168684424633,0.9115917298964945,,1.1308127879066021,0.9758706844092545,1.0592289608681433,0.8651341617506886,1.141276479802612,1.0996803289458152,1.1398287156594413,
20240617,1.0546761479710463,1.173678692917716,1.075132270597838,1.0501822295439096,1.2341826827860647,0.9512710651726266,0.9226077988877552,1.082074013045029,0.9056272426491508,0.9818060589161398,0.998621609737253,0.9186986843725976,,1.117946472117946,0.9733146035088344,1.0404301307840702,0.8580985191235295,1.1149187779163583,1.0810475312312937,1.1119744768485162,
20240618,1.0538271932415284,1.1745708888729847,1.0438888703136333,1.0405537510211442,1.2365186045995342,0.906653680155651,0.8882054538501385,0.9783788845089411,0.8574754090162839,0.9791401496529608,1.0111666330096223,0.9295254114943277,,1.0953929187336244,0.891430530140799,1.0207670794065427,0.8275630772133648,1.055338528047247,1.0522977493610712,1.0638740386646846,
20240619,1.0159766985770742,1.0770567606230952,0.9631738885540579,0.9779816679599896,1.2390648789415346,0.8726958149754762,0.8724820273780888,0.8997238048049707,0.8339462129745672,0.9860220449729332,1.0222408846326052,0.9346328561901034,,1.062169295720775,0.8548916565435436,1.0061859818327012,0.787925832375758,0.9781282860664295,1.023124744065504,1.0238906641799153,
20240620,0.9720025407201806,0.9904349553706628,0.8893551015788905,0.8894380493074657,1.2419680800363155,0.8449973044866701,0.8546467529101678,0.8349490332165074,0.8024284053183814,0.9553261525527492,0.9927007031880144,0.9240394219697653,,1.0357475349165497,0.819096154157852,0.9945609622621678,0.7772315745110201,0.9147294648145321,0.9987947211144498,1.0011982605877296,
20240621,0.9451586060231785,0.9251249781204269,0.8303415302976846,0.8357550285070124,1.2099317222144905,0.8498734826544068,0.8552335477858347,0.7880393236726139,0.7931397259289819,0.9264161097370991,0.9651423060057244,0.9214258734036016,,1.0181298624845379,0.8114356915453679,0.9302935566575862,0.7548638518764826,0.8651156460685128,0.9849257683821695,0.9712398025152447,
20240624,0.9302759962230024,0.8747593935670283,0.7888461597672617,0.7907572319679139,1.1464203639074606,0.8557664586610068,0.8613410350823616,0.753033864287207,0.795340807903394,0.9232171571256683,0.9402068479950314,0.9266894934533164,,1.0053762537485822,0.8096228148734891,0.8979925879964862,0.7637974557597822,0.8811728886330484,0.9719165196759058,0.9513960047830838,
20240625,0.8955859224795888,0.8082678074369691,0.7454538507997505,0.7564687356081907,1.094864178346529,0.8802659527584845,0.8960357128949821,0.7344653280186857,0.8205404730574475,0.9321576234423123,0.9418465939115315,0.9429367051393666,,0.9842810249075391,0.8383866170631448,0.8692411177632416,0.7714773429143175,0.8963493705623201,0.9579834102692936,0.913576063149455,
20240626,0.8750644069443413,0.7509794146998362,0.7052909275214594,0.7338396707912314,1.0416742077310932,0.9083982357516395,0.904169963614782,0.7174075513308974,0.8276025894863123,0.940469602468004,0.9270944844266721,0.956038425132465,,0.9702229395057275,0.8580337937111916,0.8485182381587238,0.7926153929459708,0.9311980284079622,0.9527511083068327,0.8804072836097245,
20240627,0.8590490614122119,0.7084532344324375,0.6653607300934062,0.7265770085564417,0.9930426421670823,0.9093093008144334,0.9133508131500039,0.7051252941364652,0.8324065787465219,0.9449119534902733,0.8819938746050366,0.9455495949649881,,0.9601440877491393,0.8650567725902514,0.8582126225883558,0.8292710605973207,0.9559203746973183,0.9469937055897466,0.8536663516863117,
20240628,0.8433041727066429,0.6829848726150862,0.6380873680862543,0.7169796371721049,0.94973932709834,0.9092123314484788,0.9315936831917797,0.6993055336291357,0.8442515226078081,0.910343027188774,0.889885770667228,0.9378692509683964,,0.9681523548426788,0.8928433977145092,0.8860828610119907,0.8819014672298304,0.9799369768939201,0.956650019158517,0.8347190938027007,
20240701,0.8184252977984748,0.6669370010277256,0.6286791533853718,0.6988196559178728,0.8956607767969424,0.9211651758849101,0.919956887523124,0.6874450834653243,0.8444975006963928,0.8793230587644411,0.8965644218083022,0.9374764214651181,,0.9309681555540807,0.9175113805456101,0.8834786067490443,0.9225554970781211,0.9973805975877045,0.9245335837576715,0.8542815996041477,
20240702,0.7802929523098687,0.6421972496255445,0.6332761862538818,0.6909560481026421,0.8551728063880952,0.9558793997529523,0.9457033501427472,0.761169543430357,0.890951378772362,0.8443152340637528,0.9054624559331811,0.9458643369108672,,0.9175843160124121,0.9786838751984214,0.8871159201642219,0.9701267395059021,1.0373385234010966,0.9160602216898828,0.8881873963086501,
20240703,0.7367888466129286,0.6698777776313609,0.6674498522171702,0.7153963867243422,0.8220854341890773,0.9866170851903718,0.956694066675934,0.8103120902807538,0.9122591558457848,0.8129825392213927,0.9064244739933778,0.9311419291423277,,0.932430288254145,1.0200732150470138,0.8885747645041688,1.009554183463409,1.0840789617817255,0.920015337134688,0.9134079077813692,
20240704,0.7029279585694848,0.7001287138466736,0.7120570094740729,0.757438147007899,0.7998967028269777,1.0390163965558583,0.980307554029189,0.8666892655321663,0.9537461631740904,0.8433421746183187,0.9349535127805536,0.9303377965533878,,0.9668871028914282,1.0542393478349443,0.8913823724655051,1.0442245478280556,1.1283611612351365,0.9466060843520196,0.9362624873730582,
20240705,0.6743475791632841,0.72527218798451,0.752368305538867,0.7433775103648081,0.8068059774060116,1.0829409488760078,0.9968676695514631,0.9024819703964633,0.9880062492059626,0.8765305123170292,0.9661068187319015,0.9331976003527147,,0.9955523247648069,1.0647542829311463,0.9409075418541971,1.0879295698426872,1.1674650818149828,0.9711616697844175,0.9677757902585217,
20240708,0.6730916356567859,0.7627822880450966,0.8005136220347313,0.7814309404349523,0.8325528503482328,1.1188794985741408,1.0065797742503242,0.9276488271521368,1.0077068675764478,0.9022458569067355,0.9916756085539317,0.9382037327468605,,1.0201911437547033,1.067469957089576,0.9648300147562725,1.1047204437405633,1.1163352851722357,0.9921360955664201,1.0136695624846863,
20240709,0.6896190690406203,0.8141725339969528,0.8458264300801651,0.8087426801035121,0.8227196552571158,1.1300969090437378,1.0029278414046454,0.9326027352177861,1.0026525372135737,0.9130943669250343,1.0001098792051986,0.9178741157740176,,1.0387808129879643,1.0495864743774026,0.9884972733351854,1.1226866377363673,1.0461871453692189,1.004173469393255,1.055294061435692,
20240710,0.7346597920594218,0.8772153174502583,0.9040068566500162,0.8518660784261998,0.81847531528804,1.1193508248476143,1.016948990156668,0.9499399500586614,1.0142723732920926,0.9127560002729497,1.0185334258710643,0.9104060873181118,,1.0536199799795427,1.03817817974134,1.0141048803518007,1.1414447122226452,0.9823063355874397,1.0123502344359527,1.0815508176372146,
20240711,0.7926945086640776,0.9415326273948165,0.9626774597659229,0.8927112969726987,0.8175200987694436,1.1280771120546873,1.0308335348276183,0.964704331770187,1.0292651556474763,0.9312433073168078,1.0579576022688855,0.9241756655214876,,1.069145098179639,1.0498221677613058,1.031014117516807,1.15266858250505,0.9427076599594277,1.027651659139362,1.1147143911104653,
20240712,0.8367302310740004,0.9706900013816371,1.0089588788739567,0.9293780483748383,0.8220726856578131,1.1359726618438746,1.0120749851720134,0.9741284717810247,1.0179897157974933,0.9782508193385744,1.0284640161565095,0.9088641250896693,,1.0711929533179683,1.044537191783589,1.0227201669151171,1.1399308976883498,0.9037688603976138,1.0283376663620367,1.141970786107533,
20240715,0.8793043717160457,0.9940016672656558,1.0445732895489372,0.9657317476170206,0.8425270643471857,1.1385200768412722,1.0021518847174813,0.9890997236269979,1.009847681482987,1.0026981517897573,1.0049017276942958,0.8939033401610201,,1.0912220542618398,1.040648003736386,1.0293235471316073,1.1229917828703988,0.87702473141787,1.0458519949785923,1.1547534926166922,
20240716,0.9188613313183641,1.0095843824964057,1.0280884812521711,1.0030207644910172,0.8514165560701084,1.1380263682712273,0.9548648497979141,0.9959783134234234,0.9728756359771594,1.031103438948346,0.985188943313062,0.8704753033110089,,1.10225541070623,1.02475849452297,1.00947214807944,1.0841896211388473,0.8549366582170392,1.0572161202295811,1.1576825615926485,
20240717,0.9729906155420402,1.021336728853273,1.0142996020122441,1.0341973490308332,0.865836088373184,1.106033867725966,0.9250685982066429,1.0197468887194825,0.9481660278390117,1.0438012273811401,0.9718549090591608,0.8671678436569535,,1.044722187894947,1.0271058401898538,0.9888037540877076,1.0357914876100311,0.7939422434178439,1.0203738390857109,1.16047585437265,
20240718,1.0391020339099233,1.0593877967840295,1.0470901922478884,1.0831048124689957,0.8757106256150453,1.0518835268114495,0.8969584227871643,1.0259255907806695,0.9183948976794636,1.054906171487137,0.966670091120193,0.883745732587271,,0.988145205206893,1.029372191272733,0.9893333815463915,1.0140852089500856,0.748327158741957,0.9861311425616439,1.1346775975502774,
20240719,1.0884252272219177,1.0858401326154576,1.0689512585577945,1.1248397208065426,0.8391879617611581,0.9919352345658926,0.857183359544877,1.0344893936398003,0.8809156339577677,1.0647114943489153,0.9544837224104282,0.8903838964401832,,0.9350370984986086,1.0375644387135248,0.9586154767831296,0.980184178389089,0.7082843815091934,0.9454843267606962,1.112794587716879,
20240722,1.1207744843995173,1.1048357107619777,1.0847049535528053,1.15174151339677,0.8097603915295419,0.9539606472709827,0.813979500124898,1.0397071557944872,0.853502598912155,1.072451168945142,0.9434282469449425,0.8989609136025988,,0.8905248108688577,1.045127825921046,0.9329244119268982,0.9447357072932142,0.7182751814188003,0.914669709794949,1.0936231131166316,
20240723,1.1474671783147485,1.1230648153865572,1.106133893362359,1.1723392931869048,0.8182993958336808,0.932763106157377,0.7911365446904554,1.061025538930171,0.8424149370657921,1.0806917517790076,0.9436629685866779,0.9264102818638671,,0.8586694987451936,1.0495810318592598,0.9117571333057944,0.9135451259168313,0.7418001059057606,0.897044244263025,1.086908051887724,
20240724,1.1524247839948347,1.1248586282727926,1.1187643285922673,1.187373733498384,0.8416329831728894,0.9234212339341022,0.7474325945824968,1.0709711529267425,0.8114493578470888,1.0871868638860827,0.935875858278342,0.9441859615383317,,0.8312773964809091,1.055398097067441,0.8837517110486071,0.8487814188020887,0.7692649103846768,0.8807152066197307,1.0963158966129953,
20240725,1.1213657493672191,1.0873592845338647,1.1169028385968798,1.1891717505672115,0.882142947095878,0.9292453320004815,0.7077894443494918,1.078255416014078,0.7805553898351889,1.0172241871473926,0.8866417914712772,0.9580614122398654,,0.8108284645065321,1.0025018804741115,0.8661728996106945,0.79687328752048,0.7463088923128275,0.8472564029649751,1.0936587276490768,
20240726,1.1063735078998838,1.086632705956681,1.1388949388361524,1.1929451776966575,0.9191117120862636,0.9371358585550174,0.6934019821940409,1.0869875677059007,0.7890761823456557,0.9868428958949429,0.8902090771877484,0.9850989695111529,,0.8313712857985956,0.9963719695893114,0.8634085930791388,0.7591996166527891,0.7527428247584065,0.8591922332169629,1.0899893936618106,
20240729,1.0940225261778664,1.0856968411148877,1.1557838260737867,1.1764311641369656,0.9323947315052593,0.9501013884532851,0.7041351881987314,1.074165671045728,0.797027753983313,0.9750420841996312,0.8932625955360192,1.0042527684886124,,0.8335115848702862,0.9940539947432382,0.8859405493483348,0.7509046258151191,0.7490301352640558,0.8493390017023172,1.0905437899641377,
20240730,1.0953722186956152,1.0979557787875522,1.1835314037778442,1.1694449822424822,0.9554690476504939,0.9669578024254493,0.7520531621467508,1.070581402747426,0.8423869459657073,0.9472769952560747,0.8973759653093791,1.028231487701814,,0.8500422097830663,1.0053210143322089,0.9205250612413061,0.761090372497621,0.7536394037425829,0.8570685991585836,1.0932404668011788,
20240731,1.0989586316089377,1.116145592125586,1.1962985781457733,1.1715191382437544,0.9774112434959767,0.9899696602994676,0.8254111552681457,1.0740041740204027,0.9117917601977173,0.9500069795751718,0.9429205488895208,1.0475286269481634,,0.9129077879845799,1.0231946000745622,0.9621895371912772,0.793518479267276,0.8251349716781977,0.9125710097241637,1.108359867524625,
20240801,1.08237355149496,1.1141706176547412,1.1916753030216483,1.1647478103120767,0.9943924301874446,1.0226394221996118,0.8903109442153762,1.0826339152554603,0.97532840076375,0.9595451484757129,0.9816623703116008,1.0570874429663404,,0.9725487255597128,1.0381351103437255,0.9849248879977054,0.798322268702893,0.8859360765890387,0.965267827988746,1.1320890790761127,
20240802,1.0663234512381798,1.1151257106048245,1.1910419444441038,1.137756934238496,1.0370840702827602,1.0600706340862704,0.9552020002373183,1.0905613964171128,1.0274896114523377,0.9730001243308096,1.0135683257571944,1.0620061052601748,,1.0258593032556662,1.0403220093679602,1.0255786272692688,0.8467752337361647,0.9327378993753649,1.018740064181412,1.151716943223755,
20240805,1.0828697263062868,1.1370654710324677,1.2001343060711007,1.1477407304775686,1.0721795982732374,1.0901653653394008,1.0204835623419315,1.099285506077517,1.0792556365955157,0.9996706172540843,1.0476013271254463,1.0843267521968427,,1.0799029495070263,1.052259539396031,1.0638658185172352,0.8928821321005709,0.99381741429421,1.0719979672680926,1.1205249599028513,
20240806,1.0974543698426795,1.156375709545967,1.206691072591351,1.1576035231521136,1.0921087557154145,1.1110607337244158,1.0695644129841455,1.0858812731672522,1.1224768855743747,1.0214277415804562,1.0753975501099917,1.1028187751366476,,1.124395220308186,1.066765974347584,1.0954833487465856,0.9319015239657195,1.050658226455843,1.1157283242673566,1.0589205366392627,
20240807,1.1146414310681962,1.1750177499194332,1.2123933744425452,1.1685730948053226,1.0947221621906997,1.1170154150719216,1.1187991917139413,1.0686039353904886,1.1641075643754895,1.0362586943334329,1.097736909442061,1.105244737323794,,1.1612369019525763,1.0754459810285941,1.1155242381087238,0.9872319648451945,1.0950706451961196,1.1524966638195167,0.9983770668456593,
20240808,1.142896306880068,1.2028910843499505,1.2203526423759066,1.1811587740971878,1.0470577623545705,1.109466963536005,1.1609411567919756,1.052313409155287,1.196840775970768,1.0797235128394318,1.1140503466947562,1.0996900143296842,,1.1889596757298075,1.0999266279097384,1.1323110504218057,1.0332005312713954,1.1421797606992097,1.185467221507897,0.9661538476384489,
20240809,1.1651608383393803,1.2202722217304554,1.2044853648728693,1.1882058284032146,1.0061347678591293,1.1141543702421774,1.1924973697868437,1.0359946923377814,1.2155501270372873,1.105169615758637,1.1333877844433384,1.0902180715047003,,1.1857399863305946,1.098629900398467,1.15056895742992,1.0752601462963323,1.1744258975570616,1.1933082340407621,0.9383975328917434,
20240812,1.1847804459863904,1.2345119104203564,1.1962859024346073,1.2032679160601103,0.9825325971383354,1.1140891372022166,1.2084198296235338,1.0370262718647294,1.2313729561407,1.1261199146017822,1.146778230886405,1.0888893698980038,,1.1931420307208882,1.0935558225031001,1.126314515586855,1.0910534702848977,1.2033165456903943,1.2126489935768636,0.9418934149397611,
20240813,1.193585672102516,1.2380242165592088,1.1817002046120777,1.209978762274974,0.9050676219060007,1.1094553507901268,1.1991019738993944,1.0370010886371839,1.2214983797712686,1.1426210250384186,1.1560796527034323,1.089433987237224,,1.1919622425136052,1.0770150600529858,1.1178275419929165,1.1012549079367298,1.2230962912217342,1.2195284740950003,0.944092735009414,
20240814,1.2039269051117403,1.2404809022583356,1.1727372504753062,1.2104608504441967,0.8675529140677691,1.098603846697071,1.1381032856922784,0.9952376345823537,1.1500004580671455,1.1105851632398103,1.1246373555832676,1.078800304089298,,1.1543339751954225,1.0332396970736657,1.0774672850608704,1.1084622902144732,1.1933930408734967,1.1889184541597166,0.9216939868940955,
20240815,1.2112261474360766,1.2388676118471595,1.1619097459459844,1.1982975872761386,0.8475788167167421,1.0954609161221776,1.0879722028746504,0.9727916474633496,1.0943986696267585,1.0557178698582672,1.0798936786839397,1.0719968497084336,,1.115251798166313,0.9968995800584511,1.048131871382529,1.1266850036015414,1.1566105989558548,1.1486116252017264,0.9119861526125089,
20240816,1.2138153661457676,1.233382306520275,1.1449328152116816,1.1941821235453935,0.8263013222609045,1.086024312757155,1.0361066924463609,0.9500642530808928,1.0463688494312677,1.01599967887157,1.0504580434260382,1.074359383596933,,1.088659826348337,0.963711060253937,0.9806407361233678,1.0723276112779403,1.1372334203943504,1.1150160505940612,0.8955988358150021,
20240819,1.1479454854438491,1.1414306452764218,1.0685867618573601,1.1197939321395594,0.8057618195075018,1.0616403924329334,0.9840000783571196,0.9582987038204543,0.9623662043598461,0.931072145729279,0.993195210029755,0.9998838377883895,,1.0777682655245897,0.9272438585012766,0.931563303366313,1.0426833985543222,1.1080057870541076,1.0920461190898396,0.9159011592516508,
20240820,1.1024279915944568,1.081015206307934,1.0129573460744021,1.0607630561236652,0.7943382000600169,1.0437386558397963,0.9436471081557375,0.9731852534651375,0.8891392559473603,0.8952341118806644,0.9487308836579919,0.9403453615969252,,1.0682087040287178,0.9307335599558811,0.9154469022875293,1.0240905172278878,1.0865451866348756,1.0737429808020118,0.9556324483694408,
20240821,1.064687183244944,1.0304751961120746,0.9788270534053418,1.0213707070808686,0.7894678851295527,1.0499122417669047,0.918399005039783,1.01002741076379,0.8400068031138502,0.8650195091775766,0.913315446130795,0.8996649285729026,,1.0665338943460738,0.942006475977652,0.9218433340814852,1.0193967075727872,1.0805094597397569,1.062992637179495,0.9952350467109877,
20240822,1.0347351799494162,0.9900747156841451,0.9465711488123795,0.9916816405669349,0.8237027449805339,1.0425016719939948,0.8898029014300045,1.0459466783595817,0.8132889545988986,0.8347248577010308,0.9008966941784328,0.8765448965310311,,1.073542887018254,0.9569801766176692,0.9536593305050989,1.0341084391900788,1.0906805990439628,1.0611456884365429,1.0297086214525213,
20240823,1.0047374768752697,0.9540464640295884,0.9387011899214248,0.9692942196299821,0.8539433808336779,1.0020138179285707,0.8771442677315777,1.0798000938080552,0.7975740217861773,0.8156883971647254,0.893761240469252,0.8595900100229015,,1.089287695040972,0.9776139027515167,0.9738125485351028,1.0437345437113266,1.101324581303718,1.0697740000087093,1.0489608942482005,
20240826,0.9909421360549623,0.9399978539309992,0.9403917696097329,0.9541604491954343,0.8803820787966318,0.978880761894224,0.9043451700539512,1.1096379593387893,0.819861602690474,0.8161928917922193,0.8997511816034776,0.8641170416045412,,1.110031177771011,0.9898558429889804,1.0043582859627167,1.0625752014098302,1.1219943430043635,1.079347363346323,1.0423536777826685,
20240827,0.9765047646375471,0.9245537527975323,0.9406708723837207,0.9389894914956142,0.9397976937777983,0.9576821653153605,0.9407190263977492,1.1243458508519806,0.8495887238575456,0.8214006776339341,0.8999332658537569,0.8656731574626995,,1.1272293152403516,1.0000146586974348,1.0211633090873549,1.0820058835420399,1.1408205253847532,1.0891122263097548,1.0389947143983294,
20240828,0.9618981326138312,0.9166409703970037,0.9431630599861611,0.9383041834427163,0.9365045841187443,0.9257497280462361,0.9920287727449526,1.1510516966193585,0.8990474205199722,0.8236815355584264,0.9122025048499046,0.8701689608036601,,1.1529604974853012,1.013845513461704,1.0407798202489609,1.0713985752115984,1.1674817517599823,1.1105412712192357,1.0484283366453118,
20240829,0.9545704346222061,0.9168972297396764,0.9523221635999953,0.9442792934509996,0.9403104681294229,0.892145792454516,1.0282257698117054,1.1499116903828508,0.9271594839620317,0.8312818605171918,0.9277269476583954,0.8538773283486552,,1.1754450096171167,1.0116414915491345,1.0605271831757161,1.0637066825692743,1.1899859079572925,1.1321139294775666,1.0464176472582343,
20240830,0.9463382774504385,0.9198462553431467,0.9612200722617691,0.9519978210826832,0.948157585900388,0.8680825081552102,1.0356194522397126,1.1540092520137062,0.9487873382289728,0.8417341997368009,0.9418804365407455,0.8339021300306366,,1.192644545255051,0.9973978837725909,1.0852155114965754,1.075835683524061,1.2065328699256084,1.1507620271851504,1.0473920908865422,
20240902,0.9841891103765515,0.9689662585430793,1.000154070579439,0.997391718923915,0.9844746588907456,0.8787551946413923,1.0815696456646398,1.161356140693254,1.0161615436370774,0.9163290099760282,0.9693503259223295,0.8959865540083269,,1.204813305114259,1.0319911546890757,1.1345016140666644,1.1077265213506398,1.228400291037388,1.1703354928775962,1.0525595463193869,
20240903,1.0138598416699212,1.0030206363317673,1.035344786457929,1.0331803929367356,1.0122738162796205,0.8921716994008932,1.11781853335443,1.1705319434916133,1.0742911052567399,0.9596809231176356,0.989814652761774,0.9479821162634726,,1.2152700526854558,1.0307035167624035,1.1647645196726475,1.131914840128274,1.2431325544186054,1.1867095677094663,1.0490001575815746,
20240904,1.04574250886647,1.04516602918864,1.0577515434498486,1.061218581001078,1.037178794868709,0.9421425223723686,1.1519556439030891,1.1398964426880223,1.1143447541028837,1.013855627861674,1.0309688935152193,0.9976896143501913,,1.2172185166254705,1.0263752787647538,1.1671427268891015,1.141914688004583,1.243607987986837,1.1966158120930184,1.048811649589599,
20240905,1.0731494957597218,1.079284382151327,1.07567790175343,1.084249339591641,1.0620402030943945,0.9916910208941048,1.1815017814454867,1.1084469675762574,1.1447965578368209,1.0587510954751147,1.0550330922403834,1.0396663803931876,,1.2152828819174637,1.0233862009438968,1.1535927296797628,1.1300434800156804,1.2351295587310407,1.2024350797998589,1.0287112009976036,
20240906,1.095825963443194,1.1068295071249428,1.0794794159066732,1.1063656899611878,1.0957237218106544,1.0456958350098131,1.204872703373568,1.0793509877764134,1.1715481340295224,1.095910526874419,1.0663686936883037,1.07423581306315,,1.2139185992189485,1.0212310937776103,1.146978146450678,1.1211396560749876,1.2306865219031953,1.2044828830355547,1.0174665342320006,
20240909,1.0870605974648642,1.1026395978778667,1.0454406069861035,1.1125686532047423,1.1294726239247774,1.079161151336035,1.1846149101687096,1.0098940320574343,1.1381667316716684,1.091828865915802,1.0477748326677694,1.0536477985637056,,1.1843203143175791,0.9835419844411455,1.1408796500406493,1.102242197075426,1.1979383324328874,1.1801831622978105,1.034405043840876,
20240910,1.0744045573929133,1.094781668726103,1.0091353255885533,1.1228575643139165,1.157618882802339,1.1031483484355173,1.1496154999982708,0.953789052055143,1.0857286086537297,1.0617469629044347,1.0581623475251687,1.0186446149455262,,1.1603210475795915,0.9545010733582252,1.1273205832322477,1.0633168774251884,1.1866666712262166,1.159570667277204,1.0463004499792181,
20240911,1.0701174189288651,1.0860235180277211,0.9780385410943818,1.1298762141761471,1.1775623057008804,1.1227143937112636,1.1259927446301878,0.9259924540538998,1.0537116296475024,1.047760529192364,1.0685727967087069,0.9878393076467045,,1.1573866677324312,0.9568909155987346,1.1218975120213344,1.0665538358310351,1.1858381971655816,1.1644036803630609,1.0617147735151646,
20240912,1.0772718304721949,1.088118552243064,0.965393418319933,1.1466245980355931,1.203310997788462,1.1290387271208429,1.1166499141332675,0.9119337082060868,1.0422699135768545,1.0323886383222793,1.0828782210367511,0.9711951352858369,,1.1590918060473874,0.9795708687268139,1.1077218524112558,1.0552731252973317,1.196027530294813,1.1717954820666163,1.0729923777263757,
20240913,1.0863595651351572,1.0832472651419998,0.9594608367441054,1.149634581640086,1.2238935701514828,1.135137569551932,1.1116399932181475,0.9031350436076165,1.024826712881077,1.012326115425472,1.0806579086902415,0.9568313784809295,,1.162059432187227,1.0006535778059151,1.0849826785028913,1.041892152064519,1.2081159335182015,1.1779000836534859,1.0829503676418308,
20240918,1.0552139405004402,1.066578013609792,0.9403711144979564,1.149168226058113,1.2257756795893822,1.1419234906220799,1.079276979592908,0.8965395925932581,1.003826756502389,0.9944518908051027,1.0961351598968967,0.9297007090014092,,1.130883512699094,1.0035201435455023,1.0192749438569533,1.0017799610100888,1.2008980134596527,1.1557873219631334,1.1013730734294447,
20240919,1.0341836473704409,1.0497178645412955,0.9141147562656462,1.1509141376515994,1.217020865108145,1.141888302249944,1.0734526526817696,0.9062896093255027,1.0084838647300272,1.013922776786103,1.1189560517924766,0.9326068089761836,,1.116585457458933,1.0289935425909496,0.9962496663606781,0.9781298919170617,1.1970895285058254,1.1472688358460417,1.12173960067897,
20240920,0.9477628163376772,0.9579179134577658,0.929517537825481,1.1455403308630583,1.1958305266594491,1.0547202617112061,1.0408891198723689,0.9317847880719676,0.9708443596149465,0.9771734781594639,1.1164057220187906,0.8761554879200014,,1.1057822291931902,1.0274885145694996,0.9899649204628357,0.9670441567833213,1.1956123956601763,1.140000846203855,1.136948435685576,
20240923,0.8693503404056062,0.8840608808181597,0.9435759346917191,1.137543525284442,1.203014079523492,0.9819394102389997,1.02781228400031,0.957023063493018,0.9471203768498153,0.9464042408216551,1.123810935267675,0.8472562877939939,,1.0952868601210106,1.0304791645838145,1.0001454267769712,0.9604963997593978,1.1977590098461646,1.1309552806310865,1.138655553296223,
20240924,0.8122471556176922,0.8252306869413806,0.9588936610661055,1.13893165674766,1.2071164412150377,0.9259562181162961,1.0320714657288712,1.0048131631406496,0.9611894206272489,0.9536464891861826,1.143949800589396,0.8577937094994286,,1.0943259777894225,1.0457267025128032,1.0228423081496005,0.9818993723180256,1.201385712510304,1.1319707584900849,1.1331723066556951,
20240925,0.7706177021165374,0.7753946269275931,0.9743293784692646,1.1405226462283378,1.2076655188831737,0.8821326771786663,1.0503276908429577,1.0572974635846315,0.9884382254033424,0.9693261247003914,1.1716775542837254,0.8875673896504028,,1.0910065597815735,1.0665417617750226,1.0406968377380523,0.9916343273676058,1.2119439041236073,1.130677743518483,1.125248570122718,
20240926,0.8020186808400048,0.7623002248173738,1.002968948618974,1.0814789851606263,1.2021153331161856,0.8418251427274849,1.0672311761842104,1.092540582875018,1.0067342501051422,0.9598254071001499,1.1585407539331236,0.9092581004442682,,1.0492718020419312,1.0582238899458147,1.0435827678329899,0.990058213570276,1.1682391129485274,1.0862118391664481,1.1181067974890613,
20240927,0.8283400639231182,0.742846716687334,1.023402748137452,1.035376497346963,1.1956460326686615,0.7911743869126627,1.0825942602671013,1.1192219725604098,1.0204320567120837,0.949386098645199,1.1474156960348065,0.92036238623602,,1.012066757394322,1.0451947118392397,1.050237026014661,0.986756202347262,1.1325706772615125,1.0429039429974694,1.1181147229187827,
20240930,0.85204612157662,0.7455534108889389,1.0394208819632667,0.9901699283340467,1.1999300244440108,0.7465527345116151,1.0986728144467541,1.1438156326323292,1.0392130802854198,0.9666473606858503,1.1465876089436975,0.9361552065153373,,0.9930699562072216,1.0416600262815146,1.0331026895411624,0.9858904837134884,1.0914706211643248,1.0201202736649884,1.1219128742806084,
20241008,0.9024154849364013,0.7900616947155795,1.070162103532555,0.98533972644003,1.2177400299732082,0.7535351785296105,1.0923112778336015,1.1652390206598384,1.0359498562569252,0.9798969724940424,1.1471133583913349,0.9671594646380484,,0.9766689031871427,1.034867934372852,1.0393903529826827,1.0335933004607547,1.0559590606625737,1.0005253476112943,1.1221264713605261,
20241009,0.9620451972703414,0.8544480901929767,1.111759021039227,0.9857035670916713,1.2244531117287776,0.7570802365307503,1.0969240776022926,1.1770377181902278,1.0535137719974963,0.982385681131326,1.1501761234306649,1.0134100403943231,,0.9712535473944711,1.0561362731299508,1.0721473960133578,1.0841502128306868,1.0130342709362825,0.9916446345521966,1.0687207358732853,
20241010,1.0109326034859276,0.9121099407066472,1.147600847068361,0.9873242836670241,1.2340804269356669,0.7525567691186024,1.0988426054436307,1.1884218461625267,1.0721286418653155,1.003938220064707,1.1522605323643886,1.0550624728209455,,0.9630359772221732,1.0787746432215444,1.10674712560553,1.1272898942686962,0.9828584144238444,0.9835372968183417,1.0238059246485933,
20241011,1.0751887006875902,0.9891296824456248,1.1580303880213532,0.9897422625121945,1.2442228859317994,0.8290032978834189,1.1100348438246161,1.1913376511344245,1.0995115378844247,1.0287626226721671,1.1580130099378354,1.1018041452735343,,0.9562198068190508,1.1011020412046961,1.1240691559462157,1.1552619901847723,0.9535674411821384,0.9789869431462063,0.9661669637643503,
20241014,1.130942620270588,1.0544698596945006,1.1673017534867915,0.9826435401170255,1.2438689885997365,0.8867084440048537,1.0844031441868056,1.1895994458722094,1.1080870407072154,1.0466799958309598,1.1431898217001883,1.1243022217649563,,0.9491885025505596,1.1023046599220103,1.1360956371360957,1.1834827434409732,0.9236168934540929,0.973795425202234,0.9149261504438073,
20241015,1.176377721155404,1.1124696975617516,1.177844559004871,0.9715446938305008,1.2248651307282235,0.9375730140146332,1.0705396022914304,1.1577149703819254,1.112214315696826,1.0721792754756125,1.1261487626209024,1.146199546166632,,0.9500493466843366,1.0982706556952007,1.1385545560610417,1.1954643884784903,0.8957841439529285,0.97322005608629,0.9115437435310093,
20241016,1.2139557122010434,1.1618761746057735,1.1902038049210404,0.9673378072877271,1.2135619028118152,0.9910219300739765,1.0572616476788246,1.133591712317591,1.1169361437390786,1.09464256906135,1.0992151309728313,1.1678072480839252,,0.960649412587373,1.095795021878436,1.141154114774972,1.2091319772539695,0.8767759934334497,0.980441220986787,0.9166395576729022,
20241017,1.2094824031334026,1.1941984865270998,1.1883712587330069,0.9992634047935592,1.2034217846917319,1.0370149367584731,1.0643996897391532,1.1252011182565242,1.1294047498655924,1.1275202619702327,1.0936016763698557,1.1892479841423704,,0.9917834006660985,1.1049263956464632,1.1678427831206144,1.223229004053196,0.888380456044795,1.0092197240860004,0.9260249366661828,
20241018,1.204272078140686,1.2238178254944083,1.1884099264025927,1.0259464436524566,1.2022400011847794,1.0816347374940325,1.0628704918510388,1.1148745147085064,1.1352657099020695,1.1545324393284317,1.0827096361273671,1.2078544125998494,,1.0130164312977092,1.1074141300939715,1.180255984417903,1.2296866300740572,0.886644401072152,1.031115912948502,0.9325374916545177,
20241021,1.2016516262586532,1.2342339087232532,1.1882976130897627,1.0542172071004552,1.1490229220021624,1.118422516735259,1.0250362608304495,1.0301675728048445,1.0951679988509588,1.1242369844117899,0.9981505290547034,1.2079405397666654,,0.9807240559625275,1.0573133768028293,1.175630835266327,1.2065015569808635,0.8654060888805579,0.9987541941152638,0.9443449425768387,
20241022,1.1105365984957427,1.1519342709894231,1.0874142777280573,0.9950415582505273,1.091693944266531,1.117747963353721,0.9749814481285881,0.9596471979759172,1.0204085972619799,1.0538995430984837,0.9315631738605296,1.0896283514913987,,0.9334614534106539,1.0112145420610077,1.1569387074815536,1.1177420354461693,0.8211387026686351,0.9467880991365506,0.9509751889916247,
20241023,1.058667035797862,1.0800607561769593,1.006269901224962,0.970926641563634,1.0539111261563545,1.1193925412559158,0.9387415757433818,0.8997691239992354,0.9581510873024783,0.9960124060731664,0.8767125149184489,0.9866692764016985,,0.9015244184791947,0.9617992471235994,1.1377647565019529,1.0452652427985787,0.7980703500629103,0.9075674094058647,0.9964671284467909,
20241024,1.018351107477393,1.0197901291885028,0.9385269156292751,0.9509570322401882,0.987489072497693,1.1266077115000883,0.9173704660544431,0.8567173212481461,0.9150032446036709,0.9407786581314873,0.8262407654119979,0.9065255626423626,,0.8813646670134395,0.9249874480927376,1.123699261530459,0.9875077331179455,0.7834036012820589,0.8804396435420162,1.033766886095932,
20241025,0.9801630492369011,0.9528438421765558,0.8899812078525715,0.9321269611820371,0.9409860911922397,1.0915191617782385,0.8941649471997278,0.8310548729246632,0.8748361652488007,0.882229604080223,0.7859019432574442,0.8246355351754866,,0.8636553044228596,0.8951178241311714,1.1167645340696608,0.9411282147181429,0.7775928180238353,0.8565585392562581,1.0620074447491794,
20241028,0.9553736569692184,0.9049783123674062,0.867265151647551,0.9159882774787539,0.9070115393920571,1.0661513957381095,0.8909961199978882,0.818705046133843,0.8522021634018616,0.8515715185337678,0.7559168281530068,0.7601966122639723,,0.8506202150595159,0.891127353435598,1.1113871477228867,0.9070152139596929,0.7762755011793617,0.8387219356883007,1.0837712706609508,
20241029,0.9254071090391556,0.8542077922128518,0.8366021639808522,0.910150869610656,0.8873122957884632,1.0436097541962397,0.8818833589290667,0.8333267066859795,0.830231837249183,0.8378937623457904,0.7570971167041652,0.7014632319880288,,0.8387711772397066,0.890706621401758,1.104323361961517,0.8821163851872392,0.7782616766284474,0.8236441662328071,1.0829643021442747,
20241030,0.9018759741814938,0.8172952773647988,0.8209672346496161,0.9098840619412046,0.8468118618767011,0.9875423907829024,0.876448247731187,0.8471803985967786,0.8134783388536326,0.8285857576153841,0.771573376681446,0.6552927538033179,,0.8277685536523677,0.8905729614792576,1.0982116433102356,0.8656793336268352,0.7744289087982033,0.8096068991271025,1.0725011373503783,
20241031,0.8951334053238287,0.7953296281260275,0.8118663698188865,0.9044708111718607,0.8140747768413138,0.942330050186945,0.8583061316090661,0.8210835824941446,0.7920826217420313,0.8193743547454779,0.7833230267943487,0.6197765742992148,,0.8070846204530887,0.8989248398150755,1.0282889179474375,0.8026151770900757,0.7563701086871469,0.7903636798893472,1.0679877643341074,
20241101,0.8763713565539111,0.7798865816133964,0.8089640345799273,0.885903716402507,0.7546569216186991,0.8869232610708718,0.8406696674829808,0.8072387965416903,0.7661527912020797,0.809457580240521,0.7933533090276932,0.5871400032718351,,0.7795716732073689,0.9112921890676882,0.9701199159152196,0.7622694445746808,0.7403434635903785,0.7616856415957898,1.021873596148709,
20241104,0.8572631447832327,0.7668151011302421,0.8016255200652753,0.8534729489301941,0.7289419521575866,0.837636360014559,0.8326023605108698,0.8226700001850421,0.745982802639574,0.8171464387091525,0.8479427028704523,0.5614278928057114,,0.7818095863140313,0.9179618477299032,0.9367432763284483,0.7395063053983534,0.7367662415579648,0.7613665555426457,0.9988714098916005,
20241105,0.8933103685073523,0.8010564908316258,0.8510125385955212,0.8764691092903805,0.7179576107415299,0.8076128295655233,0.8392413971167655,0.8481613175155107,0.7546957058711539,0.8477896480496513,0.880824534704954,0.6075876783720958,,0.7885192090939437,0.9204719932833486,0.9239599264111213,0.7617883697754464,0.7507700086292041,0.7701399717984149,0.9836458176731597,
20241106,0.856568084635118,0.8228075180365507,0.8879833123906836,0.8374596402977003,0.7027658337400995,0.7825984323934384,0.8461681654938075,0.881769855789305,0.7755840780191203,0.8787768897257308,0.9153013863096616,0.6993106147289968,,0.8207626546726351,0.9404593983196019,0.9142676546365579,0.7825038802184775,0.792846482335074,0.8030306638751731,0.9467622808318379,
20241107,0.8432286893382416,0.8514507386825952,0.9197424602405545,0.8283739064898302,0.7181256515086936,0.7908338776223618,0.8610154922848798,0.9110269224048626,0.8035587283688903,0.9209131267748198,0.9567175414094025,0.7821498587569536,,0.8697079781367217,0.9601699543736963,0.8659577332269367,0.7903635219153449,0.8515973938633674,0.8504594998463257,0.9427630903865122,
20241108,0.8363583741250599,0.8841083426050461,0.951388156603646,0.8176818725845166,0.6870280755721835,0.8012029682043305,0.8798512371003384,0.9284266953127862,0.8337631583354113,0.9634468262589114,0.9941832757793402,0.8657235373438495,,0.9104029130267219,0.9795579805756791,0.8320838789027976,0.794803815545183,0.899193972140944,0.8899299792129609,0.9401116304414897,
20241111,0.7946113395173963,0.8832670174700771,0.9234145894912853,0.8000353331882872,0.6664011904576117,0.8269141143671634,0.8987167970504276,0.9263029739654552,0.8538885603063325,0.997723873735632,1.025078205443293,0.9340971351221705,,0.9451198622169553,0.9833362756283539,0.7785373077391267,0.7857945909570606,0.9384634976674802,0.9240232861260831,0.9456673980538516,
20241112,0.7652786968498209,0.8902059401987502,0.9018860336855848,0.7980674925315663,0.6656910611530051,0.8473299145858979,0.9127221313697086,0.9009000389199644,0.8614362796675676,0.9865434645778023,0.997269097497891,0.9919981593490097,,0.9615292615352204,0.9728583546852648,0.7290622012730421,0.7728265801773385,0.9567426889593563,0.9357634238188158,0.9629562630367811,
20241113,0.7409085307044031,0.8944918050941937,0.8688822910283572,0.7915426288840509,0.6847093364146933,0.8938217483524594,0.9040396196558775,0.8772343973195237,0.8566616165656217,0.9769456991859059,0.9572884926597741,1.0337271011534797,,0.9781510957083154,0.9615530096925807,0.6938124322290973,0.7503934392437602,0.9778556105905768,0.9480599863240415,0.9817396792280146,
20241114,0.7236805989394147,0.8907153791093846,0.8449127092606525,0.802033439649583,0.7058030919499805,0.9371070644461555,0.9040823931454619,0.8824636183975206,0.8538622965914838,0.9704445775171572,0.9274944977456396,1.0717847768597932,,1.0038957918842202,0.9063740141323582,0.7105660265135966,0.7643161841674513,1.0133508126573196,0.9678646982752587,0.9868583437949358,
20241115,0.7243015645110056,0.8721668325655293,0.7944442141672715,0.8260664857622451,0.7545500695385772,0.9813606366065631,0.912786880609981,0.8794322848506356,0.8621327513533282,0.966855760485883,0.906578236637453,1.108150333111891,,1.0366226190989951,0.8581337365469685,0.7280818970669224,0.7693418122230968,1.0534271159203212,0.9981043804474592,1.0207557139478838,
20241118,0.727595329350462,0.8621521011364229,0.7568076746977389,0.8660406072108413,0.8004541294438186,1.0189228444388634,0.9380982827746497,0.8622542105895288,0.8905880941986475,0.965719831581679,0.8930122152524094,1.1436915762587452,,1.0663784491702164,0.8537101863831489,0.7400726094883049,0.7802325808361635,1.0897938647721586,1.0273741399102143,1.020814444670839,
20241119,0.7568232447980566,0.8811281826454794,0.7564258121857335,0.8934916912158015,0.8285487733404887,1.0462575969515955,0.967934479214742,0.8517025791617313,0.9238310069947162,0.9663042943965354,0.9050958664087697,1.1806964914235842,,1.0977361069180012,0.8555820050235087,0.7207532169559187,0.7896825554077385,1.1191863068211823,1.061760137798103,1.0214575322970227,
20241120,0.8160567007776329,0.9068050887590656,0.7590717789706098,0.9495263218210782,0.8599613189485381,1.0668314834279253,0.9985150775942457,0.836360547521168,0.9348951081098499,0.9669306865235741,0.8928184573846382,1.1537675339387343,,1.090679342432905,0.8403490559185451,0.7046385576886152,0.7926484278109274,1.115993551599932,1.0601354710073108,1.039567202022184,
20241121,0.8420744451719498,0.9072331154123856,0.760155896835199,0.9611095780788347,0.8765230283390557,1.0618429613044957,1.0133215817662793,0.7949731606141516,0.9111285993868228,0.9229912027527107,0.8664367235807637,1.1257841107660531,,1.0337987908556707,0.816601278289041,0.739390229300964,0.8127391864628118,1.0452118906879062,1.0232536158140648,1.0050775872113638,
20241122,0.8720918603654562,0.9178445080096358,0.7639855887698918,0.9749006326749153,0.9127979387347974,1.0743523362111835,1.0183453649654717,0.768172496442164,0.8757716874152611,0.8930349472811516,0.8200460763863472,1.1054030899687903,,0.9860356241090515,0.8023084829852689,0.7666118159775216,0.8300183566571901,0.9878965468680867,0.9933656763487986,0.9797345395966521,
20241125,0.921019652133968,0.9386250216703386,0.7977930282893892,0.9891763991510558,0.9556518507824671,1.0664079199117942,1.0259828025284925,0.7519748123354435,0.8357543751018407,0.8582959151091233,0.7884560746013892,1.0809463291027401,,0.9444119269404062,0.806878307009765,0.8147951211349315,0.8472937557802847,0.9415657992954828,0.9638278684094633,0.9360437587004339,
20241126,0.9578485142259926,0.9516471057977616,0.8402303446679263,0.9770289714307159,0.9788604883231748,1.0626507624144068,1.0408050686019412,0.7541897457457967,0.8200772167747593,0.8569771010082243,0.8134782165468367,1.072634467059076,,0.9186914424982021,0.8198090552926586,0.864447073010981,0.8697308016504044,0.9144654509948017,0.9530837201490351,0.8894057200449372,
20241127,0.9895778786676093,0.9619565142530003,0.8893083813767758,0.9722148298029005,1.0075254912334985,1.0286282185502897,1.063784560934263,0.7577202612098745,0.8173903264871494,0.8560965591202119,0.8373841823244815,1.0697018510220315,,0.8909056979641137,0.851259260300918,0.8925615740749729,0.8900554863969352,0.8803975742566424,0.944588408703997,0.8453997093963476,
20241128,1.0156563315316598,0.9752434745772506,0.9313953637363913,0.9416052652379792,1.0234953666594746,0.9720923244444795,1.0837164170902602,0.7585261846434402,0.8195660493667241,0.8621777808692821,0.8428553669884353,1.0646743655675246,,0.8591851108704814,0.9063122754284035,0.8754788008255181,0.9035036117260588,0.8611979718531454,0.9305987426495261,0.8162946422472926,
20241129,1.010667761939155,0.9911282181507748,0.9844986642460556,0.9030827254536604,1.0372403140100626,0.9216015218959843,1.0985247168124712,0.7620285790982049,0.8087740232922246,0.875679237226049,0.8578557433735644,1.0507299295518302,,0.8273669483691676,0.9548269754146487,0.8557781736560232,0.9060326556663059,0.8455876251602539,0.9020431663340948,0.7858733773734056,
20241202,0.99884738795392,1.0011758846225034,1.029978181890077,0.8678853099166128,1.0322752680293594,0.8822149807389607,1.1136961123628992,0.7879589929738297,0.7981184586616875,0.8986221934774969,0.8818216253131366,1.0206419038048187,,0.7939799208989037,0.9711077030888716,0.8418647081900393,0.9055775901886394,0.8329183522022466,0.875562071925321,0.7718148798920011,
20241203,0.9654222692548101,0.9607178569743653,1.0305299367270961,0.8386042968176856,1.046759086883023,0.8508045767627823,1.12693479773494,0.816278871768139,0.7656703556763671,0.9244826588633757,0.8878845888147935,0.9404028858222103,,0.7589996148684913,0.9825710618431103,0.8504591972804834,0.910262745492111,0.8179386168872487,0.831370790551418,0.7577081181748919,
20241204,0.9399933968361388,0.9432265507758496,1.0384463496448568,0.8150265516945584,1.0584854998049045,0.8335889374135563,1.1124480123112828,0.848189146329992,0.741507767521675,0.9409126797508902,0.9058957173616891,0.9082323116438034,,0.7402671189492072,0.9957358783573117,0.8750849225648741,0.9386025639421189,0.7966639508821773,0.8125077151323651,0.7208000528741356,
20241205,0.9838777916532948,0.958613474586549,1.0510648310969022,0.8468124431740363,1.069968521083155,0.8253971229936932,1.1086588479426727,0.8913269523906909,0.7735683586509812,0.9707546007511066,0.9336432905711846,0.8772544004562592,,0.7838372447566689,1.015548812896535,0.9026921911946572,0.9226807742347263,0.8370900129119094,0.8420294258640136,0.7102482496845921,
20241206,1.007711601308234,0.950847797183307,1.0437707033079342,0.879888752925675,1.0311372931265714,0.8448403352222653,1.1035343957692598,0.9257703251603575,0.8117320202443891,0.9936123657511545,0.9752755090313598,0.8821851114962821,,0.8207641246610695,0.9931209882886122,0.9132478982236434,0.9113748041717152,0.8709979031194307,0.8636236170055278,0.7002669904033185,
20241209,1.0279548559074518,0.9458535337628814,1.0383030856910132,0.9112217688926597,1.0248717667319491,0.8555328261374189,1.0914893367452934,0.9299505786793401,0.8449108787441263,1.0149021740157445,1.0056723133387864,0.8878724988958927,,0.8538181831829206,0.9794767252423484,0.9238309127524151,0.8869707079626491,0.8991246471511394,0.8851084838014708,0.6965732203715532,
20241210,1.0487929595054493,0.9326220865919854,1.020180870986843,0.9625830106818227,1.0385087085232658,0.8642137154819431,1.0811361276749072,0.9653926863080258,0.8728849861325272,1.0352575838523834,1.0160943262717113,0.896331737443572,,0.8932434403306304,0.9678150888688652,0.9379993333979197,0.8772103136750657,0.9301581980230218,0.9182834706807856,0.700567644800579,
20241211,1.0648264441095445,0.9321117096867647,1.0133547792949336,1.0049351157776842,1.0472854542992425,0.8934367303510699,1.0758642946687869,1.006863029320442,0.9032319800821609,1.0516326684150448,1.029334143313558,0.9187943883021603,,0.9346549858442239,0.9480132314550503,0.9545253427889968,0.8794496661210975,0.9638650777009468,0.9500661164839453,0.6986366339327845,
20241212,1.0947404986305012,0.9362923122777286,1.0201115083082688,1.0473648270817886,1.0601975196643303,0.9360923524052591,1.071860468356857,1.045074957513451,0.9415763516050316,1.0488627546967992,1.0481608217460527,0.9345417407971426,,0.9645929219941388,0.9258155603002693,0.9924934707536078,0.8846595032318065,0.9674163426534499,0.9728768412138682,0.687509456072387,
20241213,1.1270858020179377,0.9410852843844386,1.0271624392226248,1.044736059503826,1.074001525260259,0.9769740962685846,1.066279003422129,1.0769916982836503,0.9635696925398097,1.0372991912495564,1.046101121412113,0.9518192564194102,,0.9854472172137227,0.9164094974362534,1.028737547425149,0.905474089866407,0.9646199172234002,1.0001176013631108,0.7247610743799988,
20241216,1.1551835389049288,0.9480552560824272,1.0290603437431955,1.043051441820372,1.0921557206195978,0.9989092254736889,1.015716050899811,1.1016910166378993,0.9767070957750215,0.9909574939075956,0.9866266739647132,0.9644402373955051,,1.029253767909942,0.9219780810209873,1.034751712410483,0.9258149864631758,0.9696242643401597,1.0370043265715885,0.7647522230956539,
20241217,1.1838510589502913,0.9784375642126193,1.0427455886469816,1.0266103815036898,1.0546779125780914,1.0195126965065464,0.943534761690421,1.1087552686552928,1.0087421795400304,0.9395084144146211,0.9448192820561485,1.0100214782028416,,1.0673740464571408,0.915803457678436,1.0480105265989441,0.943745021313928,0.9770071479329914,1.077122651152554,0.8059452420072251,
20241218,1.2064350393644157,0.9911237459132235,1.0495613241992237,1.0013585236700262,1.0434399647943542,1.022138386849299,0.8948671512493178,1.0926282678902184,1.0431004272914361,0.9140549744503749,0.9110011700304302,1.0444408398899399,,1.103342769803877,0.8932837474640903,1.0451909327544575,0.9208802839555958,1.0004562874987168,1.1079691443612614,0.8671049591914864,
20241219,1.1431590308473218,0.9549411605315781,1.0379398408203293,0.9696877178983268,1.0334952256294607,1.0235562483061569,0.8424287849748274,1.0895132027336814,1.0354609287470877,0.9163116521809741,0.8778712324439406,1.0769193735529805,,1.0944838189919512,0.8756512217565295,1.0021687755104436,0.9444723055369613,0.9869372136560322,1.098369869283486,0.9527662386194454,
20241220,1.097244040332692,0.9407164565157009,1.036682353804211,0.9452790173452789,1.0002627143053024,0.9630500649324103,0.8105367637389949,1.0594827946087269,1.0316354818589604,0.9081779083784419,0.8366153518391863,1.0513390623840961,,1.0887876984253946,0.8906016572685397,0.9893234000101135,0.9648359298813316,0.9839921480348537,1.0844341624625315,1.0231747005188045,
20241223,1.0524186884366562,0.9292989489788437,1.0404595081305001,0.9221976270468876,0.9686176629419586,0.9072773078163221,0.7875368252234934,1.0408644222179213,1.051045810765642,0.927881751614574,0.8035158075515174,1.0297320088791795,,1.070028824140327,0.9230994322064591,0.9790789991192902,0.9921412387525798,0.9706377173924058,1.0546092733401473,1.0837102868742243,
20241224,1.0190823329514997,0.9400921769318125,1.0424691496384875,0.8698265142956773,0.9506930052566842,0.9298083096005691,0.769922359616401,1.0155100005355877,1.065856505821661,0.9388953037898418,0.7691394296424833,1.0140145288514062,,1.0582065580309594,0.9493216944788349,0.9643347453774541,1.0193668192826228,0.9709815355424586,1.0288840951934113,1.13370394679042,
20241225,0.9922065842931496,0.9422677050731613,1.0425448115044729,0.8263324354077051,0.9153065527325781,0.9479952066046587,0.7465318840678876,0.9837313829862779,1.076466146479318,0.9485011214548112,0.7593132461748726,0.9570707635091787,,1.0443374121390354,0.9790579475657168,0.9601321718183733,1.0427025029842671,0.9657348599526003,1.002399741699098,1.1762675265034352,
20241226,0.872475839275788,0.9276997307371904,1.016457412443104,0.7739804459696038,0.8882434439084087,0.9539197553696475,0.7380011027800614,0.9523204958803231,1.0677114507916112,0.9638748189285825,0.7390217767348118,0.9074414367669134,,1.0530922768666247,1.0017436469869834,0.9493230580777191,1.0601370989306578,0.9698476273974469,0.9993660152077376,1.2121277300363962,
20241227,0.7777735341176342,0.9160506097501022,0.9957339262318086,0.7537372199972352,0.8764599291079377,0.9477060006003402,0.7368551424260552,0.9111009181737033,1.0666271174693698,0.9841255161271768,0.7302436432980609,0.8686335236839839,,1.0681920867707402,1.0105001063745833,0.9212183322477114,1.0600557049990516,0.9728808524279909,1.0024346846945538,1.2134425993448597,
20241230,0.7010296218016194,0.9031096084625305,0.9784994334286556,0.7883483118027851,0.881133355477091,0.9567336479176486,0.7435790478769821,0.8918041230184739,1.0733286490262484,1.0253978334118048,0.7515157621161375,0.8472642785136385,,0.9938468576141136,1.027774597287698,0.9089666964069878,1.0455147601508874,0.934447149294623,0.9478998029828493,1.1861970541059572,
20241231,0.6591987542721965,0.9132250596636929,0.9715150060821539,0.8255063496374716,0.9118864069352421,0.963452745513792,0.804908612264585,0.8871096797561253,1.0942764868351613,1.066022809834866,0.764932737590587,0.8944068149309095,,0.9460484423848254,1.0463277880499786,0.8995308164821059,1.0350999148919988,0.908505027862042,0.9167098298243613,1.1686849548097356,
20250102,0.6242504110163831,0.9066665044552574,0.9684766803687631,0.8462248035108682,0.8966842580248651,0.9839097732262075,0.8575491926056253,0.9022760984465276,1.1090646416555485,1.087362708569966,0.8339561189504756,0.934698662794767,,0.9366803401124792,1.0678102107378926,0.902475649147705,1.0337826450827612,0.9179348700515477,0.9085677427048451,1.117966810546416,
20250103,0.6254466400273817,0.9430503191118039,0.9764360949893601,0.878741447587589,0.9298969778974359,0.9976487962252082,0.9204497577473957,0.9287895766726557,1.1435238832424122,1.1065972409549942,0.8953536918030186,0.9764470844529013,,0.9422904028223261,1.1018600691600042,0.9112453313904121,1.016891029955559,0.9366816099724937,0.9123490373215566,1.0460131754916757,
20250106,0.6251818830298638,0.9462569326200008,0.9611362746269905,0.9350959393801099,0.9726041144598505,1.0196591325076758,0.981711276465806,0.9567586416129806,1.1725001840800788,1.1265627497152446,0.9507746425752239,1.0271752962845353,,0.9457522318136093,1.1354248484712144,0.9054019689862882,1.0056223485695288,0.9503487539865312,0.9181978842676843,1.0082900044795233,
20250107,0.6373740005252391,0.9494307241028069,0.9322250196293783,0.9886420819034398,1.0094302834161464,1.0772248379557159,1.0305586647731684,0.957790638376327,1.1749823070762113,1.120265769990212,0.9955135750991793,1.0721686377434356,,0.9613920561789343,1.1365304091113122,0.9006398411504954,0.9967048278875793,0.9620031910682084,0.9394520916427505,0.9797411133485727,
20250108,0.6492711943881326,0.9395418761859152,0.9000800755905467,1.0448335178627237,1.036718035933258,1.0861516028351184,1.0674205290984446,0.9666908489570645,1.1763092114920488,1.118465826241627,1.0392163351264203,1.1065237303794133,,0.9783896419009961,1.1391423004644097,0.8971370232832998,0.9285939506620325,0.9553046466677729,0.9625172801188254,0.9704978445440922,
20250109,0.6641556191421346,0.9651197175002942,0.8833717906995004,1.0919066307136218,1.0709302309332063,1.0985661588819593,1.1060843781311753,1.013107429296989,1.1815879674855168,1.1217150976234969,1.069701639709566,1.147024663772001,,1.023790099633282,1.1442505878651628,0.90591450451188,0.9023834838407094,0.9973930155550488,1.0143582182901307,0.9590637653004146,
20250110,0.7760016733057024,0.9867735225086072,0.8843848443709286,1.1363466613901092,1.0963104265497057,1.1112186137522353,1.1326028393436534,1.054780955624464,1.1918998269746726,1.1248194273350605,1.1007317009502813,1.181684282365053,,1.0452252673389013,1.1541389903495851,0.9114250837283651,0.8824501645788252,1.02792649210264,1.0423965505496058,0.9552549502656171,
20250113,0.8757725500031365,1.0289767492983644,0.9120152164316311,1.174311465698001,1.1129104435871173,1.1369004473990227,1.1544647345030465,1.1025117767366446,1.1995627637885373,1.127793138033423,1.1051894150757342,1.2059371525452052,,1.054423166582383,1.1720294401371814,0.9570557834938969,0.888199013017445,1.0540828953044292,1.0527915855699939,0.9575611915851414,
20250114,0.9650898951195198,1.0721892805075668,0.9511978335466873,1.194745514677816,1.1217036107929061,1.1547035986052967,1.1797052748395884,1.1320092546828906,1.2051638511048668,1.1159429903701588,1.084869389570846,1.2250776564364925,,1.0836755400143396,1.171621386025179,0.9975198072779837,0.9175087135870909,1.0830283657958717,1.0795226138742078,0.988921841913479,
20250115,1.0398758864682371,1.1048111833610355,0.9791502725122747,1.2055632316768548,1.1302899336274117,1.1691109822675447,1.166871269366838,1.155050085313801,1.1780065386500813,1.1080076877840694,1.060167152242051,1.1669102781499898,,1.1064798288051516,1.1651613441239776,1.023067021938943,0.9398513748211962,1.1039827605432042,1.1009392182575461,0.997570889424697,
20250116,1.097676642028255,1.1360583026485571,0.9989781616619847,1.2188785119445924,1.150503352706433,1.1554748363285456,1.1557057487472053,1.1644507283669794,1.1578149622260203,1.1049653442920762,1.033276567110326,1.1189338116060585,,1.1183934482970468,1.1590964617616588,1.0467502823685781,0.9727993383104434,1.1180977567803143,1.1165673361244564,1.0233357783799315,
20250117,1.1449207990972474,1.1648417417415433,1.0187531766998004,1.2333231074889295,1.0553128009917878,1.1469323915927778,1.1427701712785454,1.1367602974110504,1.120121886233771,1.0367407836150477,1.0115644780435424,1.0661052377561273,,1.1347924608147038,1.1376191766380095,1.0686173336807419,0.9829328646690436,1.1320030617920216,1.138344730295928,1.0667958593849112,
20250120,1.1877874721854862,1.2012731396114993,1.0555919892092538,1.2292261417615766,0.9745666118439315,1.1329354154695992,1.065498312445493,1.1259843196217438,1.052325967732678,0.9944212570121411,1.015594354000385,1.0362539113190767,,1.155193092304767,1.0708793615339662,1.1033342285841874,1.003620951453999,1.153939425913339,1.1653577519046763,1.0769892472392555,
20250121,1.2177019692449709,1.2317478695641257,1.093906191863451,1.2179883396009534,0.8998549546705293,1.084935250569345,0.9932980009801422,1.0918743952254555,1.0087305601350072,0.9680614119703564,1.008721077371404,1.0045829383058231,,1.148398889204305,1.02887259479177,1.1329697795052869,1.0153610925696543,1.1612010911385044,1.1679216136631034,1.0845736779548352,
20250122,1.246025817616319,1.2584575678841543,1.1277384964827142,1.2106425748964458,0.8361446953408499,1.0804925724313825,0.9361440470262037,1.0617444123886863,0.9830522986215422,0.9469375247772508,0.993866793737184,0.9895785573113867,,1.1501539179732503,0.9948745334681294,1.131583756638113,1.0232519781549827,1.1789998930293044,1.1771839015329593,1.0869342077029065,
20250123,1.2677347309325044,1.2716266721508982,1.1552490790856953,1.2033757422928515,0.7934871810289013,1.0522298051712047,0.8902280397269499,1.0666590620330407,0.9607356843092213,0.9168161552905068,0.9997274103713193,0.9758205142437866,,1.1111806548733163,0.9716822886749796,1.1371902359546542,1.0294686119295116,1.1609644784525717,1.1418096680720318,1.090704930881226,
20250124,1.2793610551235948,1.2825627983393888,1.1712099215528853,1.1929445198281605,0.7613464226343345,1.0260612170204162,0.840280275965459,1.0694340983217507,0.9396583748998267,0.889254278027135,1.0077183260490012,0.9646218036743601,,1.0866752820890273,0.9527812353768379,1.141564819468278,1.0276789856803226,1.1490533498357873,1.1179950719296192,1.0774664486273333,
20250127,1.1878824546090108,1.1780812606797009,1.1016176266073532,1.1256365676319802,0.7365001980261545,0.9638546455697998,0.8177490845247893,1.0653082340550288,0.8955783189124233,0.8497299079213891,0.9983092504941022,0.9296820691759864,,1.0252769229264043,0.8965215781981641,1.1187218081705874,1.042712334839379,1.085777695014294,1.0465710290819394,1.0767308444986174,
20250205,1.1326870073808826,1.0917104911375863,1.0411962867063016,1.088422489091116,0.7241120916645475,0.9228021004879836,0.8071402288239735,1.0769071130356953,0.864771630844403,0.8425925459918995,1.0017309918553694,0.8998960687996793,,0.9754708972563021,0.8661151103348969,1.091015573814707,1.04501672402371,1.0336399957187692,0.9961436329214127,1.0583951618283818,
20250206,1.0905930709778118,0.974420685206015,0.9900038615918085,1.0537461636931826,0.7248527788399879,0.891083336000634,0.8105956884405036,1.0825163502231063,0.8518448788284526,0.8149895531530243,1.0143095169123628,0.9192650197813611,,0.9265686883620694,0.8397165395936852,1.0726998656432152,1.048245388487009,0.9774921751297886,0.9455038800635464,1.043601655623332,
20250207,1.0365988086546492,0.8714007848640795,0.9315061443781176,1.0169434028818238,0.7323905166033119,0.8774526213829683,0.8227665777153166,1.0826848179636586,0.8612217252526047,0.8024216693426981,1.031283091906764,0.9124421130335304,,0.9064653388237923,0.80367580466601,1.0159416763332352,1.040691893193095,0.9417315490050244,0.9338784016582029,1.0234817745071454,
20250210,0.9912345691152434,0.7949968349626839,0.903659364380146,0.9776859182145512,0.8010286780938399,0.8715359365037971,0.8332941109581326,1.0943785850106258,0.8803533398794811,0.8376184699279586,1.044626887617183,0.9119248939746261,,0.9029147573641525,0.7853369831389329,0.9598541000547872,1.0173828798692441,0.924633040802468,0.9297379226442267,0.9975553887240163,
20250211,0.9547664970411084,0.7516737842891744,0.8856811953668156,0.9326953769859792,0.8598133733706917,0.8684346674142054,0.8858901951948573,1.1014008879653034,0.9192962974675074,0.8359505816685787,1.0406200096772273,0.9103327244509193,,0.8900480666951223,0.7904434155270372,0.9028372873601435,0.9894983914674014,0.9051342647069238,0.9127483182609681,1.0068091998455109,
20250212,0.9261980079007968,0.7161433566743451,0.8739381231907616,0.9031737855524536,0.9335224031953405,0.8979749302233235,0.9324665162137991,1.116819698314032,0.9404357604825488,0.844608352201927,1.0413391102644984,0.9128679102857008,,0.8872423540418102,0.8039273484489318,0.857520287235302,0.9758077098605941,0.889392170499343,0.9046643047093562,1.0170691050126122,
20250213,0.9235797811767396,0.7348274214452537,0.8877414648258265,0.8851846056137801,0.9977625373948222,0.8610599533920018,0.9828675413524285,1.1312785491062853,0.9645850481029581,0.8645941514751481,1.045811549415152,0.9384725749681818,,0.8922028357514791,0.8313582759494519,0.8488890840295974,0.9846213771543859,0.8844452537072952,0.9068779877149291,1.02268505716441,
20250214,0.9208483369528955,0.7499094142733486,0.9027153760681743,0.8798294879622058,1.0497021887761804,0.8306079802808887,1.016629277863477,1.1133338035340434,0.9827582981527564,0.8961934400602941,1.0498173293105062,0.9548632414839084,,0.9120467892380824,0.8431699085673083,0.8455700688934106,1.0103434852572613,0.8833113928184692,0.9260682098321874,1.0235643600994413,
20250217,0.921697762289676,0.7656695651195434,0.9193029500233172,0.8776829610083462,1.0928870105577466,0.8062924614486059,1.0464546498490614,1.100759851358444,0.9985659485780283,0.9250232100632819,1.0082487302880359,0.9685684670780198,,0.9213504191945265,0.8633944200280694,0.843028754052156,1.0489903097397726,0.8683126773319553,0.9387077756499619,1.0249659015339903,
20250218,0.9661953389359451,0.8404473153868468,0.9679214190973588,0.8944792709632161,1.1281696518740467,0.8159408475269635,1.0676381665603196,1.075872422139625,1.0218963087228676,0.9610419837429193,0.991243128713955,0.994168458312722,,0.9426513381963567,0.905404765032286,0.8594541512401933,1.073737276144972,0.8764375179475623,0.9667149946244427,1.0081285398827389,
20250219,0.9723251682050137,0.9022040522256639,1.0110167125841456,0.8773685490136299,1.132632984322655,0.7543376104538616,1.0562642155361928,1.0140814339732946,1.0274128924252275,0.9493881169530728,0.9709242725042331,1.0027652314817688,,0.9592745907133993,0.9337367933311641,0.8671151855652792,1.084442128823575,0.8830968293639718,0.9903132669102191,0.9898358522164017,
20250220,0.9651995791614784,0.9758900906741297,1.0304404929751851,0.869809705326852,1.1296786607677494,0.7092890857927692,1.0464593198013772,0.9645821753025885,1.032721169223962,0.9514174066194842,0.915584602705086,1.0077678900629905,,0.9753892834985523,0.9609149446178591,0.8781882065358025,1.08726624092829,0.8974462212529649,1.011408184785917,0.9927186231932292,
20250221,0.9668936564029715,1.0399147987835882,1.0525851512952344,0.8766001377838807,1.126369496672146,0.6762843808241918,1.0386533373349494,0.9201294487954979,1.0133830002627986,0.9508123208938523,0.8706316263909374,1.0268984278337394,,0.9647094518602566,0.9924209503944996,0.9160892980985175,1.097329242200701,0.8937395008980107,0.9946231106414015,1.0057166524387324,
20250224,0.973044346259076,1.0932622678248933,1.0800350726350438,0.9076087058894368,1.125001022702519,0.6481469257050727,1.0396877784971688,0.8824662211839658,0.9961492390703891,0.9436633919054779,0.8555181289198641,1.0436522693632755,,0.9360602666681186,1.0141903751377888,0.9519275642852549,1.1135675969357448,0.8708615371747965,0.9702247353125182,1.0132814917382598,
20250225,0.9647891497388176,1.1172347833322809,1.0959625657270582,0.9452629257917576,1.1262118537118426,0.6350823775798816,1.0297887025857544,0.8603739886493157,0.9777749870286823,0.9676995956864847,0.8423178227424595,1.0523245760048605,,0.9172397905610815,1.041252342346263,0.9898739204468964,1.1356516088953637,0.8415346717923432,0.9574986163124934,0.9808478942203795,
20250226,0.9617282881807991,1.132709771128021,1.1080279805409652,0.967203909237749,1.0797254302720958,0.6160996279564203,1.0226285484684277,0.8355956628163097,0.9648088424777186,0.9658115812384055,0.8395294096307427,1.0534321205144832,,0.9085398829202423,1.0622615157790432,1.0194158078457178,1.1518707669933925,0.8220099366989835,0.9520391105413758,0.9587225464861694,
20250227,0.9205488857832649,1.087095066291728,1.0874607178380797,0.9836421346782716,1.0308144737920166,0.6473129915134087,0.9942671579327755,0.7889714767585655,0.9345987740839445,0.9511511641913367,0.8445260742001439,0.9747022777553923,,0.8670637036868177,1.0584806179923516,0.9952872990590353,1.1299468077376418,0.7628515720468734,0.9101157926233004,0.9140767623584642,
20250228,0.8946738911054084,1.0515314893795147,1.062438502104978,0.9712286750641823,0.9534364486904473,0.6813220576670639,0.9689081749238956,0.7575737090248927,0.9045420573050468,0.9171826140402687,0.8481728997196607,0.9205601045192067,,0.8292865824968131,1.0548727598319183,0.9771929966962511,1.1048155550572354,0.715235551996758,0.8697339120886212,0.9045526656747834,
20250303,0.8739773863197186,1.0144496962374412,1.0430652796075106,0.9595960245695437,0.8867264750511262,0.7091335479564878,0.9413033740027938,0.7298154257661931,0.8771893419391373,0.888595181588027,0.8632933176490107,0.8781850803475693,,0.7978040208341528,1.0385626267885024,0.9685628796969677,1.0560971908008794,0.6692241170313682,0.8333324205480247,0.8981159236270506,
20250304,0.8794190765389176,0.996411464705144,1.0328312031755853,0.9679883161698432,0.8314252965614624,0.7445553701628097,0.919837873630133,0.7259194298472437,0.8738570537646775,0.8664797829562408,0.8897886505391829,0.848270166678343,,0.807867210432884,1.0189762442792016,0.964225037462742,1.0266854127275076,0.6738973255166827,0.8254282686783808,0.8999267938150549,
20250305,0.8985225029125258,0.9749462313999476,1.010347015479285,0.9904957089108417,0.8170143065688918,0.8217957933744516,0.9153815873525402,0.7598430645461047,0.8779219495164736,0.8892609516314002,0.9177796074138301,0.8441447647014715,,0.8125954407218439,1.0073820861617955,0.9786829354329069,1.0293160211658454,0.6736161786731595,0.8186864577976674,0.8970202785533739,
20250306,0.911648238229075,0.9563447065546983,0.9960289913455291,0.9812199933083168,0.8106327796739974,0.8828382847794694,0.9158258208262039,0.7893528535503357,0.8868733969898204,0.9013432371028711,0.9447858462512698,0.8592000520353822,,0.8121138915831775,1.0077572394676984,0.973347149903425,1.0213147291850257,0.6736117026527735,0.8067129138513315,0.9012673517936222,
20250307,0.9442513731851614,0.950094743463312,0.9799886632835979,0.9809825471862156,0.8121710930843938,0.9313251861255489,0.9234128534542877,0.8247809344169854,0.9082798968369219,0.9185438163489744,0.9751010097970743,0.8567512896489615,,0.8467757680456912,1.010410527993149,0.9662507441291742,1.0176034796370548,0.7052101173572266,0.8278124570082411,0.9054219654511646,
20250310,0.9700512662105993,0.9416378970407572,0.9733031060603946,0.9633555894652248,0.8175785075921181,0.9741436061350318,0.9255817646821212,0.8532166078169799,0.9267919841644852,0.94666595814172,0.9928583656392456,0.8538658187378912,,0.8897309968425295,1.0099519684110563,0.9729514396180708,1.0122496115952573,0.7506401213638886,0.8531287861594197,0.9155193797365493,
20250311,0.998049969277213,0.9357981558386822,0.9747487366895293,0.9479088977422674,0.8172288882830865,0.986830041521533,0.9366171859807123,0.8724312040279267,0.9445102590718258,0.965723199800702,1.0116928233589484,0.852653593027306,,0.9247283664918726,0.9830945691594802,0.9776800689129892,1.0045152474223342,0.8023287350281716,0.8708730326028162,0.9503939890903194,
20250312,1.0027061193847246,0.9182876750874756,0.9568659091898064,0.9523999875321116,0.8503155742594507,1.009580046101073,0.9593937010154482,0.8947556601782785,0.969982726262457,0.9931995076024625,1.0347370465464474,0.8385473032491523,,0.9499327286007047,1.0094281843047694,0.981679620930068,0.9969496030724191,0.8444586109785894,0.8782207019286044,0.9578617324120444,
20250313,1.034208404076561,0.9458444136791035,0.9670757381644817,0.9532675273115204,0.8792198157406973,1.0268435136354588,0.937425455276807,0.9266254025549069,0.9755980824487293,1.0265982246457255,1.067979575838121,0.8859509747171488,,0.994956815657843,1.0215650930766316,1.0019380262109927,0.9573359282696228,0.9196464032706676,0.9308595962199075,0.9799748913519707,
20250314,1.0535019669293326,0.9668271933184547,0.9708260128816399,0.9631791899338205,0.9345463360604996,1.0502429463018808,0.932326847904496,0.9711448260087449,1.0019932234894704,1.0720075473156725,1.0998734823162892,0.9261801691025291,,1.0473489295025495,1.0560570670151146,1.0117358768654958,0.9261505806406038,0.995977064518553,0.98951971260257,0.9031950502221635,
20250317,1.0692821258719591,0.991127722512167,0.9722896471148915,0.9740003810015597,0.9790081281598649,1.071122360646794,0.9333361537607883,0.9932322959822159,1.0191243709299973,1.1137832611764047,1.1356648954547683,0.9666262482488178,,1.0903652347849482,1.0855787467485227,1.0224435128702714,0.9226639677753192,1.0628314615741836,1.039213565823112,0.8498491151979979,
20250318,0.994154471355105,0.9542726895516127,0.9193950829507254,0.8819422706926049,1.0216119049078203,1.0773057814893723,0.9340596815216519,1.0111289272550317,1.0160455604390035,1.1459609503689034,1.1507482928548778,0.9652382684446351,,1.0691011277066516,1.1101476723890533,1.0318607598789418,0.9150443380369344,1.0755443022874762,1.0278209233116706,0.8113848649783174,
20250319,0.9584969392315541,0.9440233506127791,0.9024583332076191,0.870820894492091,1.037717087733112,1.0786186927749821,0.9410308203751395,0.9964061711535319,1.0077283182035968,1.1586698513607534,1.1536656305101938,0.9746246438370839,,1.0558384901245803,1.131330243479681,1.0303938061939417,0.8497052539271672,1.0884305288329628,1.0244248384248935,0.7807142707877257,
20250320,0.9372349007771156,0.9222897280153118,0.8968728352548166,0.9026373318897326,1.0481188906016816,1.0860142339074585,0.9092584007950902,0.9763800939763634,0.9989065521784593,1.1722813886824466,1.158340498530619,0.9633066254397548,,1.040892214036331,1.150127349004007,1.0370077553563037,0.8086820724512563,1.0980655373565729,1.0164159213738424,0.7551016971536989,
20250321,0.9154269653161216,0.9045295571603458,0.8839755256759867,0.9273597736898151,1.0506194606777794,1.1293227867093787,0.8825288068802014,0.9583118266808061,0.9957934505567728,1.1844907062760892,1.172117087502749,0.9644917960233034,,1.027842417150794,1.1594500156656566,1.032070684790129,0.7577447851198392,1.1026816191306792,1.014339962102366,0.731728776853873,
20250324,0.9023627153735498,0.8969979227462475,0.8794019893970481,0.9528030775542081,1.032435512431829,1.1639956736153836,0.9177111657920152,0.9928382497231254,1.0260168817218884,1.1854576301315616,1.187654854100233,0.9677454358317167,,1.0107957798428033,1.175987906649831,1.0221041765772112,0.756464202729795,1.0903606148080738,1.0074187851944634,0.7439105986492852,
20250325,0.8886834319802519,0.8833366149873776,0.8713946123917002,0.9677341054667594,1.0243910769879117,1.1921854292149547,0.9444796418616844,1.0254305726663198,1.0526816177315454,1.1900310027676908,1.2051078822365282,0.9645318866624224,,0.9886260811511275,1.1977266765947716,1.0199100853852547,0.7609562812646836,1.083467142993914,0.9952172179574689,0.7460644050098945,
20250326,0.8780446788525412,0.8784031551085127,0.878551691318946,0.9841121036006238,1.0193295586476094,1.2132524603105774,0.9499900523154243,1.0469268559262268,1.046674241479805,1.1849071782533156,1.1951158342630788,0.9684938053794869,,0.9293290976558475,1.1740219737813282,1.0340785966831592,0.768959566210045,1.070646548337334,0.9644210539427267,0.7595463420283203,
20250327,0.8674023260207403,0.8687151936381683,0.8826473819552191,1.003611655430844,1.0100045051937152,1.2316600559797044,0.9893449692305173,1.0653995784879484,1.05324711531754,1.173984721773089,1.161986885558425,0.9477006882246631,,0.8745734334776747,1.1617909440328889,1.0458372814150747,0.7996422311374092,1.0497786453267741,0.9110321471997059,0.7818369261691821,
20250328,0.8598675497193137,0.8593025168760206,0.8847013972222846,1.02034613180422,1.013367924576675,1.231892221974213,1.0180582083306497,1.0792752052616486,1.052209978273887,1.159205118920609,1.12680480078127,0.9308851541206736,,0.8254979206157034,1.1140844939685113,1.0734464065126443,0.8359081940474559,1.007384767565392,0.8551732986277976,0.8648777644059386,
20250331,0.8547306174270474,0.8592214791394244,0.8920118630959634,1.0423962168406935,1.0014439193274776,1.2328412540077944,1.0278352579388164,1.102154855951573,1.0579936349429706,1.10527423368909,1.0930556415458914,0.9059530427787407,,0.8056570557126085,1.0961649538309615,1.1013709032663443,0.8678584561139293,0.9829579571444608,0.8277105824386316,0.9245204544745809,
20250401,0.9194845399875478,0.9162921726427158,0.9424275972001513,1.0985856927033215,0.9895880382651644,1.2337665242621982,1.033474626810584,1.1060172915237083,1.0696260691884516,1.0745672051049406,1.0860175439699415,0.8920710128785152,,0.8281134423490537,1.0737095018679026,1.1237854492053352,0.8990283825943364,0.997975014304738,0.8570208585116555,0.9726541738878554,
20250402,0.9255133817776283,0.9367476030526483,0.9238572888634818,1.0861835250316445,0.99144546738565,1.2392145002542407,1.0371410150071765,1.1275386205631923,1.0669718952369434,1.0610377737661894,1.0941673645471568,0.8665181997297987,,0.8366286034995051,1.0547302346069307,1.1494146495835074,0.9626033520740255,1.0082575460241254,0.8704577966020971,1.0031820323478908,
20250403,0.9249743452746643,0.967396312116523,0.926660714222624,1.0553446817659762,1.0237802335848176,1.225558762397306,1.0494942882554652,1.14813738043946,1.0713542137287204,1.0605380162769142,1.0967950768158747,0.8305259303121826,,0.8741784397798755,1.032337915210299,1.173858247668103,1.0089518195034224,1.0499109616238533,0.9023534982134611,1.0239144002036866,
20250407,0.991125427173413,1.0166804221610009,0.9871967632681057,1.0952710604669402,1.0651010746340182,1.2073525126850617,1.117269358510687,1.183013528020112,1.1189029701939586,1.1078883896326257,1.1267218138646367,0.8658970376140285,,0.9449817427659529,1.0368296705825217,1.1999515027002032,1.056511456889368,1.1055779229441045,0.9679461002482096,1.040191679620643,
20250408,1.0441133884960807,1.0644095390388484,1.037445704909493,1.1204645216545996,1.0866142303315818,1.1968833808635233,1.1603886159830026,1.1255814730617948,1.123073146430439,1.1294679366081863,1.145467700183263,0.8920130193838941,,1.0035125423452864,1.0164230440769133,1.1775965093441825,1.0218004282225388,1.1456199020803883,1.020558638560823,1.062221163559807,
20250409,1.0827593412242782,1.0948430591290326,1.0705102656143344,1.1270090528529897,1.095934814960732,1.2006012175291618,1.1956415837430485,1.0784666449707139,1.1269237792848223,1.1439112115200492,1.1578182004933546,0.9428484927842182,,1.0443576771405283,0.9975420433649927,1.1496599777055898,0.9927038615813634,1.17543923715772,1.0567001360418093,1.0847204773057895,
20250410,1.1241419602531948,1.1338434583680295,1.1095206541235811,1.1497021036787114,1.1399446761816705,1.2203991610777796,1.2320122908316666,1.0666072228416625,1.1564349486409358,1.182026515464305,1.192800530335121,1.0007483457489803,,1.1001331506411334,1.0312158188321827,1.1186136253440964,0.9810392967268445,1.2124274102582338,1.1086267941954795,1.1029280591350052,
20250411,1.1599801258912161,1.1674611481960773,1.1411475445455201,1.16765603926375,1.1736074738338989,1.2383151999096251,1.259217798682041,1.0555776152738066,1.1788539200265584,1.2152441166682049,1.2243737825831087,1.0565717376091697,,1.1479986275971494,1.0566053572345049,1.090357062029167,0.9826680184001887,1.243757992787378,1.152749982922576,1.1155933611301463,
20250414,1.1900145480415432,1.1946552705063007,1.166308514147367,1.182011889440616,1.205799849135715,1.2549732507542506,1.282764427325345,1.0528363697990097,1.2006433444756754,1.2438546321252857,1.2508827760757872,1.1069116904138296,,1.1904673849448881,1.0929374729420784,1.0555274301373925,0.9808794048077544,1.2699372241417113,1.192097172857962,1.11852456378121,
20250415,1.2174744764029795,1.2205606648408145,1.1881068774065862,1.1938508582431306,1.2310939282059405,1.267159031434976,1.3024043143128534,1.0487362713246935,1.2175951341480067,1.2698073101794103,1.2729157601839267,1.146667280496979,,1.2254198138338932,1.105988829094742,1.0286054828319033,0.9739368222454342,1.2909182714161016,1.2244531942218297,1.1074531649705446,
20250416,1.219148140467289,1.2153453228385216,1.1848754676292805,1.1884782240209435,1.2507795800199086,1.2774748482689144,1.3153225355668743,1.0458541453939005,1.222500865775822,1.2796590963224541,1.2801076246455916,1.1807035900479572,,1.2466072933672285,1.1174501598154094,0.932167713541547,0.9530752256693497,1.2986951632722257,1.2378142850470402,1.0974056859050947,
20250417,1.2332020859594008,1.2258721439716995,1.2016429534099302,1.1985025011370865,1.2624493541966209,1.2822595331792686,1.3243582881507685,1.0437734829533374,1.2261556161481622,1.2897751189333333,1.2868226140228785,1.2097837745217512,,1.267117052665245,1.1266983006032947,0.8556493954281995,0.9350988866163282,1.3086847203721812,1.2551324458138415,1.106620209391483,
20250418,1.250568959812548,1.2429229483473683,1.2209880548613627,1.2203063818089919,1.268777179959606,1.284168984897296,1.3325702665408679,1.0424114446380761,1.234132934353084,1.299743179167206,1.2940940288878093,1.2375515273890207,,1.287249529286545,1.141705898596893,0.8084588201289381,0.9370340859994525,1.315636443525235,1.274330818775774,1.1172513220378821,
20250421,1.206646614814606,1.2306973854904195,1.1826175728899433,1.1511009685185867,1.2534322090086802,1.2569386905203954,1.2208580839188239,0.9669712572303685,1.1811398336361607,1.2594683070530575,1.252191444469916,1.250858578819862,,1.2819205739366786,1.1071007557244539,0.7769553465868168,0.9462054800987021,1.2841104240541317,1.264324699453944,1.1269615442146033,
20250422,1.146076740893291,1.173158865684236,1.1302885846914577,1.088633873395605,1.2191293350706909,1.2331548794494316,1.1363970864146222,0.981854046525836,1.1531135939479777,1.2305086562455307,1.210259138832276,1.2604559103657054,,1.2405902201283543,1.0879522814279157,0.7694424746072166,0.9680447505646556,1.2254120250097125,1.2081249116187864,1.0814770068335064,
20250423,1.0602275415985338,1.087916155046735,1.059229439694995,1.006977187339177,1.1548975968699977,1.1363227726479206,1.0607097832902972,0.9944413783523853,1.1226204167121725,1.1892212806516815,1.1634831008186963,1.2140533021186566,,1.1740279245445362,1.0750387711038036,0.7970587847831484,1.0101310638419234,1.1669266942970413,1.1426072185043281,1.0444349735720875,
20250424,0.9816431000052759,1.0027185008649666,0.9883713462240102,0.9066371954632115,1.0433144378847774,1.0163601408598593,0.965712341673179,0.9832503987120245,1.0465974594434844,1.0779249130381434,1.0573986190226758,1.143853368185565,,1.060657125995173,1.0069832768025944,0.8247395139847948,1.0434016425969208,1.0545234638254064,1.0350828062309998,1.0194766502637176,
20250425,0.9165551770709003,0.9271656482794112,0.9291442387216169,0.8221457257327902,0.95217754645883,0.911584257666066,0.8876725491650022,0.9749892630013057,0.9851025938352092,0.9859276308698433,0.966707321484738,1.0595883118997655,,0.9683178514752133,0.9519038703582112,0.8449866212245501,1.0730968425971605,0.9626627689192048,0.9484118715724887,1.0069376817969948,
20250428,0.8640151125220634,0.8652637205356544,0.88160305944472,0.7585025998162925,0.8759133189198143,0.8279670237354625,0.8237430804737047,0.967134609189061,0.9364928569588544,0.9128596759673145,0.8974454223207879,0.9846144206986459,,0.8957020706251801,0.9032214628275542,0.8665908536307827,1.1011637901715177,0.8914046156116415,0.876416503419309,0.9901235781362228,
20250429,0.8276278286105073,0.8322381136006917,0.85791731236067,0.707489897553967,0.7906063538473476,0.8052411135025337,0.7649054169939354,0.9643562969940952,0.8792298733362869,0.8446442289992314,0.8384006014826152,0.9107684751524731,,0.835663020507984,0.8845617483669405,0.8792963987001228,1.1261889622542565,0.8266560035242619,0.8187268001318173,0.9863780235848556,
20250430,0.8031424551927109,0.8154952515659167,0.8436562211452212,0.667821272171755,0.721260034571339,0.7863834863032512,0.7128886127697398,0.9640909363998493,0.8428780847150612,0.7817700796179611,0.788719209836658,0.8493958971886182,,0.7671253574233258,0.8745729541931087,0.9428046219497016,1.1506332270103545,0.7614218733029298,0.7578783555751948,0.9923306435298074,
20250506,0.7793907727406459,0.7884664624935047,0.8024907688018935,0.6320244719889769,0.6770211646252123,0.7778540653443443,0.6850783596361475,0.9758276053374644,0.8201119682017708,0.7314081743923209,0.7427466313146028,0.7999882897210808,,0.7166418579333013,0.8693742332505351,0.992627679608158,1.1745287620496225,0.7125621937348394,0.7094286601872787,0.9613996204120796,
20250507,0.7648796880913231,0.766874257067191,0.7792650465740399,0.6169929093245331,0.6441812553089223,0.7894787977017866,0.6697301404896483,0.9876124349239042,0.8022978285871141,0.6989739041275559,0.7137327014196598,0.7530441930003362,,0.6847655209330535,0.8585755772148231,0.9950310444385597,1.1768529512805492,0.6790093488124349,0.6794614193048156,0.935936547701469,
20250508,0.780884490817037,0.7633268134263729,0.7885682461527764,0.656740589178919,0.6204314407404451,0.8109692669286535,0.7146958239356093,1.0290504572035541,0.8212804194666621,0.6929057431140978,0.7104277880700195,0.7375590943429614,,0.6725525009925194,0.8739482034100884,0.9942638761925761,1.1772235179448385,0.6721591662280685,0.6702975679128689,0.9209390364667781,
20250509,0.8195653241227379,0.7924964588376091,0.8143822169904971,0.7047914614397536,0.5956214490865911,0.8322742190706034,0.7489207188183606,1.0249683012813953,0.8330547917153104,0.6844066220386479,0.7170778699239128,0.7252656165942015,,0.6744986558706504,0.8876626172401134,1.0061728802775418,1.1812264556044714,0.6812620375580106,0.6827774343380897,0.9325551314557666,
20250512,0.8554690255136093,0.8326852500939346,0.8486184150315021,0.7663203872623948,0.6243298767471738,0.8905596486276446,0.7889646247342899,0.992336176946402,0.8387388504217972,0.6890884267970749,0.7609976960559518,0.7109191727810928,,0.6971298294780057,0.8936759807171585,0.9603304822309401,1.0883476161713308,0.6962680923359178,0.7021707259065542,0.9514699037939545,
20250513,0.8932074620053642,0.881473596493474,0.8795441018679844,0.8456060274885692,0.6929071198846041,0.9656095548769169,0.8563100866614816,0.9795887046579861,0.8806285857966861,0.7231689982017144,0.8419702386298779,0.7333524687123775,,0.746961820175786,0.9372058143004417,0.9319541730705776,1.015944432018449,0.7318815800684593,0.745516093726512,0.9690567561516198,
20250514,0.9266304664132401,0.9285293911384916,0.9167684031329391,0.913072459089541,0.7524516848171544,1.0347674028568774,0.9208534183805402,1.0159625053568209,0.9361284026279106,0.7717636228035073,0.9052882976541101,0.7834764252699596,,0.7906011922048232,0.989065534476068,0.9479114439266451,1.0132488507516868,0.7638880974632066,0.7862795555293026,0.9741114030414316,
20250515,0.9596162869181435,0.9719263043080016,0.9504050950400087,0.9634664459526097,0.8085827820536707,1.0896559126883198,0.9770072912691441,1.0462656572823992,0.9845612854074431,0.826462439330088,0.943607449987448,0.8375913737669896,,0.8413650323004024,1.0401273984377362,0.9612929490089298,1.012682125193532,0.8047372035461414,0.8386332578649333,0.9836282445707354,
20250516,0.9788043736927095,0.9956297933606479,0.953827854792827,1.0048002699776377,0.8812656585935547,1.0760719031894304,1.029026624803275,1.076007000408006,1.0386956186685319,0.8798677978613854,0.9832084098529698,0.8892990321371437,,0.8812435928470811,1.0764130300598058,0.9807763237401609,1.015799210437101,0.8483817194998561,0.8724379522337803,0.9979846490651596,
20250519,0.9876203742414085,1.0100434403802279,0.9426729679140644,1.0386989224081888,0.937880125033837,1.051401117401535,1.0722957546915817,1.1000833350257335,1.0752536343782253,0.924684493961035,1.0076853657407965,0.9330114209330347,,0.9326072873732426,1.1013465259650468,0.99717918671426,1.0159154195690998,0.8956968144188745,0.9160362406302301,1.0037546342902592,
20250520,0.9647511236161964,1.0169124052988558,0.9468320390036353,1.0570789371778684,0.9683468343655278,0.9906830247775209,1.0838805291814189,1.098850701512026,1.0982275880275274,0.9660353533201107,1.0415011572929413,0.9530696351335409,,0.959379262288864,1.1160494602021034,1.0122865739791431,1.0129358856067674,0.9248477228876305,0.9457788361949537,1.0314332465820828,
20250521,0.9403039232016064,1.0187903645490204,0.937957082202489,1.050731203061912,0.9958189208392608,0.9238680736842871,1.0911971032052812,1.0969102331379013,1.1153660061036235,0.9959217838335873,1.069546093939033,0.9837787038340541,,0.9690071668927704,1.130035172442202,1.0431643961673585,1.018794188298898,0.943058862802304,0.9570416633856091,1.056217455757038,
20250522,0.9416232289030129,1.031234197222349,0.9471553281938412,1.0199831731539495,1.0225607836468038,0.870588181178387,1.1017250589814742,1.09493042613079,1.1270474253104212,1.0222227990992472,1.0893811168125513,0.9980173845130402,,0.9825428231033072,1.1401601913933275,1.0684686652110278,1.0260779078239426,0.9616840081931148,0.975553469321348,1.061801781731305,
20250523,0.9241143550013888,1.0280570294584743,0.9415352805110591,0.9743215165197946,1.0641346102004678,0.82758604853682,1.1155289423449795,1.1145276402735613,1.1426158120674015,1.0481683993058766,1.1088902956003428,1.018121926054066,,0.9972740290016447,1.150465983964215,1.0823112859924837,1.038360867472539,0.9796853302959057,0.9928682933651442,1.0860475477981186,
20250526,0.9154504425324022,1.0208480921295149,0.9339553011979359,0.9313027129512209,1.0347758097244086,0.7973448996510555,1.111590477405163,1.1390409353350448,1.1509589453448241,1.0616196614289148,1.0888923356433957,1.0564796676207564,,0.9850254582333787,1.1503433610687166,1.1112891903995095,1.0856500420997401,0.9745867005676668,0.9906960107761602,1.0834004671218664,
20250527,0.9277497588223075,1.0185452867515934,0.9335772682243321,0.8969664258163716,1.0185586380034128,0.8110217075479652,1.0910678217759462,1.1660523298959269,1.1474269131653654,1.0810430104819428,1.0419585630236479,1.0828749074466835,,0.9752449412738498,1.14312077418011,1.1128522155725153,1.120452423533526,0.9690468436709736,0.9907587210376143,1.0753159224153517,
20250528,0.9270939502121559,1.0049129550732152,0.8599845447089126,0.8611447065529892,1.018449875352236,0.7999764884925269,0.9744704531856632,1.1074646484014758,1.0304597153619832,0.9865350576611956,0.9647436354526562,1.0827282163682836,,0.9209260980841099,1.0413386382928527,1.093424163456524,1.0541738833132441,0.8923391569436744,0.9564509155100347,1.0647925225911659,
20250529,0.9199708443487002,0.9761009599598893,0.8473448706626289,0.8086692057389578,1.0257248367112923,0.8271759142714632,0.907887268339592,1.0352397093895145,0.9568020620395685,0.9263870272584662,0.9329567679190017,1.061509340158752,,0.9165540483659402,0.9537044439501107,1.0845859038124397,1.0000341496743337,0.876354540348328,0.9533750064876277,1.0477039885606048,
20250530,0.9507961483419181,0.9811140616133087,0.8740813519787921,0.8074009172827608,1.0355756445855242,0.8786577480375493,0.8533878312615074,0.9636456412835187,0.8835689661685744,0.8764720899076531,0.9057973239534539,1.0718980518905625,,0.9249322581193482,0.8683832011940269,1.0544977635147457,0.9306689211358425,0.8739676916447505,0.9640011007225444,1.0300624414332415,
20250603,0.9851066028104787,0.9968551157208944,0.9201873616786536,0.8145698773571584,1.0392429238504246,0.9260515978741642,0.8096093722199703,0.89973953550065,0.8322721800800407,0.8349598961407603,0.8696255618685631,1.091585302709178,,0.9328777779229522,0.8115801613418806,1.0370562776116774,0.8752992640200935,0.871840974515006,0.9721084049311273,1.0096433744966562,
20250604,1.0233974568863198,1.0181202513016219,0.9631781423864509,0.824371019196096,1.0632245918256384,0.9757982312544375,0.8112782764739495,0.8944016158914598,0.82521184674758,0.7897922403150425,0.8361421066793571,1.1103631831829865,,0.9477834725407225,0.7992541386501355,1.0425946219303066,0.8855533488907537,0.8837339349597807,0.9827951185359125,0.9934593502051082,
20250605,1.05592395212113,1.0376799228857734,1.0041939661712191,0.8454834334894878,1.0828231848537264,1.0267525154685857,0.8146349207374334,0.8946239541813058,0.8215366010745974,0.7560113169637941,0.8099370575711187,1.1225528210435551,,0.9600075233571499,0.7888581337816344,1.047285722135491,0.8919504350528592,0.8935349716014653,0.989818937792693,0.9814481566601867,
20250606,1.0686695788631049,1.0315344548813095,1.027544307542091,0.8729780316488621,1.1023112112009992,1.067849319006979,0.8171074399279508,0.9031219513332972,0.8142897937684345,0.7277874974578012,0.7823649812097478,1.1302246776330551,,0.9650906288803837,0.7683173119985973,1.0638639481090273,0.9011009468464695,0.9018957496009489,0.9854812424441071,0.9766805429571427,
20250609,1.0889631164278157,1.0331945512406964,1.0529628639202009,0.9114841174832102,1.1171734268761526,1.1036187327063163,0.8080601908977453,0.902278706599027,0.7950502261382271,0.7049693331892372,0.7756718303563552,1.108996749482704,,0.9702387598791888,0.7428020404025273,1.0767207403422219,0.8950617620983551,0.9088087150656625,0.982173784125991,0.9545381261290963,
20250610,1.1074011451576924,1.0368396536587872,1.0774358474250196,0.9476087929706118,1.1518608855488905,1.1363282846107279,0.8144406347500566,0.901995210028968,0.7844796168868146,0.6996943734437864,0.797476717968021,1.0907175061806234,,0.9928626702584418,0.7295859896730913,1.082750856849617,0.8936823985129039,0.9304181697775752,0.9949176488002215,0.9447556787652347,
20250611,1.1062259449471101,1.0400946704691263,1.0952154075729204,0.9778479771157229,1.1775082770298024,1.1286381071389544,0.8082153485870878,0.8859616449325448,0.7707034015594004,0.7032438106843335,0.8317324545948781,1.078892634899589,,1.0128830358164598,0.7092909791053905,1.0921124017921007,0.8875617096154022,0.9525031366687118,1.0062327929478565,0.9395547492593491,
20250612,1.1130883408204733,1.0438176778763826,1.1216954020533727,1.015482617240434,1.142502619730335,1.1342906642004624,0.8323189747527427,0.9013404625842673,0.8009415259735121,0.7564251825319506,0.862313353264435,1.077002127410603,,1.0464473163617862,0.7234874994328672,1.1066921251537143,0.930609080142473,1.001680106985307,1.023873393822155,0.938319696922088,
20250613,1.1395771795060876,1.072467266710559,1.1423205339444662,1.0712661342631327,1.119073330392699,1.0517458039719139,0.8691105194708414,0.9182877328638751,0.85186997476594,0.8218205221244367,0.8920408473519151,1.1146251286153737,,1.0550698915153276,0.7982215320775281,1.1086377620501344,0.9692290145726371,1.0355491717158463,1.0302717336551555,0.9313418619154916,
20250616,1.1012522691027065,1.0456435578959409,1.0969365017501642,1.063695562103627,1.0454952540771747,0.9760255236041243,0.8718997041487229,0.9495633766297269,0.8801947600965471,0.8770240497237404,0.9113058263617019,1.0950185325326265,,1.0356230908358655,0.8591630671678824,1.1212889433844553,1.020344652734153,1.033745251216043,1.0071347706325253,0.9350081180262916,
20250617,1.0790735521285788,1.0337046279979494,1.0747733657588858,1.0642795813645303,0.9886586777826591,0.8940597076360179,0.880943166142803,0.9770931488456256,0.9085517042662227,0.9085180826769433,0.9233065899676107,1.0784754726302233,,1.0027281857210517,0.9188822312764171,1.1137600791278268,1.06118001542836,1.021895329110028,0.9737694224754275,0.8966965894776515,
20250618,1.0580955810427766,1.0294748593723226,1.0609234039855264,1.065665661702822,0.9347424328122464,0.8271430155838398,0.8821473340585219,0.9697481417001196,0.9294174348426234,0.9437940250460621,0.9482740385639826,1.0699432523764754,,0.9905241984861977,0.9651265009283829,1.073113529637848,1.0337007132127205,1.018094233924507,0.9652241491910485,0.8787376868161767,
20250619,1.0386356974016882,1.011793108024319,1.0395804755331834,1.0581377796161737,0.8842417127768217,0.7747583730143709,0.8723670731436592,0.904821140655829,0.9214251872174298,0.966896851318258,0.96470776340691,1.0576005009734282,,0.9764537017800401,0.9909869225288415,1.0220013820514173,1.003962212144947,0.9993054421491685,0.9538730136614518,0.8519882982519197,
20250620,1.033351684868455,1.0179810790659627,1.0381714491297065,1.053826937398154,0.8488172549230464,0.780161233906134,0.888931723129607,0.847116796692908,0.9389700614272205,0.9887332925865231,0.9894521638911307,1.0509528558736922,,0.9750943854469626,1.0275279716425716,0.9384530798612865,0.9738160074575173,0.9936437332678115,0.9584361244152206,0.8383950916225194,
20250623,1.0296634665311664,1.0253248005412623,1.030980710985617,1.052000225212039,0.8219526494384157,0.8130517580669827,0.912154582174645,0.8078694787147902,0.9624528912636098,1.005653332850829,1.0099735686118572,1.0657422651256976,,0.9570146436657913,1.0728723478842128,0.8688625890708904,0.9575699045022092,0.9798498204240786,0.947978580053249,0.8381211730394268,
20250624,1.0789125331550775,1.0766094480631374,1.0783826322024028,1.103806794245776,0.81597624080104,0.8563234945206117,0.9749284515029708,0.7966143870481766,1.0313129940960384,1.0624139088749482,1.0507419094799328,1.1115191500688517,,0.9968480061409621,1.1296201384366902,0.8088429159033238,0.9426711314852552,1.0169013632357353,0.9936912785426109,0.8384766573053262,
20250625,1.1233852570711984,1.119679929775645,1.117834550330108,1.1445986484836375,0.811870217191386,0.9036032084500073,1.0344061366159063,0.7990821590716669,1.0906912929419794,1.1090402078585482,1.085409442835573,1.150191103011321,,1.0293900272138352,1.1782649003040826,0.7607955296888278,0.9382242469988187,1.0479109170100478,1.0316997421223602,0.8401546864204469,
20250626,1.1545451462878122,1.1514049995839637,1.1473648888448278,1.1720404438467251,0.8286045547476454,0.9440855591406742,1.0864191429418537,0.8043784281892539,1.1394447028647754,1.1515473061790544,1.1180518673331001,1.1814822768397917,,1.0606051787852981,1.218390044878434,0.6994875921824646,0.91470403880208,1.0793513576169826,1.0686810947924135,0.83982563835038,
20250627,1.1393057678768228,1.1492766093828606,1.1467678388680378,1.1719075025969359,0.8204863888258286,1.0115310026828057,1.1013766635934445,0.8131992082373983,1.1522451127473456,1.1651425391910482,1.1110307781204785,1.1585597978896578,,1.0713232041005776,1.215394484555138,0.6467542764579929,0.8788812494459892,1.081768648798129,1.0822800279836202,0.8119256163503824,
20250630,1.1302202461859754,1.1512619979989225,1.1539328241182272,1.1767034870228907,0.8487041927873497,1.0684112225667162,1.1084706408496074,0.825559933841736,1.1617420280953634,1.169914618111925,1.1076442933911381,1.1472364949070772,,1.0913373848612442,1.1859152210772295,0.623398801658409,0.849286137672018,1.0944216887059224,1.1051397147981816,0.7889659432655157,
20250701,1.124473561302435,1.1565239783137253,1.1627420544221387,1.182581290016133,0.873064347431554,1.1200616621503823,1.1132404927801864,0.8483627518268674,1.1684061624609603,1.1737346545306142,1.1056903679077004,1.1403362533351336,,1.1138317705341254,1.1624004043892346,0.6470029077517514,0.8258211311562226,1.1080395736993842,1.128705615862012,0.8163094748006658,
20250702,1.1051235466703335,1.1315212122712097,1.1520601992510109,1.1787209491402584,0.8931770539332361,1.1638678887108411,1.1032088963340503,0.8953087708466095,1.1584121225663395,1.159360631530912,1.0707515894754345,1.1058065072631387,,1.104072491549329,1.1270036366253489,0.748137023186255,0.864226304732266,1.0961182292187246,1.116794641771083,0.8358779264496294,
20250703,1.0882559015628117,1.1007642639017714,1.1391620625494372,1.1699189020940275,0.9154502316488371,1.197938364488547,1.0883005851308103,0.9605804731053169,1.1389771668634103,1.1227926926122331,1.0390742479449608,1.0698553689992651,,1.082268079304385,1.094312557605167,0.841541223963821,0.9139285519495719,1.0672599360882356,1.0947835129544221,0.8622919068944954,
20250704,1.073078469933506,1.0752755077409395,1.1297472529046526,1.1608256212356705,0.927155912782439,1.1984526354850575,1.0745896518833997,1.0185482863580857,1.1239102390093427,1.0933679457806296,1.0168632341066308,1.0342527383215754,,1.0629241521947908,1.0664166839828988,0.9341049673249028,0.9579837849072964,1.0378342940911602,1.0751933512194103,0.8427525930646013,
20250707,1.0565528603418008,1.049319643032094,1.1166795583114641,1.1457053169442872,0.9369080718103278,1.1365488117575755,1.0573851778107188,1.067103666735713,1.1065371769623193,1.069688700868426,1.003015105006026,1.0077250745956658,,1.0444239040213217,1.0425542767320195,1.0111149074324062,0.9961065798053409,1.015287444811448,1.0571683149914806,0.8346982163300234,
20250708,0.9112581771178304,0.9207363877402059,0.9544184278912606,0.9765353596852493,0.8977457234467174,1.0310729604595514,0.9352350628554621,1.0922111801235084,0.9681507751186004,0.9278923118989081,0.8773982582045952,0.8748951116072169,0.0,0.9072514039073566,0.9231354296373058,1.0757829026018542,1.0232268882343356,0.9129727255196713,0.9205347450566082,0.8303424404619462,
20250709,0.7838581830286149,0.8130366098377756,0.8244132778924658,0.8496438013500636,0.8630330282278273,0.9252007685259445,0.8388656260905589,1.1165855905103035,0.8630419170448599,0.816998549121871,0.7745725154146345,0.7670839988125077,0.0,0.793695483936674,0.8230434450308457,1.1288926030167992,1.0459592994713431,0.8313935214762939,0.8113762244656803,0.8325032111530389,
20250710,0.6804044223998414,0.7205882679476241,0.7169972560405101,0.7440244492000933,0.8620329708043559,0.8645017221647261,0.7681358984997153,1.1395025996833568,0.7807727644379816,0.7367168105694678,0.7255840933049088,0.6738719985892284,0.0,0.7045803278970334,0.7409332827224141,1.179812265120508,1.0823275902397445,0.7584267621945229,0.7260135451830757,0.8489467747010141,
20250711,0.6216921424423565,0.6597483506489648,0.64519937823405,0.6718280489426383,0.8774333812928489,0.8152773845979129,0.7278202777458757,1.1611896638783665,0.7329729783753854,0.6769516384375219,0.713738473465005,0.6235552823737597,0.0,0.647341029794697,0.6867359200126225,1.2229814495327096,1.1200809342826104,0.7178848545399557,0.6790127534689576,0.8946639853006627,
20250714,0.5776469435446774,0.6140316463901238,0.5972938436423575,0.6246148489155293,0.8855731083837566,0.7664771937002758,0.6904724529099562,1.1735942956335197,0.6889429202218068,0.6457879157347123,0.7051744896140512,0.5891501359425552,0.0,0.6084163009338142,0.6595168050697493,1.251101967977103,1.1477045679662516,0.691681055823744,0.6495664785219205,0.924203361299163,
20250715,0.5644677027669038,0.5854408803122698,0.5767471487987474,0.5966026812036561,0.889813754167013,0.7106194472607632,0.677301515643843,1.1657631275848366,0.6639928443678471,0.6335644332098543,0.7193577634025237,0.5805482952551491,0.0,0.5820736014529392,0.63890762168141,1.2636206093298625,1.1733346466634582,0.6725024889242258,0.6353113436696876,0.9568776732626167,
20250716,0.5672148653310108,0.5699879294751747,0.5658453757713247,0.5760976422618963,0.8977910277906725,0.6690378201180579,0.6673871780046021,1.128200626533075,0.6455724321105735,0.629967582482454,0.7467165401854754,0.5858929703233485,0.0,0.5739630778557693,0.6290156613936888,1.1932099569462897,1.1605876854285997,0.6635327535132276,0.6394559302389591,0.9965914811804477,
20250717,0.5661065806513751,0.5587099968021378,0.5610536765426409,0.559971165803804,0.8923379084312126,0.6350766628241448,0.6626589568647205,1.0967868312599791,0.6366321291381202,0.6326396322999147,0.7725533070189268,0.5950893276625331,0.0,0.5632952343451575,0.6217239655915964,1.1359193835024897,1.1371119967259085,0.6592518336581684,0.6450289756691497,1.0275814806713002,
20250718,0.5746525972525283,0.5542451910230591,0.5649751173192445,0.5469173417380486,0.8905922274702296,0.6068809216388117,0.6602648710286844,1.0717961965263518,0.6290261799718144,0.6328300171032946,0.7923272093057085,0.6019145542590232,0.0,0.5505784649509092,0.614006952345702,1.0858421699389587,1.116364168699779,0.6489142967427062,0.643458380670022,1.071026250431668,
20250721,0.5820113207756892,0.5541385113921168,0.5732677582732553,0.5348387516386666,0.879796173067872,0.6031570469186076,0.6755333911203835,1.0867953465425892,0.6511490758561561,0.6339152114096026,0.820964902435391,0.6148944873172071,0.0,0.5456500900165473,0.6325354162812692,1.0832072368762495,1.1265410478181845,0.65221046880109,0.644268249402289,1.1187928652576955,
20250722,0.7076732135771138,0.6587506763272096,0.7067912514838344,0.6799511490440949,0.8987830349121279,0.6374818287099858,0.7802458848995256,1.1079062550598715,0.7660259137904695,0.7182287685580945,0.9157114046219491,0.7369456899271648,0.2175650057329176,0.650193546188318,0.7338198627620613,1.084996128543994,1.1429051921456146,0.7279830331790833,0.7472522987550968,1.158359974189784,0.0
20250723,0.8203488358377518,0.738462297042161,0.8076008575467389,0.7787007295280143,0.925928338318164,0.688012051331607,0.8744940598675699,1.1338029628273636,0.8666096455780371,0.797277461878996,0.997157487796075,0.8322772534683163,0.36816240899182445,0.7402783636748255,0.8318192681913245,1.0980007391900095,1.1664884048866828,0.7949562963518316,0.8347345200671198,1.1899708154777147,0.0
20250724,0.91362307596748,0.8118088667291142,0.894606587357717,0.8617456189946562,0.9090005526229087,0.6767325994917632,0.9513497200983225,1.1514466817543094,0.9503734067165507,0.8645144999020891,1.0294593840767414,0.9214716252387589,0.426431929492687,0.8215023653409392,0.9172615334592462,1.1093404148539414,1.183065061208576,0.868880669576666,0.9078624036923437,1.2099008723640259,0.0
20250725,0.9696183699308264,0.8590555709912846,0.9566556324994989,0.9230983343057252,0.9008114148369304,0.6786704899991387,1.006932096579771,1.1577616594532323,1.0061534596480766,0.9097629112563509,1.048121483415775,0.9793627911840406,0.49926157252944275,0.8648037810369503,0.9765388843622618,1.1163493952365517,1.1880104412192949,0.916982657954926,0.9320823950187851,1.2247078376483698,0.0
20250728,1.0194789832584747,0.8825977738551009,0.9792684516928148,0.9484726615294153,0.9626199513804317,0.7808557927515593,1.0688865234007219,1.18427032467569,1.0667758778486032,0.9793159022212895,1.079651134126098,1.0250362251594625,0.575377561859976,0.9414232247907198,1.047294881107725,1.1485348073031927,1.21667343275989,0.9764822861819705,0.9833919038172965,1.2352066968572986,0.0
20250729,1.014580744896927,0.9029961712030731,1.005301380743642,0.9828515505127251,1.0153191881431858,0.8722519284098417,1.1062921894987727,1.208830583520201,1.104893010955312,1.0242459255255936,1.0884832150812844,1.034989216017291,0.638984110725091,0.9910473682485688,1.104448093572978,1.174382648444165,1.2367887324489677,1.011975738926405,1.0037920323730436,1.2451427758532982,0.0
20250730,1.0049937735516328,0.9363287517155798,1.0328450482213696,1.0176976398388928,1.0590653106236219,0.9474812951684403,1.1381189645790617,1.2335481613881076,1.1385460734759185,1.0628077361955126,1.095922644478918,1.0440137402993421,0.6955651324989994,1.031158122980635,1.1504872063174023,1.208745206856607,1.2571048734688242,1.0411189752533767,1.0199481119454998,1.2403694858788883,0.0
20250731,1.0004305068155714,0.9634013768500059,1.0519526682008145,1.0477900318193996,1.0995645059032761,1.0106552366952128,1.167295629769528,1.2577157674024895,1.168693088615424,1.0973294964949227,1.1015572041002764,1.0532463593375228,0.7415143536252741,1.078120146054322,1.1893444869475103,1.2404796004601695,1.2793436848377735,1.0743993237672245,1.0433948301043725,1.243060613116421,0.0
20250801,0.9840949895774425,0.9752835431281068,1.0583655339443727,1.0679249179324473,1.1259356649006749,1.0599526054617547,1.1933322885272544,1.2772706677992423,1.1940818597289122,1.126722286095154,1.1070344098826346,1.0684379472234913,0.7838575003383379,1.1228848407704066,1.2219824802795312,1.2667122744537493,1.2975095202059326,1.116276078714556,1.072293818168722,1.2439670060954937,0.0
20250804,0.9874343556559879,0.9971095808488261,1.0702420726261292,1.1008722185023943,1.1482780584755239,1.09128484805906,1.2068236159939287,1.2626189181206764,1.1974704403616878,1.1445421917944572,1.0835752845323416,1.0751761727484803,0.8150036016677529,1.1540832180446348,1.2385923244330266,1.260251733860942,1.287751469507349,1.1402068660418887,1.0912738361574417,1.200165150833079,0.0
20250805,0.9926668219933447,1.0109773686315355,1.0833346797290966,1.1195480118531567,1.1648542155616621,1.1100595307551921,1.2041333258553981,1.2308444858726815,1.1771447440910303,1.1526829901135156,1.0606119897292563,1.0701798893995886,0.8420799687646615,1.1772896115449702,1.241600008025119,1.2313218369680792,1.2516554200343704,1.1528182964448643,1.1044575634087317,1.1079275992552602,0.2175650057329176
20250806,0.9879032926915325,1.0307576033371957,1.095865655847269,1.1415117926712817,1.1794320550962956,1.1184416508972141,1.1869218333572236,1.1993344005339008,1.143756063008788,1.1609381586138219,1.0395541616744994,1.0697387029882621,0.8673446373035192,1.200192254607268,1.23463291000088,1.2075309462258252,1.2195342850033783,1.1648690034699862,1.1197663564179212,1.0356695279978902,0.3893405143045544
20250807,0.9840009505564343,1.0443651961514557,1.104342916226687,1.1588969685682207,1.1951266478906926,1.13552770275306,1.1475370008353107,1.165934920288074,1.076750278317767,1.1554029250569327,1.0354433690378533,1.0440045451450226,0.9231471715114621,1.2001842174732371,1.1983304915923578,1.149029820261605,1.1670186040864878,1.146323500211453,1.1172736460194883,0.9691267927941607,0.5245614685196408
20250808,0.9835939455718005,1.0611899085276881,1.1146781677010977,1.1733964680081637,1.1762297459729782,1.1253117409410875,1.0933085757502614,1.1086925757209465,1.0070571837854707,1.1194312120623677,0.9967530952669693,1.0140455186294424,0.8987311092566241,1.1628009153978016,1.1549728694271555,1.0764106430800409,1.1122582278012048,1.094557779517375,1.0923654217877,0.9332192776299292,0.6008062713235719
20250811,0.9772203001917448,1.081249013717848,1.1260502736123101,1.1872316447572095,1.1242845707083273,1.0692731074719743,0.9994333845135526,1.007021068780664,0.9101819227145006,1.024443176455283,0.8779863129484861,1.0007685708527725,0.8194778689424614,1.0909136395235735,1.0100334606978174,0.9627977060940386,1.0039523249838256,1.0190448595892951,1.0435832202611948,0.9198881886952156,0.6390095073047835
20250812,0.9640490855280438,1.0861976788057077,1.1015898465093554,1.180201476344893,1.0839738071959257,1.0244460573994587,0.9110143836375444,0.9227752730510673,0.8220285484577502,0.9406800407088238,0.805316258709667,0.9913086128505575,0.7451861510214607,1.032482700656867,0.8703519736768915,0.8704357463571353,0.9454572525617931,0.9639571375752773,1.00965608988386,0.8915338246605968,0.6780835445740233
20250813,0.9280727559859039,1.0353860722321921,1.0429086128985792,1.1568890728720962,1.0507330136900717,0.9884299654825447,0.8382481337789425,0.8537833995520634,0.7501694255183022,0.8757659709732903,0.7453678110749572,0.9737258300773621,0.6831012041392011,0.9795208338276473,0.7572619166860282,0.7933316418286561,0.899705309851756,0.9177992081766683,0.9754429511478929,0.8704556042334896,0.7147982849257262
20250814,0.897942562838106,0.981748530622495,0.9964601212223858,1.131193322504955,0.9853883941966146,0.9148703752300508,0.7776823851375317,0.7713032283929118,0.6887633025564606,0.8229062486070027,0.6971234366635963,0.959442298129115,0.6461251955429036,0.9369212856581809,0.6917139177046507,0.6898206751858971,0.832536280188421,0.8900400689467992,0.9531795863477575,0.8583794060697989,0.7474276101622255
20250815,0.8870575072268172,0.9593623592475072,0.9675268656412865,1.1119350495107343,0.912081354450552,0.837639693153952,0.72377877354412,0.7037968713241723,0.6362103583601807,0.7794861432397584,0.6558601282858213,0.9509979455383623,0.6156420863903445,0.9063085455605718,0.6412476490129081,0.6036836335248624,0.7783414566658958,0.8588557202017895,0.9319139882558027,0.85027033606834,0.7293498501956626
20250818,0.8497756919380807,0.9147295588017372,0.9236975138149821,1.0381656709804206,0.8585704851109492,0.7938220388724243,0.6754486124838032,0.6594433192568665,0.6059769316644832,0.7472945597112517,0.6339548052697318,0.9227388527922378,0.5937681993431029,0.8772926824824554,0.6038611242413254,0.5358561209320446,0.7434743875895401,0.8442605947439116,0.91681588036677,0.8660142627567735,0.7335981638633282
20250819,0.8175554912181624,0.8790623920995668,0.8876460655659097,0.9735263643801414,0.8096475829852194,0.7856123925537946,0.6243445578415879,0.61626891326799,0.5866116729002498,0.7343964678064868,0.6183568157947384,0.8867268504293832,0.5756058722788189,0.85318736049235,0.5731761773158118,0.48673118159056006,0.7303877645191353,0.8339370751165838,0.9031606244187318,0.9153316762232618,0.7386223506395876
20250820,0.800821609400507,0.8499975252702898,0.8584873974390809,0.917962118782689,0.7843241501559685,0.7863936668800913,0.605758475579326,0.5832252333610792,0.6023975538382293,0.7420968191075878,0.6143645095021875,0.8710578634108382,0.5641006966524782,0.8311209145966397,0.5747078490141238,0.4573282206348158,0.7347669749978006,0.8342181996288524,0.8912481176366994,0.948456519826306,0.7603246669433892
20250821,0.7999815318367165,0.8485279063021026,0.8448601824572533,0.8763002878392849,0.7682507249236956,0.7854385851033882,0.610057539710413,0.5606971965645334,0.6410664059123976,0.7516645079924348,0.612038518542719,0.8586280366481359,0.555176625198195,0.8267104363474956,0.5916140059560316,0.44692519930671015,0.7527702303138839,0.8533188608639817,0.8901958503749436,0.9372869398227097,0.7833466697279242
20250822,0.7921448803240643,0.813588899881508,0.7969701881004747,0.814301638850783,0.7703270334923339,0.7939025501535205,0.6241144427254286,0.5518397367671493,0.6832759049047542,0.7696282828815495,0.6301188221637387,0.8120879006446134,0.5692858302365414,0.8334515115030124,0.6158223335988153,0.45609817903753497,0.7699179321148871,0.8770725567304292,0.8912018847246028,0.92940044907735,0.8076275653862606
20250825,0.8198604031507244,0.788024450547885,0.7660653885617886,0.7777176240708734,0.8022021843952564,0.8212098979339709,0.6850149788944355,0.5915909412628787,0.7601594054116675,0.8376575938882721,0.7360216307526449,0.7884945889759948,0.6292344455968687,0.8727555691750206,0.7286388307674139,0.5212731794451746,0.8365814347393005,0.9276795605469628,0.91894083675893,0.9279429091034537,0.8393451829934949
20250826,0.8536743034319721,0.7647055052458882,0.7476313200222499,0.7477800658851634,0.8258616244021313,0.8479349685967629,0.7517968012131707,0.6152821269999558,0.8367376940754101,0.9017211383537062,0.8074309028568364,0.7775973756013553,0.7025606419171937,0.9063943160997305,0.8367786625159862,0.580669247064515,0.8293235361825324,0.9685074767737053,0.9415094097336484,0.9425797162790712,0.8621993424711171
20250827,0.8929541010183641,0.8221543442604693,0.7490488466947471,0.762317709354209,0.8477369103024659,0.8506019919576604,0.8144371044960123,0.6402064608409124,0.8997299302865612,0.9466685678829435,0.8750153539819481,0.7820876157451078,0.771113388939863,0.9355846363150558,0.9242989828882832,0.6194167702215415,0.8192735373211835,1.0069351492778131,0.9565963716253207,0.9507118686338571,0.8829017869172513
20250828,0.9139216059882674,0.8666926837938258,0.7481335888899121,0.7773752455567134,0.8896987691861928,0.8568476883794636,0.856821755497474,0.6876714977663738,0.9524729085568177,0.9700690553557653,0.9262601512778575,0.7922873291755067,0.7928174777042051,0.9428954679729558,0.9662646851796708,0.7186590553743973,0.8249675230319718,1.0184605639539077,0.9395446521876458,0.9587315143275394,0.9001903927062807
20250829,0.9273379053313041,0.9004244146107472,0.7470103348203024,0.786213328139165,0.9173718880793105,0.8784325367215304,0.9157737782383334,0.7281835003266154,1.0018185489018732,0.9894587272804337,0.9744006558381203,0.8033200275138338,0.8197337346631068,0.9515216377734944,0.9932254682833498,0.8034770393807709,0.8297241654642674,1.0427622453706369,0.9357121423030476,0.9676611076499335,0.945916191867665
20250901,0.9549021240322966,0.9464397668724182,0.7803962666774059,0.8348047296096747,0.938103983421492,0.9045292767601777,0.9699110580245415,0.7571593788318155,1.0347866828149086,1.0137844278721462,1.0147527489097632,0.8345403937755934,0.8422898724227014,0.9632130766143161,1.0168745238873909,0.8913374521467015,0.8346939917913128,1.0543264188641066,0.928730525819535,0.9837108018009226,0.9715387946208353
20250902,0.9583952366199933,0.9863868151689009,0.8328996699896833,0.8700032326744678,0.9607827255857473,0.905165135500522,1.0267401135575727,0.7890857479064507,1.0624242493515375,1.050031044405931,1.0463120546248619,0.8702787228031034,0.8720541360188911,0.9738021348427197,1.0408837703317677,0.9615369702103557,0.8376711349606739,1.0635039002511644,0.9274022787287944,0.9901835156097164,0.9753849041547427
20250903,0.9654260791000461,1.017423459684754,0.8845666103517484,0.9004428982015565,0.9553099095084101,0.9028455482816509,1.0504176069808684,0.813324237074261,1.047046935086419,1.0439641436995912,1.0818382676751175,0.8785975645594564,0.9269239188738921,0.974770054389258,1.0262524585793507,0.9947594401875997,0.8030349573911099,1.049367222840095,0.9145390729699021,0.9892959456464003,0.9503239212463558
20250904,1.009059890448427,1.0449991546506658,0.9412698990307415,0.9702865979649367,0.9514328965396212,0.9056159629363618,1.0402884911493937,0.8347197661889589,1.0345000283173684,1.049094332332468,1.1087156294991398,0.8927203088024174,0.9699582290834593,0.919417465454722,1.0135090743197583,1.0209514522236658,0.7754123344800681,0.9626493125952839,0.8747001999417916,0.9911422628742212,0.9162579170013951
20250905,1.0530515688816704,1.0815077794150945,1.0001077146016646,1.0387273218395447,0.9623541470731746,0.9078933050515855,1.0416124231994772,0.8641074287075022,1.0347648571900065,1.0529812627103203,1.1276235748057324,0.9265947433687146,1.0284784437658314,0.8787870224937473,1.0137086242892746,1.0543356238724912,0.7586683547000166,0.8933435314548498,0.8509522232351829,0.9737693191190769,0.8991061128291697
20250908,1.050840833943478,1.1176515389538537,1.042605486407834,1.0876059303605845,0.958353221370113,0.9171354292712732,1.0101657197830025,0.8711300773030977,1.0108718213839043,1.0393308894178732,1.1423234820204098,0.9439622382880999,1.078765851108517,0.8570745001480607,1.0073270238667422,1.076747646613718,0.741415975314555,0.8516101410828543,0.846117147515851,0.963905855937642,0.8826660188417952
20250909,1.0470843311803233,1.15069562621939,1.0827551062791034,1.1294763570625188,0.9788543583450247,0.9120023950315531,0.9859406929101475,0.885062984751339,0.9867470611725754,1.0303422752956348,1.159224238406139,0.9626940253576542,1.1189837396226179,0.8345833624060786,0.9866477806910708,1.0903602643891146,0.7510241158552131,0.8048476487654481,0.837315096247106,0.9540743045750475,0.867951720363866
20250910,1.031701586146434,1.1246221540054908,1.1157237489202312,1.147694972045,0.9899405112557456,0.8905437652205227,0.9611762629993371,0.8778551995555288,0.962536225492948,1.0260034409568133,1.162709171514256,0.9876291266440066,1.1483320310032017,0.8215550705312089,0.9536947432985062,1.1106300984101345,0.7634951236078424,0.7696524571442606,0.8421730013638181,0.9496059281148644,0.8506873198785386
20250911,1.0260090557419252,1.1062772634968756,1.140610357056644,1.1509736294418738,0.9948056188359395,0.8757862523903713,0.9443448177001047,0.8881123536448294,0.9433069103924531,1.0276943733472785,1.1692299377616517,1.0078777165912483,1.1814862813449836,0.8168877032335118,0.9548363399472547,1.1276376908218626,0.7792053686984318,0.746198871132414,0.8585000050742713,0.9578624197184078,0.8360435889147346
20250912,1.040705250309005,1.1087686369046206,1.1567824617156843,1.164913610190463,1.0114160216228432,0.8674612178550968,0.8821199335175369,0.8806871061020201,0.8966588659184408,1.0237608136620524,1.165799142549546,1.0274895680896399,1.2039895482363863,0.8248991336987536,0.9580390733842279,1.1416613355064675,0.7844996476324098,0.734059409921649,0.8811167641644891,0.9669613459908344,0.7860264441288198
20250915,1.0730595325181373,1.1213259406711165,1.191377816503592,1.1707257371907598,1.0310536865554913,0.8814100317261757,0.8851492626124953,0.8918826289394961,0.9059366201670689,1.0256692570558548,1.153492738401134,1.050425148872789,1.2160683914713906,0.8454301603936342,0.9508930253668957,1.1031278050188755,0.7637240922753158,0.735852307328042,0.9151609747392613,0.9330037569840163,0.7580047412552569
20250916,1.0991163617433397,1.1266649871617633,1.1939290423413238,1.1745322689376234,1.047585492860538,0.9074743396683307,0.8872786969699857,0.9159873516500042,0.9097219705049856,0.9513648155932701,1.1234228279909606,1.0783752687732089,1.1906346381091903,0.8661271891862335,0.9485889679693902,1.0730556056487033,0.7643637878347429,0.7408597464277864,0.9427174566035842,0.8859349714421015,0.734646539158465
20250917,1.1245126801427816,1.1320814297877455,1.200508578745027,1.184256012647628,1.074601689633431,0.9383182863185927,0.8981413036694013,0.9309711938467512,0.9258332315356417,0.9194684001730558,1.0841665156209164,1.11079348585945,1.1554872469668003,0.8930771854471808,0.9599921256032151,1.0645445112287921,0.8016822225901956,0.7650887313805107,0.9743734342869267,0.8393292467133763,0.7331411073574201
20250918,1.113239632103839,1.1213356005320434,1.184027996844728,1.143804862116634,1.0999377380131112,0.9665103700794249,0.9329725002834243,0.9649519365314838,0.9634289420719383,0.8817405954787249,1.0556860747101735,1.1330736340279635,1.132767345986486,0.90645013285722,0.9819993146214507,1.073734023103332,0.8555400269066107,0.7958399454450525,0.9835202008200536,0.8099095211806032,0.7609549970573788
20250919,1.1069951134036238,1.1160810926100766,1.1706585772979714,1.111701848920112,1.063762824555462,0.9894050839064296,0.9564250014600885,0.9879134456724772,0.9866906094306038,0.8504598740176457,1.0128748809261132,1.1535030937980086,1.0807271121709314,0.9418098310342374,0.9588039648359186,1.031241836627406,0.8888561920019965,0.8448340708917295,1.0031876498231052,0.8238441433493917,0.8016706212755822
20250922,1.1162404010718987,1.1006234084292579,1.1617919595365531,1.0893383616427201,1.0566933267072334,1.0043956602701134,0.9955477713876353,1.0072067404219847,1.0256034534850789,0.8369840029568155,0.982922028947133,1.1694790167006204,1.0399356547692191,0.9643362609574784,0.9463169996005871,0.999551594471977,0.9277515597228939,0.8765156627157511,1.0049063600235135,0.8382585041926733,0.8585196048302302
20250923,1.1266490249185284,1.0883902688854736,1.1560896983661624,1.0722699257829877,1.021408218563702,1.001963588909816,1.0278155611043274,1.026497502891787,1.0609976342985008,0.8259269817308843,0.963697401995992,1.1798510325936002,1.015512267090342,0.9882168463838071,0.9445741447365884,0.9771844504387556,0.9694777462908526,0.9122410983177963,1.0134812931691242,0.8754436476554711,0.9095342558986008
20250924,1.1541224155729648,1.1043336864415079,1.155501932958265,1.0592669104555832,0.9983245964050114,1.019096725812308,1.0629918544725183,1.0539786239588949,1.097955193287306,0.8291138322701583,0.9610926223619358,1.166353562533195,1.0021251919429526,1.0248834505367226,0.9478867870889989,0.9865491885747861,1.0118691215738371,0.9506362418077126,1.0224678355886323,0.9054599547235065,0.9612513438423481
20250925,1.1761538547424313,1.120585906624286,1.156675641041106,1.0642780984347373,0.9857286127345269,1.0312501761375275,1.0919543361835662,1.0690742938609354,1.1296774673315273,0.8332790581740859,0.9597997233939672,1.1577551903761782,0.9882758047910891,1.0617442733134166,0.9441341056855744,0.9977773055395552,1.0461599519313425,0.9971645636418885,1.041133132506551,0.9279773040778654,1.0063412015751447
20250926,1.1486847227076873,1.1009670227444526,1.1095393851838569,0.9928671903713367,0.975880310739931,1.0447842612603169,1.129038132251709,1.0962605587188192,1.1640271555083597,0.8378423442643814,0.9578506152407539,1.154710729530249,0.9709974768548101,1.0855857206157482,0.9422474993072023,1.0102700221425744,1.0830352553529101,1.03446288051786,1.0468883446133281,0.9422171189055079,1.0568181301029325
20250929,1.102073995494644,1.0592812709368074,1.0382479400632325,0.9338012798269203,0.9427733755392417,1.063786661400035,1.115528057653651,1.0989633814853876,1.1530890833216476,0.8393837622794654,0.9432840323137635,1.1193656635034448,0.9399532974720124,1.1009910010550008,0.9358733666515818,1.0400606485852442,1.1161395714574083,1.064061291981188,1.0453474414299555,0.9750559891159151,1.0875018506048117
20250930,1.0769012199516337,1.0394070947967935,1.0115996792308348,0.9027306674939526,0.927709589428258,1.0735828012787958,1.1066294321432004,1.0878495668731436,1.1499330528398857,0.8946186367580856,0.9165795448502743,1.0860949376819262,0.9139713494098831,1.1172904162979247,0.9372022721988973,1.051268436656056,1.1094600682226663,1.0934984985160399,1.0525423576492223,1.0203303169843618,1.112257956527803
20251009,1.0554869957709572,1.0184431236655747,0.982732053424655,0.879834129836516,0.9573319220758659,1.0817964052721305,1.1071732001101613,1.0778312656968168,1.15612164743082,0.9245559211867964,0.9094784918780082,1.077813788577344,0.9036116012904256,1.1246057632659057,0.9543660173871701,1.061898684650046,1.1051448002858157,1.107199163055175,1.0574223528529498,1.0652808232507174,1.1309584110377318
20251010,1.0546360681946465,1.0085038765163088,0.9710881519047317,0.8921641018969476,0.9644717631375915,1.089239667265363,1.0951407940218065,1.0619990070953287,1.1531257594289184,0.9698450780561014,0.9009964572183258,1.0742652770250398,0.8898132403991218,1.1437043071353796,0.9620487920842837,1.060594743144285,1.0902158126366437,1.1297435659222612,1.0736846339098522,1.1054594870927872,1.1482413535664333
20251013,1.0568720542863097,1.0012264304410667,0.9670288251885164,0.9026542577808024,1.0080059511337738,1.1126493544671086,1.0929299098395013,1.0353496777570408,1.154204457052038,1.0134259099068381,0.913286282271562,1.076298973964988,0.9040476771100202,1.1452121417672114,1.0007428009228938,1.0863421287113284,1.083516612144073,1.135931807914805,1.0757218511021738,1.0973969072905405,1.1632850895774078
20251014,1.0600126598483828,1.002895435801082,0.9639350079909118,0.910891825510845,1.0382574944383636,1.1343497273527057,1.0951101305705093,1.0117068721562348,1.1604824699314047,1.052564089910703,0.9399944681706535,1.0783142174385318,0.9231485685539221,1.1560284952076605,1.05281168528789,1.1121506213862729,1.0683751929530485,1.1497650791620264,1.089655547582197,1.0888219955959333,1.1769843093111978
20251015,1.0611914910217228,0.998996141060752,0.96204607251231,0.9154051843148012,1.0750355420256317,1.1596340835335142,1.0976676003730772,0.9918185661308528,1.167047088546547,1.0857259085873314,0.9628961922023883,1.0836985662305059,0.9379600437677418,1.1633794538094155,1.0982558539824077,1.1323064266182215,1.0513457039128502,1.1608989077179608,1.096969360548703,1.0589929685884563,1.190233097417869
20251016,0.9940039417852706,0.9690131465858568,0.9464200209841828,0.9187594392731396,1.1005571988571832,1.1723346583949659,1.08338862488748,0.9652490380604952,1.160548455302961,1.107282647600869,0.9742239090682845,1.108873726661321,0.959687269085588,1.1353559110922748,1.1366062446103502,1.0943691106920923,0.976131518097358,1.160858612130373,1.0940012620814739,1.0345982888709366,1.1936898946428074
20251017,0.9341933902611155,0.9126955510876535,0.906622245535348,0.8816020924161306,1.121418644553384,1.1784896629642736,1.0527202084118414,0.9354460372308783,1.1408416469142153,1.1238959009286915,0.9789244138177989,1.1313613066958672,0.9743788864408198,1.0764791601679822,1.1716722491054539,1.0409085272880607,0.9121754547634326,1.1157889471407323,1.0658363075376636,1.0478594026276127,1.1880810677039857
20251020,0.8863630069877918,0.873793826706949,0.8739864275080522,0.8772052602268912,1.1427255330588215,1.1883848381242035,1.034103621448503,0.9214064210368843,1.129885569843746,1.1412057799327981,0.9811925091755043,1.1480188624471812,0.9905556009198578,1.030218314880504,1.1998567654624357,0.9998488314421746,0.8691149747015268,1.0798384832236487,1.0443198014804054,1.068189233045737,1.1921991967813579
20251021,0.8629234098087175,0.8606078415834646,0.8587160838357103,0.8776618025497237,1.1747051717648407,1.1283039514210866,1.0278047762909899,0.9212290890454273,1.1369139528558667,1.1545930268950761,1.010590285212475,1.1712982953128797,1.0228566311428164,1.007125418258758,1.226555099140966,0.9733874681585171,0.8359954546243943,1.0621115387948572,1.0447092119799692,1.0864793141194617,1.2017722980676158
20251022,0.8670425941777149,0.8789203253788719,0.881642298377814,0.9368769914384025,1.1778300116937421,1.0698613443403813,1.051756427846525,0.9245898311995582,1.152667612789113,1.1792248061092065,1.0574461878935713,1.1893081932987015,1.0701802385397896,1.009356878810608,1.244493359175851,0.9665305419842013,0.8210678313828967,1.0576361581548601,1.0554892741779769,1.098965936431711,1.220772311927073
20251023,0.8950584393353795,0.9146148639296088,0.9229685938763639,0.977239098121883,1.1455059337483118,1.0101091082227613,1.0665325582145468,0.8776111314809354,1.1412741892970666,1.2008424557453536,1.0960125459494208,1.122990037129861,1.1095349344138867,1.0171129719547705,1.2475601591345176,0.9634153150334267,0.8147749886325206,1.058961492420201,1.0664353165046312,1.0876233394867438,1.2121326101664733
20251024,0.9188119043773355,0.9355166156589085,0.9544396271233386,0.9897852037228606,1.1278319717783967,0.9593607546088546,1.0810692620131,0.8326397597151803,1.1367474106271385,1.2021844876603103,1.126331052989149,1.0680314226543075,1.144283641237886,1.0164106842313434,1.2533345036728178,0.963220639065107,0.8140918152281112,1.0469906602698498,1.0686269670372668,1.0743142644357664,1.2076338945915768
20251027,0.9255425563147658,0.9385409124610282,0.9672745829135765,0.990776827243339,1.0637961480967382,0.882371420035251,1.0822124317687312,0.8151397905764194,1.130757822732632,1.2022182001958692,1.152845581426113,1.0267474627789563,1.168446929106356,1.0351589067693152,1.2419289763900225,0.9616404630584754,0.8226128765119716,1.054973923137065,1.0750262296733026,1.0807203929046858,1.2030320906831824
20251028,0.923758240182656,0.9412060217562521,0.9727084274522626,0.9938319033076979,1.005951408113036,0.8311961410205144,1.0661500850801438,0.8001011824231876,1.0929085899694582,1.1921386893579782,1.1476167343680315,1.0002776685834496,1.1788231776705094,1.0208873206503146,1.1835212340317107,0.94522474894513,0.8306296273072564,1.0313741998230526,1.0529976643828323,1.0840772411951023,1.1712970871824637
20251029,0.9240778748018224,0.9448560385864256,0.9690959347612101,0.9963305591300425,0.9665455331026358,0.7893816305641652,1.0513582214396078,0.807471383302365,1.0611164844289114,1.1846408867603961,1.145175837901694,0.9798797382959055,1.1880199821908144,1.0035682873162737,1.1271076065623076,0.9341365390128964,0.849558302182309,1.008784066897313,1.0304220773884767,1.0992771082276256,1.1441918766900434
20251030,0.9641356679591346,0.9608753562246015,0.9703149979431103,1.0062000001103506,0.9535927441346004,0.757193199552887,1.053256465894956,0.8209795312920642,1.04466411132638,1.1881288272212058,1.1460460688782323,0.9315693865485599,1.1903447824411681,1.0196674879717376,1.0855659258172619,0.9583629503061126,0.9095937799410617,1.0097205184337517,1.0281816118709506,1.1122357360636492,1.1316546473514617
20251031,0.9637404456323264,0.9438732967566648,0.9092420853424708,1.0154179224873978,0.9503352338487298,0.7228478658647671,1.0585586379472685,0.8677418381713831,1.0241913268885914,1.1502744050917963,1.1305281800932836,0.8677153709699387,1.1847524338597843,1.0160987331283355,1.036385140407782,0.9373722031598781,0.933446146013622,1.0031683131194165,0.9988920163158717,1.0311489844499329,1.0963517552683526
20251103,0.9658011240772435,0.9293603243708006,0.86651285891363,1.0277584296244742,0.9466525834158788,0.7253382993556527,1.063724348586549,0.91061116997475,1.0084284296522534,1.1312958843689935,1.0883793416267027,0.8153187634707278,1.1457130663818986,1.0073764741571325,1.0032348730537963,0.9204496907920909,0.9709789645235369,1.003825359667998,0.9648114742519092,0.9629843737275525,1.0652935051881764
20251104,0.9754259826066083,0.929031675198674,0.8500446200348566,1.0524340105512988,0.9222704459660294,0.778615387870062,1.0719598665338232,0.9466825607427489,0.996428610055954,1.1305941065935763,1.0593713907265478,0.7972887578127917,1.1248930490375826,1.000405178985476,0.975380843232015,0.908137322663389,1.005684561592882,1.0003456346651873,0.9346379796677277,0.9085362817017687,1.0471585286862863
20251105,0.985356810140378,0.926629418912667,0.8295382639686965,0.9798196487604923,0.9118758777667729,0.8326947852291754,1.0717282994714747,0.9849768305064032,0.9926090583701082,1.111325993539314,1.0021538135559835,0.7650521929370889,1.0816997728863351,0.9877663117179981,0.9687805783398076,0.9006983947470691,1.0334556496958067,0.989279232712406,0.8929825702287023,0.871741184746354,1.0230587667621245
20251106,0.9714059893117455,0.8938899652726806,0.8117726803181411,0.9236529741571676,0.9275774191355275,0.8826186912843554,1.0457536190058079,1.0364963684685646,0.9600960420625225,1.079820738425736,0.9520569618296585,0.7601424751603257,1.0333437612005005,0.9881090955986018,0.9400342565381273,0.8896639664960362,1.0504039894010333,0.9876691381018653,0.8929290761633657,0.870831601785432,1.0024639547608543
20251107,0.9289608979667628,0.8637119704974899,0.7983197409657645,0.8720389499352128,0.9373982209466526,0.9243461169051059,1.026724778939193,1.0826687883315251,0.9345334542102973,1.0652956179020365,0.9163603566844556,0.7539563379802573,0.9981772085155992,1.0006725525658826,0.9194320653991588,0.8758211486255175,1.066116734876491,0.9971210588795195,0.9088271675954275,0.8723146136025692,0.9909704584364809
20251110,0.8821800947540206,0.8389412637919541,0.7888361695146039,0.8261925807975451,0.9702133205149779,0.9834630336036494,0.977761371712014,1.0954190122609984,0.8981743856689737,1.043766802078688,0.8881225834276084,0.7606090246550546,0.9712045223302838,0.9765166362357239,0.911099665502183,0.8790679142755595,1.0713601729945403,0.9613428349574039,0.9139532147628654,0.8756271030073309,0.98121638203227
20251111,0.8458515468094147,0.8105012593816393,0.7832856428628587,0.8072389138896908,0.9992343160290552,1.012719498261184,0.9438724996743659,1.1065057453077736,0.8830828989738565,1.0375087685809856,0.8812002007755413,0.7656509003048136,0.9495919134963395,0.9814181167556505,0.9224321692195308,0.8826015360584462,1.0791818244124778,0.9572663411782164,0.9434911941833474,0.875407051347611,0.9828072788220753
20251112,0.8282346431505155,0.808616857578369,0.7911040588373627,0.8024540285250719,0.9996998742242195,1.0398041237334998,0.9169634647416611,1.0478858239554325,0.8702327544803308,1.0236250823857704,0.8815387959667995,0.7648468644604037,0.945923769533745,0.9874310525260446,0.9448261033693627,0.8702140224100253,1.0604267023916656,0.9544213348877157,0.9695745282288897,0.8731680803085355,0.9845802606847696
20251113,0.8421078718515422,0.841951143161086,0.8479593107925618,0.7982562108198127,0.9950722095968818,1.0520883748101415,0.9082980305148584,1.0094034554338522,0.8708707399467721,1.0033423861942627,0.8980921618627025,0.7921979599800082,0.9472927143919581,0.9650609697355802,0.9492802221898125,0.8331492236857885,1.044734211042971,0.9345289128252986,0.9809737026499344,0.8506355428556457,0.9916937603463502
20251114,0.8737207793592509,0.891814182112645,0.927002983202388,0.8039854204642988,0.9669196711252763,1.082755609570355,0.8934000896448749,0.9539445447547727,0.8654711462172731,1.0124110481682536,0.9175516263082281,0.83332318596699,0.9507793715481513,0.9587122013926729,0.9719701147809823,0.8485445562228068,1.0462029641179624,0.9281441713646644,1.0075330915646363,0.8907029726379063,1.0040316675736043
20251117,0.8749525399131574,0.9109954129746052,0.9742539603157824,0.8105810539130859,0.9471502760519581,1.0776921731475793,0.8810229133284063,0.9072708362250131,0.8621145665255108,1.0103407948276986,0.9500324634942959,0.8781974726432945,0.9707012318482623,0.9574166443386675,0.9815504501309531,0.8476892901479629,1.0194130032536894,0.9205452215411154,1.0327238698025505,0.914892740434585,1.0108438241265782
20251118,0.8748783334235166,0.9238063461311864,1.0101202711051132,0.8164109205622694,0.9177412298713208,1.0836124148827893,0.8829329096839709,0.911665957188333,0.877108716659147,0.9786228792226601,0.9586804925049014,0.8888688994458595,0.9819677281718565,0.9591559673284054,0.9858739017643832,0.8231453459861088,1.0000683838940312,0.9214740210594483,1.055684045262396,0.9332510149512271,1.0230775606292741
20251119,0.8850892218108105,0.950065524691265,1.0497826842063867,0.8847648938364893,0.8923519546675505,1.071111176353464,0.8785071327684945,0.9166157708033599,0.8848564677523829,0.9593126984017057,0.9762403733217909,0.9142055763531911,1.0045736907892593,0.9736163167059954,0.9615115493429442,0.8045848154542311,1.0135333205767367,0.9420869226218537,1.0942049261536113,0.9359787178216387,1.041163805773189
20251120,0.9103649207193533,0.9972441651246232,1.0935326707223838,0.9203738184131958,0.8805562916048676,1.0786380365423551,0.887326307432295,0.9242289807242213,0.9167318996379735,0.9779381917202298,0.9853475134023132,0.9434797818452215,1.021673099225166,0.9404375727705873,0.9604808596982035,0.7857328912011776,1.0278348879644843,0.9335106940180072,1.0692467125943474,0.8855047122673061,1.0085794266014676
20251121,0.9554369249148448,1.0429646854362618,1.1296892800973755,0.9260880161131597,0.8700737263885393,1.0816266581736547,0.9158323150301882,0.9327507184869022,0.949085694761149,0.9872672713425431,1.0123006888367474,0.9804928125385317,1.0520139274627516,0.9124380373131812,0.9598877654359094,0.777332419311129,1.0426251416354355,0.933156497664117,1.0508964176878939,0.8500508605269991,0.9979151519604015
20251124,1.0041717689508252,1.0833574929452852,1.1598773590279048,0.942850003928779,0.8579672283859217,1.0496003306046566,0.9544125550245621,0.9634736920719299,0.9826897715620633,1.0169933253954022,1.0426227893699296,1.0051609625048472,1.083486835863642,0.9015846901260842,1.0004071766871057,0.8124961902373118,1.0538284475098993,0.9721790847970824,1.0333055486802925,0.8034851411620565,0.9969920662543678
20251125,1.0440979593255602,1.1208012689015445,1.1857644446916056,0.9530437729099274,0.862166390130919,1.0185444992047585,0.9817755948321932,0.9809411217464916,1.008922438305249,1.0142943947900969,1.0507749037529226,1.028762329950459,1.1056979895369194,0.8649334055456346,1.0330064491381095,0.8464361261354599,1.062010990689756,0.9815365120742027,1.0000499359074866,0.7657266234457174,1.0007338066493363
20251126,1.059583157500323,1.1296204792810491,1.1913422425254911,0.9661649848392528,0.8729418282990304,0.9931515662202631,1.0131768949737632,1.021396816609681,1.0289695044919822,1.015061036780425,1.0535330001326904,1.0565935075468038,1.1119437717426364,0.8374474626972612,1.055482680839977,0.8926349868133835,1.0801081381390956,0.9904382029147762,0.9793250010368305,0.7396660292123831,1.0027872882911353
20251127,1.0070744373268399,1.0827559539255667,1.1570249366973164,0.9752977580691199,0.8767603833867709,0.9365817831720109,1.0305958199380425,1.0543990173420275,1.0425086900450644,1.0280081239918173,1.0331039715326975,1.077342493524362,1.0946267550270838,0.8348294172363441,1.0838256550758405,0.950856097848033,1.069533757611595,1.0265340037116997,0.9580472902592064,0.7398668327291573,1.003412862610175
20251128,0.961851723189045,1.0379773751552703,1.0976777029014244,0.9820830403961176,0.8905927723143992,0.8999063863924868,1.0668181428071566,1.0952111052051838,1.0867113511970572,1.0322392924566144,1.0204521182775244,1.115007456164044,1.088536366220039,0.8636222445541981,1.0787834050867982,0.9738197736825526,1.0613442080752986,1.0648317124758067,0.9623588145496335,0.739795873137335,1.0359745716589999
20251201,0.9336472520340977,1.0134139840947574,1.061488245372355,0.9874862322423652,0.9076641141143822,0.8863054439298371,1.0970113912824326,1.1299200053849268,1.1230329604400773,1.0388613992718585,1.0079101162072246,1.141804017752945,1.0817311390251985,0.898918838188687,1.0666547416926027,1.0046712720657234,1.0609840754835518,1.098403243879499,0.9748145562719905,0.7324432971755976,1.06304014322703
20251202,0.9047335623329721,0.9956607295924126,1.0287874515871303,1.0203035175389361,0.9421181951949831,0.9206819896519802,1.1054235925549987,1.0848105335533769,1.131902575070578,1.0562193451620812,1.0063046932743864,1.1654821563555653,1.0661300105614209,0.9232544700606079,1.063568890111599,1.0280014159894573,1.0617842419302257,1.1176818330009253,0.982421924829514,0.7283762977053028,1.058855219614765
20251203,0.8851464862062868,0.9700045043156503,0.9943150883845487,1.0503571737427164,0.9610407237766513,0.9818737095273988,1.1154399715228274,1.0526405407655715,1.1433234961355088,1.0766457375200693,0.9817442739392763,1.1826586121255567,1.0363456375614493,0.9369719501352032,1.0571521751278945,1.0511908845371225,1.0251858955066389,1.1278350430412036,0.9734074965600392,0.7626009053455323,1.0629463461290287
20251204,0.8531686381467517,0.9350106803001463,0.9084609795302876,1.082717206765992,0.9741527709016559,1.0017957725120672,1.1245387698989924,1.0252311066086408,1.1500263816109457,1.05192494349155,0.9622122586407463,1.1986520430049803,0.9937959993729236,0.9721339190516375,1.060784291479392,1.0542390557308172,0.9629266950104955,1.1442137787177753,0.9907659800823198,0.8279745681093081,1.09470058221129
20251205,0.8307637607839093,0.8777873587640763,0.8189726542547333,1.112842066577148,0.9866359182538615,1.0042128515799116,1.1297923375751227,1.038508184461156,1.1565720169103924,1.0663349054949263,0.9180737004575159,1.2058286440522776,0.937358417735273,1.0029599336361934,1.0757548068811336,1.0680335883157501,0.9299084317952653,1.1511567504658806,1.001951543492235,0.8849802886691338,1.1124535084405942
20251208,0.8376941410711195,0.8339506341659897,0.7539075091548955,1.1023380488922851,0.9949631415371404,1.0227445284177104,1.1289839830201005,1.03248218585975,1.1614825544815026,1.0330218529000723,0.8821643813525782,1.2021385326333989,0.8818578773636726,1.0343541428624692,1.010533189558372,1.0494835967941814,0.8900205599639983,1.1387547655899575,1.0196840594587635,0.9527995985137098,1.1111627169402316
20251209,0.8814581683884174,0.8368484084485194,0.732665052665485,1.0908204416701992,0.9842903975004432,1.0354546335640644,1.134460064723242,1.0437495923956894,1.168795120570686,1.0172405982485235,0.8883381919803179,1.201056435830453,0.857935236359206,1.0759124188746463,0.9647763706842941,1.0459629637235062,0.8567717402145918,1.1403955619187292,1.0482575741047884,1.0059483054338136,1.1070250190174376
20251210,0.9187912813534839,0.8448257264270068,0.7161861068353119,1.082566927269367,0.9950396493754486,1.0493333084015857,1.1377341533511731,1.0550140014397271,1.1740505095275473,0.9936195946104217,0.8959755558553765,1.19253505720631,0.8440364529555268,1.1062387688398843,0.9160600915321895,1.0061142020645406,0.8533258554658114,1.1401817972177104,1.0663345165655478,1.0566233579160647,1.107670678771106
20251211,0.9852348217820254,0.8829842482789745,0.7259820329056162,1.0774822681833356,1.0081956427264418,1.0626203694102887,1.1450583018388816,1.0503928024025264,1.175075727005752,0.9859041635610747,0.9244256955999028,1.1855980241039077,0.8460108522505789,1.1225256045790781,0.8619606552003819,0.9670143375737755,0.8762176837933787,1.1087691460130231,1.0827505546955165,1.0896049852784,1.1093718774498476
20251212,1.034502498836034,0.9023634667965965,0.7502821927089112,1.0740257617235853,1.0166595310331972,1.086132848359585,1.0981360152776545,1.0237503810442798,1.0947208053823116,0.9896547508038231,0.9436237542720226,1.1204098711435397,0.8404027418330678,1.1051433498493104,0.8052243332730078,0.9118916559812524,0.8984412775421673,1.0413786717224718,1.072905887269554,1.1187039369795777,1.0174466388205268
20251215,1.0807665644779665,0.9128079735465054,0.76838065886442,1.0712489083898302,1.0087456176334781,1.1010875445751431,1.0836184458568965,1.0514084891820281,1.0705495262032072,1.000125492743094,0.9666161018392397,1.0875257581520108,0.8378104778560412,1.055358053371355,0.7881558577499777,0.9019463958352353,0.9465466407149167,0.9691092088801528,1.0378897196865275,1.1646957181090873,0.9633868188116037
20251216,1.1218279113622371,0.9250671186295031,0.8120324012505925,1.0377806020380822,0.9920402340223771,1.1180638649020198,1.062172351584556,1.0974053244145368,1.0544991069382523,1.0258436746452557,0.9862841303946323,1.0653393465959244,0.8456389490345119,1.0153602606034204,0.7777169987340791,0.8956884069007913,0.9881640976663433,0.9126869436792097,1.0096647771128933,1.2017997233910536,0.9306043997005947
20251217,1.1529148314734055,0.9412782756955066,0.8510988403262632,1.0497652538682793,0.9816948410145228,1.098185488687758,1.050977909440867,1.1369761541298145,1.0473725146005226,1.0404035976081587,1.020413854140681,1.0513884852950015,0.8687408506071346,0.9946160756288255,0.7905993983266209,0.8923263243849395,1.033252210411564,0.8765741200117907,1.001334415094359,1.2164405640960487,0.9050574597823067
20251218,1.1845593272337978,0.9518440221457969,0.9239489200298061,1.069342454281191,0.9665905898302041,1.0911582586452853,1.0467374691542208,1.1714111415128101,1.0466912530322263,1.0665408108792898,1.048752024522397,1.0383488453266998,0.8976597757978615,1.0014552619799235,0.8054496490027786,0.921466541705599,1.0873045770485537,0.8668719805892933,1.009394946388732,1.2272188785383564,0.889962688081651
20251219,1.2099862530272723,0.9640550285715321,0.9933396249095718,1.0935869659868287,0.9650552204552579,1.0889588511140775,1.050331557148303,1.1844962319658823,1.0400247440328079,1.0435241243060414,1.0833304238205705,1.0263520542045776,0.93321705751935,1.0303309058806016,0.802134204643066,0.9424837653583847,1.12091735723013,0.8882937454200354,1.0319395613667657,1.2277664834833852,0.8801551282438846
20251222,1.2192864906660512,1.003947744350888,1.0454189167700731,1.1279798070539708,0.9656398917716762,1.0901755250862888,1.05643239226679,1.201902805959937,1.0445376877406298,1.0447349387909213,1.1062678085555198,1.0212064867261217,0.952702316281452,1.0654581792827407,0.8454232066322137,0.9713303443460006,1.1544612373443754,0.9315133453035302,1.0562162927183671,1.2226105896820239,0.8837984095892865
20251223,1.1864505030522783,1.0071370927213534,1.0601093908031427,1.1562123717039752,0.9708601357211709,1.0920132880177045,1.069408280768833,1.214894530742301,1.0417675171958085,1.0716947537131067,1.1117246877189784,1.0229266902320822,0.9487235271905263,1.0793377563581532,0.8672093039621706,0.9881925524506492,1.1808491501184715,0.9558807695541759,1.055696472219365,1.2050261738670822,0.8873645771550415
20251224,1.1611216899746015,1.0133012769859642,1.0744858176587022,1.1795805956316712,0.9803071388254282,1.0901819471349488,1.096877134284043,1.2177637508133519,1.0575803291446373,1.1176359791494814,1.107445302905195,1.0341436260748276,0.9426338863946141,1.0809262588149575,0.8889477020856472,1.0138710264866775,1.1634717710899618,0.9480308592625968,1.0498524246912277,1.189522103354533,0.918405475574056
20251225,1.1231558830951824,1.014498850351499,1.0831861457333898,1.2012000966775678,0.9856057321055913,1.0458219111277378,1.1185087102406606,1.2122432378753827,1.072348850119824,1.138916938754369,1.1031854038838969,1.043905623252948,0.9426490494553175,1.0890670376887788,0.9125444714180662,1.0332436765465902,1.1486063860104712,0.9553702676416589,1.048880060179161,1.156358002273399,0.9441717043690587
20251226,1.091755355347009,1.0224641130530019,1.0903805245453957,1.2192483146328281,0.9926730571295718,1.001886416558836,1.1453166776982957,1.188398102222499,1.0900808506270563,1.155106403670414,1.0963329843745273,1.0076607382723588,0.9516401690202468,1.0711532503866774,0.9181443674534098,1.0249111606465418,1.0942582761994117,0.9376572866525968,1.035858436129116,1.1252207645813952,0.9819964754872109
20251229,1.0663507287597587,1.040377570248509,1.1013307629720306,1.2338987353702322,1.014481702597828,0.9824247383012957,1.1576470307553655,1.1668788755533113,1.087442470617751,1.1707086688362927,1.0976881941398546,0.9704524270109581,0.9600683002481928,1.1030122089344747,0.908043469904322,1.014793429362332,1.0406344462076906,0.9754103558508671,1.0777092349974937,1.0977683722408964,1.0051929397703392
20251230,1.0276688628098354,1.0370272556398659,1.0524142716087799,1.239772431559267,1.0326216762812166,0.9557505384126859,1.170122646786881,1.1379478309326543,1.086372575976871,1.1776124952013862,1.0980420957873853,0.9461528969837696,0.9666243066097557,1.121755273611414,0.9310906700831965,1.0205809894456954,1.0095408262600667,1.0044534804378868,1.1061705625156304,1.0759716816850582,1.0234509221130343
20251231,1.00339297713151,1.036491601368375,1.0235293173524025,1.1875754899242401,1.044363808058642,0.9515592982876907,1.1726088358809796,1.1162928923706963,1.0852021007094557,1.186592020716182,1.0633125157383176,0.9276358213095858,0.9540133801838642,1.1445846276817424,0.9442522057020181,1.028214925338169,0.98917230838986,1.0393727166956337,1.1355903328793218,1.0705042298194696,1.039767675749017
20260105,0.9820183848714333,1.0602406822985415,1.0054550999602607,1.142419055486675,1.0630780885608613,0.948886841419348,1.1757365175499923,1.1035416963995466,1.0854482661810425,1.1979697004390883,1.0409524146640097,0.9118489725979975,0.9593720272090727,1.1704154379488705,0.9548437718549743,1.0228998376698244,0.9789549291194621,1.0764456791453525,1.1614724022707659,1.0711260896125265,1.0554301009226483
20260106,0.9533970380575139,1.080659468926227,0.9943686808946199,1.0851025998498995,1.0630724647124843,0.9563776310050647,1.1345370447961243,1.1035091121673557,1.0799812273486165,1.2201093401101248,1.0215439034234282,0.916580250038885,0.9666186993068573,1.1785139053238964,0.9861312792436754,0.9989996621423572,0.9722882682402719,1.0958836998412491,1.168602358246538,1.0728951076316058,1.050644620659951
20260107,0.9143747686147479,1.0754431054527933,0.9700548320652803,1.0130176365233454,1.0600183566587629,0.934409046722935,1.0687988928541843,1.086236496784848,1.0265514391268509,1.2380914163524783,0.99192411583219,0.9203135822986355,0.9675609997630686,1.1544063743770012,1.021929957940867,0.9987244724779036,1.0065789244739802,1.0814128094877176,1.1553284758974305,1.0839551640592795,1.0233910159275539
20260108,0.8998236284482098,1.077095849145644,0.9844670420945332,0.9571035779266215,1.0700873800826907,0.9268805157443817,1.0256058881569934,1.0588675910069931,0.9977478069717507,1.2260045621040008,0.9724789927334031,0.8879431407026077,0.9756870649161226,1.1390206886046015,1.0664366966201972,0.9971301860857374,1.0441791564168383,1.076192642974694,1.150035107663826,1.095917546883823,0.9961319200664026
20260109,0.9061633746183035,1.1049808767570126,1.0182767649043634,0.9132646827413887,1.0441350931887918,0.9270903576032756,0.9702661166375617,1.0381705338951024,0.9378443579703647,1.1374377329391598,0.9647582493111528,0.8566531913715826,0.9877471489242446,1.1292050459751612,1.1061705901925045,1.017222996518321,1.0872848247966787,1.0792031881906166,1.150349684379985,1.101169356054792,0.9213841961400944
20260112,0.9296747925623979,1.1311750083622325,1.0478308805834773,0.8800255617601825,1.0246815894318635,0.9557685947364559,0.9202895484337731,1.0241641529474312,0.8822172049359271,1.0719111155152705,0.9759749632841036,0.8287230842840506,1.0091261536079421,1.1179717155535303,1.1384080424889245,1.0357757939627557,1.1224721042671462,1.074446452903332,1.1513953915541297,1.1131145177759663,0.8663705454631208
20260113,0.949847652733675,1.1559059342953841,1.0736448029846484,0.8561073105806531,1.0175151270302754,0.9793834945271935,0.8781122813230868,1.0143468011147247,0.8537842603192396,1.024516741193382,0.974287808680946,0.8576115236737754,1.0189470625383976,1.0821487194193846,1.170997544659987,1.0813092363821375,1.1605718891250512,1.031600703707625,1.1235072580051575,1.1128088358139663,0.8623490278655566
20260114,0.9938416548641095,1.166970840723697,1.0850190299402822,0.8369951358431442,1.0082355391396176,0.9659334674811756,0.8394702498465937,1.005397089816093,0.8257701275055569,0.9884913295324473,0.9641488426414849,0.8689238206908662,1.0399101281492114,1.0052355963289878,1.1984258996412764,1.1193599128594536,1.1938339651644567,0.9561405913409229,1.037378642486969,1.1189697757368582,0.8596619101084068
20260115,1.0388984783584552,1.1828357025409548,1.118851134366457,0.8310986736055599,1.011031987777332,0.9587224081937572,0.8190836168051528,1.0032708985537218,0.8051016256674681,0.9635675902774008,0.9586179657599734,0.8758872760566485,1.0685543512581546,0.9475657137903408,1.1972675075040686,1.1301846855444644,1.2126946092231377,0.8984764867652315,0.9752334788308168,1.1043387222206666,0.8554558370069728
20260116,1.0772277235943917,1.1978956750026308,1.14001270770266,0.8619909520377957,1.0246559668545843,0.9589995606063365,0.832426983322612,1.0060228028252909,0.8282684955203885,0.9400950190274994,0.9734699829436939,0.9167042647783115,1.0963488276904971,0.898715716751121,1.2025327660197378,1.1414114758708886,1.2280215982466602,0.8486259471419565,0.9227813404756825,1.0914078067459314,0.8782422339533613
20260119,1.105998944011197,1.1893619413029353,1.1428839862295668,0.8222222784057756,1.026039636074822,0.9593647949990985,0.8431607050654175,1.004619288572564,0.8456784975726289,0.9104844351319438,0.9735452066748174,0.9560407194084151,1.107911973683788,0.8524448450337955,1.2096250239383497,1.1603058138603308,1.2333052440665524,0.8028190492836285,0.881192276595237,1.0768352188360042,0.8958592169909845
20260120,1.1318659727656761,1.1786692326208295,1.1454312982750134,0.7927067311475948,0.9951287238432918,0.9266123963984148,0.8459163454372923,0.9339291725787686,0.8436654457725934,0.8606242936467775,0.9913925054115402,0.952988306064183,1.1289162537382016,0.8239908004671633,1.1456025014373186,1.1785985916422712,1.2391770092052516,0.7854839876825532,0.8552275038485317,1.051195582348709,0.9247996342403892
20260121,1.1562554593718626,1.145676509565687,1.1212635024847624,0.7942489740825599,0.967794772025156,0.9221150044596489,0.8508041933004331,0.8660530741176543,0.8470270344904153,0.8123067491772759,1.0171637193012861,0.9519747633245089,1.1493543856330874,0.8175754201515867,1.090139324784417,1.1191572890475787,1.1196808811525987,0.7877391583999138,0.8430381934688045,0.9537062795940877,0.9476489906272857
20260122,1.1766386029772815,1.1165357353415348,1.0866653330361769,0.8315959778893226,0.9543985117249482,0.8984691195323246,0.8908057964116095,0.8646975334703123,0.8930086733295106,0.8357370212365275,1.056036621504903,0.9806412075496496,1.1636162722140446,0.8277001135265603,1.0551637076009581,1.0738383332941401,1.0305177997858985,0.8149566534484313,0.8388050294071812,0.8952502383375728,0.9934684070141312
20260123,1.1858129047017685,1.0417601950718238,1.0086967066659214,0.8548260767251817,1.0056776935625331,0.8644037300718078,0.9360632897739461,0.8762979642436844,0.9531477421778918,0.9092526077950791,1.0912228554453924,1.0083500031746422,1.174208027789818,0.8493320317815666,1.0190673087761966,1.0436854626007397,0.9628408559778077,0.8513795733080083,0.8417878159147137,0.8452229307797002,1.0563785529967484
20260126,1.1826293031044783,1.009025406608123,0.9690366060317218,0.8759394817764515,1.0467811931496611,0.8245190653006833,0.9745283257190797,0.8850317222089914,1.00732018596509,0.9697416889229956,1.110832246159438,1.0570423999162017,1.1855475685234544,0.8706205520928294,1.0010724058145228,1.0327144930236174,0.9053686666573836,0.8804411382593654,0.8441777487095566,0.8288535378282911,1.1070610368280325
20260127,1.1951912820172619,0.988244483230396,0.9443655277774985,0.8869359722764607,1.0719931493570833,0.7940719524741293,1.0112175769857523,0.8930951913204362,1.048989857489123,1.012758295937014,1.1295826158053495,1.0929129548481484,1.2046612933748142,0.9253708746409076,0.9972390899423037,0.9920644762763133,0.8474159414884396,0.9437611241199987,0.887122028922228,0.8135553165291578,1.1373175769162456
20260128,1.182375333419522,0.9900529587104037,0.935925738621554,0.9302533263573826,1.0909100857951497,0.7962758842479267,1.0433615903244347,0.9037611474844989,1.087845780473473,1.0465920732157536,1.149706683476542,1.1278506892449687,1.2135457705013213,0.9905914819001573,0.9956358786386779,0.9593057984951955,0.7988555101527537,1.0071404906527583,0.955994134809361,0.8064118798081938,1.1597385201137649
20260129,1.172503259572878,0.9962457568458105,0.9329664405676692,0.9637005667681625,1.1019590574388196,0.7925092426711167,1.0671442609810795,0.9135575187339863,1.1232722500778654,1.0688159155243138,1.1605881084089593,1.1608839483840432,1.2044981064416715,1.0356593933235745,1.0018064585045103,0.9486649522467921,0.7558763925694119,1.045716876414826,0.9970194710519109,0.8024163226167031,1.1797123264504217
20260130,1.1493755368802994,0.9903060453490032,0.930689638487267,0.9887121169076513,1.115373263052317,0.7936205459382905,1.0564404683429416,0.9343879426784844,1.1141891141529048,1.090548229074372,1.1835104597056945,1.166133286693477,1.2076239280794498,1.0751369038913983,0.9994706909013081,0.9421944768747782,0.7309714931653905,1.0871397033787773,1.0334653510679408,0.7770807209868681,1.1853078624843292
20260202,1.1537072180683707,1.0216455016237858,0.9687236160125777,1.0544760029590143,1.1386757979768527,0.797833072248473,1.0691266672593691,0.9593888165076173,1.1252975619316459,1.122051942976869,1.2079551880804162,1.1766852894199362,1.2134732782841031,1.12276337976417,1.010237745621484,0.918602489558921,0.7155674373136218,1.13631720636747,1.07860020928356,0.7760656518353765,1.1954094851151693
20260203,1.1551923930745482,1.0488991145461335,1.001940068398547,1.1075445175184964,1.1608765218359465,0.8195969615734896,1.0926546250117906,1.006114338722231,1.139043990769603,1.14954648447951,1.2261540677435439,1.1913269058552267,1.2191855374896663,1.1586337545402423,1.0453310535504414,0.899383515246169,0.6965880442548339,1.1717507929794386,1.1138374754042635,0.7664393044724068,1.194643914077404
20260204,1.1613653466675493,1.0868525585669444,1.0473930511183698,1.149612350933052,1.1787162616154705,0.8458179056022159,1.1149110695229172,1.0229995343212712,1.153087772442745,1.1738074221487937,1.2406549303529704,1.2026281652434798,1.2247799135407627,1.188398178002853,1.076737581003612,0.9115734128187895,0.7349388033617534,1.2010809531458895,1.1443482817900295,0.771654632379872,1.1971253462900104
20260205,1.1653972644347697,1.1171057433786684,1.0866019620816671,1.1748276870729752,1.1985876676934242,0.8920650468232091,1.1134839990373022,1.0513444918772912,1.1498283281953305,1.1504767990270306,1.2072302206632362,1.212079507766488,1.2119327171644139,1.1951817556871254,1.0988676724985926,0.9316901132040755,0.7833329822700442,1.2047102452347178,1.1529496538932449,0.8221643059835435,1.1877853785278978
20260206,1.1692596474266699,1.1560092880479407,1.1325209253177615,1.1965043833473021,1.177945690910308,0.9357345909338162,1.1105960251361109,1.0740433321315126,1.1464168221672515,1.0691693279107881,1.179605999752248,1.2212146351550133,1.1991988283289825,1.1725918078696511,1.1153157650818568,0.9549891143891109,0.8276426136318319,1.1776104547934678,1.1449750669364454,0.8850896155609769,1.1730739386983147
20260209,1.1465211697137625,1.1695403049078548,1.156041650546816,1.215430933624985,1.1640343311193284,0.9787803726278758,1.10224304296327,1.0925041878496846,1.1331356282732614,1.00275858997398,1.1651652169914377,1.1842032812984449,1.189878512793373,1.1571049362398442,1.104073080970278,0.9625295697504181,0.8654967212407685,1.1525874579764037,1.1415842435257928,0.9421076897513888,1.1375687986771603
20260210,1.1065858925807652,1.1722610664446313,1.1718817623419415,1.2323447294219696,1.1561375044568756,1.014334345000536,1.1011313071721887,1.10667198078345,1.1267493463244636,0.9487650382157431,1.155241287406612,1.1436418000770476,1.1769948510360222,1.115968929194258,1.0882628264804604,0.9807687621564473,0.9054411949000736,1.1053416337702295,1.1052416630265252,0.9903274834455649,1.1171749780888036
20260211,1.0770313109088996,1.159804983821128,1.1789121444171016,1.200162235359556,1.1529516796595345,1.0369543345730101,1.0929854352373274,1.1185256924113849,1.1130387157928396,0.9061299147654673,1.139969253653981,1.1080087685110633,1.1614443155968703,1.0653672574838473,1.064269672854172,0.9956472303602578,0.9410324635199377,1.0547378085536274,1.0620402271395304,1.0318751676610405,1.1044929425919936
20260212,1.0415503447459629,1.1354576873724311,1.1745154970538325,1.1550351349716834,1.1346126271693877,1.0593554458842263,1.0673496859931881,1.12975485353336,1.0784655193997765,0.8726879673061426,1.1160178083341312,1.0707464786086112,1.1416179395230162,1.0260406187464715,1.0399423838345774,0.9976913777153993,0.9505812158595551,1.0168250917584494,1.0327881610427552,1.0694047871550771,1.0835232667980363
20260213,1.0218650271437864,1.1279854916755252,1.175706587873091,1.1172900363917466,1.1039305442753697,1.0557481346887416,1.0522704191814165,1.0782038344919562,1.059048294449624,0.8447348220723656,1.0860515980699292,1.0526647040032142,1.121986373765291,0.9903621296180171,1.023172343295237,0.988261307824668,0.9495232649409922,0.9816804777763184,1.0071420848727404,1.1139611816017172,1.0651603243196064
20260224,0.9586004464644685,1.1170930272016466,1.1593191769003097,1.0534558717205427,1.0882475344890528,1.061051746292857,1.0586728715331681,1.0389497289685108,1.065138620760009,0.7816634123495337,1.0614933726889944,1.0335825253620277,1.0881914192273083,0.9284625713065218,1.0297562966337337,0.994104140411142,0.9637618903777736,0.9265225796615132,0.9641158293966797,1.152335810678018,1.0737501893598622
20260225,0.910458214300299,1.1105468619030197,1.1505250076413263,1.0014402182461528,1.0771085781114913,1.065824329841926,1.064577890324243,0.9972339282602714,1.0706534304836883,0.7343563094310479,1.0262167763485328,1.0238583672402701,1.0424678696251013,0.884669614204475,1.0385076573955372,0.9967868186759499,0.9913469056593024,0.8951926548453335,0.9348107451440434,1.1868205085049108,1.0852374911295013
20260226,0.8575072407554183,1.0998160309480458,1.1338117791436204,0.9476558876413783,1.0693956951610173,1.0634889612544394,1.0658881877267412,0.9497775426120293,1.0663836156720692,0.6988940570226126,0.9913197557091824,1.0139711360305663,0.9950857667287454,0.8481966381829096,1.0413210797652155,0.9457220531965839,0.9852516032771544,0.868854895333252,0.9090594109672614,1.2161829739198284,1.0867400534131881
20260227,0.819496005186196,1.091630097293503,1.1214598072931736,0.9098147403955562,1.0512440057262982,1.04930292881221,1.0663794845430792,0.9053900593805222,1.0587829241140625,0.6837957355835332,0.9840660845607778,1.0052638775250329,0.9620137235774944,0.8147696695526703,1.0403841005568633,0.8972637326657336,0.9777928551263719,0.848267867080832,0.8863408489366862,1.224118864035295,1.0818532499185873
20260302,0.8438119133224438,1.1076543095733506,1.1316223324385863,0.9308398008497722,1.0426748791037868,1.0364975226427546,1.1076834882305349,0.8880239782689651,1.098592912490907,0.7729218615559376,1.0095502256705933,1.024664261531408,0.9882666057616012,0.8531210556438948,1.0815313414530954,0.859231649297377,0.9600196847219181,0.897888895014425,0.9195231246786847,1.2171239253198582,1.1104835910421003
20260303,0.8876129676333673,1.1238692109667137,1.1421889580671356,0.9426902775947541,1.054661083833942,1.0241712268967829,1.135265056509525,0.8858660420048223,1.126587045519742,0.843178074634657,1.0126134389852275,1.0610019006128455,1.0066355179953905,0.8837131437332418,1.1186013860217188,0.8385739369672481,0.9604240340987481,0.9376372432418578,0.9452023991885896,1.1898128793887188,1.1343648960757944
20260304,0.9464999172071866,1.1476976934125318,1.152066506863216,0.9515892287886164,1.0660158968213302,1.0160969894275875,1.1571840826823807,0.8904334261073736,1.1495866516812998,0.9002172222154526,1.0149939188775299,1.0951289723278237,1.0231766787670695,0.9251299917879013,1.1533042466774877,0.8306573164928042,0.9645533070772268,0.9825900418796985,0.9814486078800552,1.168773553777171,1.155983230750305
20260305,0.9979661551362679,1.1620250924453213,1.166659502998197,0.9766624160530267,1.072828030017058,1.007015845233887,1.174999281483603,0.8941058821343818,1.1707574480342255,0.9450992455197939,1.024984041742426,1.1314351038906645,1.04360447647065,0.9622208225984181,1.1870506831290089,0.8356364606622888,0.9717189413573831,1.01903411042914,1.0129110955321303,1.1829999849047679,1.1754230301486663
20260306,1.036973676386468,1.1726524576333375,1.1721909270227306,0.9927927803086061,1.0863203763961875,1.0100247134686777,1.1812179124858697,0.9332651697908774,1.1785988429134047,0.9699964728029099,1.0245844997055966,1.1552421890352242,1.0498063682664218,0.9867356292813547,1.2090635059573467,0.8642835815730334,0.9690858976148576,1.0408918633926696,1.0271037734324167,1.1948268712960697,1.1822028975618226
20260309,1.0586805649929958,1.1629290604043099,1.1582799546836957,1.0074272267181426,1.1024297578409614,1.0346324811011445,1.168187553372508,0.9767019023422043,1.1675112281154232,0.9740164094454419,1.0221520596772948,1.1558004897171832,1.0475057033211561,1.0009764219356194,1.2162265282545013,0.8772493283490106,0.9595687996255773,1.056324917089518,1.0222500333149616,1.199573626583713,1.1705166858821392
20260310,1.1046586611628009,1.1967444955589095,1.1714616717182451,1.0724842895174767,1.0574260051364754,1.0262432468743325,1.1792169384655213,1.0380773675815727,1.1828686887545188,1.0414214378221323,1.029976287118974,1.1866654565194978,1.0770503270301905,1.0505230608040173,1.2453664469429184,0.9070771887356687,0.9905612208206289,1.1030953796879508,1.054221529646835,1.1953498146793093,1.1810432770601653
20260311,1.1436550465289823,1.2232201634303483,1.1702819836930591,1.1239689615054536,1.014525303374636,1.0209259327531324,1.1798442050074671,1.0892091627963099,1.1866510101103436,1.0908013500244518,1.0344038582865491,1.2030500034730554,1.0971110187931619,1.0818417483999716,1.2648244872773136,0.9417071987633905,1.0102327598663936,1.1266429030320488,1.0711802382102797,1.1976011107067464,1.1822933309026193
20260312,1.1695749698866063,1.238106840132181,1.1625860294389543,1.162825509497387,0.979478338283284,1.0188259545674514,1.1617864526673183,1.1168408861417471,1.17962410923307,1.120450861651098,1.031309960123303,1.2142836299968325,1.0965998992399355,1.0862721438781158,1.274801485894796,0.9869395088743215,1.03517643985275,1.124142806475886,1.0673887594662015,1.1922219361054718,1.174514255796213
20260313,1.1837910933051286,1.2481940871338635,1.163407656227837,1.1906705566074123,0.9625902707652523,1.0052884476254922,1.1344027589426162,1.1322292928684299,1.1608999103818602,1.1434924498234251,1.0223149365485564,1.2187554538934486,1.0959854744628446,1.0987608654058172,1.2800833322659524,1.0307800160969007,1.0614452303284467,1.1290798949604455,1.0821904169651562,1.1912938496158665,1.1505439143958454
20260316,1.1949739638653156,1.2555152334812731,1.1644272347772981,1.2053776124933397,0.9505668653111756,1.0019802888816183,1.0848433859243478,1.1473359249712458,1.1270585711022358,1.148948590953955,1.0057024130520282,1.2115945016771743,1.0808462977198339,1.100998102019629,1.2698229058905774,1.0712590426762827,1.0950217457860063,1.1145278891405566,1.0859294094997571,1.1937009639103133,1.1164181023550803
20260317,1.2049964463852219,1.2617309823878426,1.1641895240579945,1.224997208840107,0.9123759639525625,1.0346951735808954,1.0695752704321515,1.1611962306464902,1.1203342375200966,1.1615074364375118,1.0064456205795485,1.1894262707705165,1.0773533867585836,1.1102093988978083,1.2445887169057828,1.1062801080474356,1.1130812928960965,1.1130628790161445,1.1011049156474186,1.2025093745676811,1.0876002191739087
20260318,1.1869711000465215,1.2504197120174707,1.1639680681519378,1.2421869263385714,0.898860902241612,1.054824824161666,1.0624848235114548,1.1865424184036273,1.1116230928646649,1.1742545364131813,1.0250065252377785,1.1691296454138684,1.090266893925198,1.1272205276443974,1.223386549453406,1.1356267030612388,1.130713339185368,1.1199736183600562,1.1210482241649022,1.2068557854200488,1.0707806157833188
20260319,1.1749873354688471,1.247327555592886,1.166763563072175,1.251751512474579,0.895403120738685,1.0846978788774866,1.0646761161669331,1.2046532502747096,1.107393328761974,1.1879810299074074,1.0240941925544884,1.1605085522115302,1.0854959568591107,1.142339994699876,1.2048590122089649,1.1551227804795263,1.1364732946640579,1.1258641717198692,1.1375144176682441,1.1749551810294823,1.0679050864738802
20260320,1.171162361218831,1.2462440260694094,1.1832975830671546,1.267955868315864,0.871916390180155,1.0954190314507732,1.0681578373090816,1.2058839037259053,1.1051781186843557,1.1992504904387398,1.0273765240163746,1.1568959148570335,1.0797222054093147,1.1537490466792837,1.1934576935185282,1.1484167938944168,1.1378762362413342,1.1318054097240993,1.1532302482714627,1.1466307911839337,1.0669920524313499
20260323,1.1220421972271426,1.2159174617401918,1.181673530377947,1.2675728286713719,0.8582842925696139,1.107887325901647,1.0910432921872137,1.210494526620074,1.1246443008660094,1.2083638367986014,1.0287144426925545,1.1614357753823892,1.0786493274687778,1.1699142816700534,1.1702370550833072,1.1538488067752608,1.1478351442429284,1.137028757751175,1.1742204844379207,1.1212615091767246,1.0956790957976974
20260324,1.0902005170632618,1.1625604549801465,1.1858959341667552,1.2279933906857359,0.8766772600761406,1.1265429564304703,1.114527350748378,1.2042321217153602,1.142951826098025,1.1928772696267689,1.0465488219724288,1.1433635802208693,1.087159847294821,1.1853877695657398,1.1091274863085077,1.1459002529462978,1.1340933597267355,1.144198353912633,1.1942298765520494,1.0905937497673126,1.1267718538910778
20260325,1.0658481220976193,1.1196527145686346,1.189147554095816,1.1956263180870603,0.9071495208001265,1.1411224941627545,1.1270021109931445,1.1747789044877797,1.153052589267072,1.1687893138304095,1.061098976203058,1.1411952661809481,1.0947747523618885,1.1653022789421381,1.0619874181370395,1.1059389232220203,1.1199390687752155,1.1318056003391006,1.1858683735161055,1.0354823994873215,1.15075321999399
20260326,1.029038972902084,1.0714896680569221,1.1611819558088925,1.1679160162621969,0.9341560733759143,1.1583263072854821,1.141007476498252,1.1540298729668699,1.1635772041385624,1.1511942510741047,1.0724028483396093,1.1392103896531254,1.0994498888169355,1.1356309154089361,1.0263090960602914,1.073384526079384,1.1090895089722221,1.106908060955643,1.1498581577011557,0.9926272363149451,1.1699616591755313
20260327,0.9998412387250251,1.0286725902786633,1.139692599213305,1.145398787755257,0.9415646626473979,1.1809454818976794,1.1540986185783524,1.135438815260306,1.171658355382187,1.1417955521352599,1.0944222589623416,1.1404647047048782,1.1130071183003105,1.1138437228046634,0.9990030286354554,1.02877698245507,1.0912840774665746,1.0900149197832492,1.1208005691876888,0.93596583782255,1.187097154026705
20260330,0.980983533153665,0.9969219038511427,1.1250494395734207,1.0854558243674017,0.9448902133940921,1.1961912235074983,1.1690940888916816,1.113912206763717,1.1819329812819186,1.1368161006121014,1.1198057329852724,1.1469631046638789,1.1329553054092005,1.1022233559426604,0.9840049022031443,0.9803819038348451,1.0736899707639156,1.0856183960356738,1.1007834924580242,0.8937122508836244,1.2049497515435657
20260331,0.9710588940062135,0.9740507925327834,1.1190013085887474,1.035110238760365,0.9667236364784738,1.1480542291499782,1.1779853690230004,1.0943395578475876,1.1864658952505986,1.131322637349232,1.1393025192524973,1.1612087376566527,1.1492637061498445,1.0910477571445374,0.9842385866168093,0.9449469779329439,1.0692857721263884,1.0793039702116516,1.0819694007018865,0.8605017803403667,1.2231510947707345
20260401,0.9854067294368395,0.9753298425409728,1.1182977235493965,1.0032488845408458,0.9443743154882797,1.1085163917215735,1.1849938485795382,1.0741564315222163,1.1940069221780454,1.1346026017676314,1.1542665089941653,1.1751473749776638,1.1601369209402939,1.0827976715893848,0.9954956080450498,0.9081315830173715,1.0555438753791133,1.0777927825486242,1.0694741829293848,0.8344590231162281,1.2364455576774236
20260402,0.9938744031981621,0.9676301331329498,1.093915913206694,0.9639351569765334,0.8958960810645037,1.0592063212708134,1.1702613105808815,1.0663941801364916,1.1850997755010426,1.120710667500063,1.1754089576288718,1.1590502949255928,1.1778207162157397,1.0977327786251527,0.9899048168193783,0.882968231380734,1.048564236058469,1.0902257790149836,1.0753423368623773,0.8361443933321183,1.2283004731005893
20260403,0.9995874956206182,0.9580497650373321,1.0610182000680817,0.9243066711707084,0.8513899143618561,1.0101458161145536,1.1649887765785347,1.0681306177829537,1.1836809943307791,1.1106058351371602,1.19478692727454,1.1312125582677084,1.1938104297955066,1.109984702416151,0.9874554518045479,0.8813750470274674,1.0458023437224455,1.102544574464231,1.0825382711023601,0.8207723725669214,1.225142315745067
