trade_date,M.DCE,Y.DCE,P.DCE,OI.ZCE,RM.ZCE
20100104,0.0,0.0,0.0,,
20100105,0.0,0.0,0.0,,
20100106,0.0,0.0,0.0,,
20100107,0.0,0.0,0.0,,
20100108,0.0,0.0,0.0,,
20100111,0.0,0.0,0.0,,
20100112,0.0,0.0,0.0,,
20100113,0.0,0.0,0.0,,
20100114,0.0,0.0,0.0,,
20100115,0.0,0.0,0.0,,
20100118,0.0,0.0,0.0,,
20100119,0.0,0.0,0.0,,
20100120,0.0,0.0,0.0,,
20100121,0.0,0.0,0.0,,
20100122,0.0,0.0,0.0,,
20100125,0.0,0.0,0.0,,
20100126,0.0,0.0,0.0,,
20100127,0.0,0.0,0.0,,
20100128,0.0,0.0,0.0,,
20100129,0.0,0.0,0.0,,
20100201,0.0,0.0,0.0,,
20100202,0.0,0.0,0.0,,
20100203,0.0,0.0,0.0,,
20100204,0.0,0.0,0.0,,
20100205,0.0,0.0,0.0,,
20100208,0.0,0.0,0.0,,
20100209,0.0,0.0,0.0,,
20100210,0.0,0.0,0.0,,
20100211,0.0,0.0,0.0,,
20100212,0.0,0.0,0.0,,
20100222,0.0,0.0,0.0,,
20100223,0.0,0.0,0.0,,
20100224,0.0,0.0,0.0,,
20100225,0.0,0.0,0.0,,
20100226,0.0,0.0,0.0,,
20100301,0.0,0.0,0.0,,
20100302,0.0,0.0,0.0,,
20100303,0.0,0.0,0.0,,
20100304,0.0,0.0,0.0,,
20100305,0.0,0.0,0.0,,
20100308,0.0,0.0,0.0,,
20100309,0.0,0.0,0.0,,
20100310,0.0,0.0,0.0,,
20100311,0.0,0.0,0.0,,
20100312,0.0,0.0,0.0,,
20100315,0.0,0.0,0.0,,
20100316,0.0,0.0,0.0,,
20100317,0.0,0.0,0.0,,
20100318,0.0,0.0,0.0,,
20100319,-17.89033273739138,-26.011689300844502,-17.57162496397298,,
20100322,-33.27229903847924,-50.022906004953015,-34.40009452111695,,
20100323,-48.25987865802505,-72.02779031076332,-49.27009166763751,,
20100324,-60.5177881528472,-91.86021525986895,-61.91978013582076,,
20100325,-70.81015694677035,-109.52192377449485,-72.7705660270556,,
20100326,-79.44691753203104,-123.45050544747089,-81.69714087810817,,
20100329,-87.65884043839577,-136.0682995786467,-89.52153531055062,,
20100330,-95.3088061005316,-143.7152480714084,-96.12865757088265,,
20100331,-101.65272776668041,-83.31056245815388,-54.664206463673516,,
20100401,-108.94192944177495,-29.339422581822827,-19.132965219477178,,
20100402,-114.8635690631683,17.430424864013855,17.142394746251913,,
20100406,-120.14904083590963,56.12170198598092,47.027156958974565,,
20100407,-124.11427566133911,80.33471375500264,67.96141353502588,,
20100408,-76.03069238080316,99.72448186974448,85.77763867681293,,
20100409,-36.645427208548895,115.73244915897695,104.3209626966406,,
20100412,-1.7115482937998798,131.46019188643288,121.23310915684507,,
20100413,26.827594672389694,143.7529803899461,136.36957818182927,,
20100414,54.46900931065124,153.38674565454275,148.86094816179164,,
20100415,77.03778238704326,161.22948919069958,160.34380018019692,,
20100416,95.16784254281882,171.05154036267288,171.72067749050328,,
20100419,113.17287302868277,171.59391797819112,173.17792588769382,,
20100420,124.60235477318668,172.06783361809173,174.53797437255025,,
20100421,133.74996870266168,172.42015792877834,175.41454868120158,,
20100422,142.24319154386174,172.64456165731147,175.9691295804688,,
20100423,147.30751687987984,171.63979174800582,174.79067201539485,,
20100426,152.0620714851802,171.72609337021316,174.06626007386632,,
20100427,155.6380983919331,171.81639696772197,173.48342209919633,,
20100428,157.17150325809777,170.84887771624187,169.0672973740316,,
20100429,158.43654694439138,169.56883735452243,165.27775740831012,,
20100430,162.14814021993257,168.09021230814952,161.86835165125984,,
20100504,163.05885385518494,166.54316439764736,158.83529612068514,,
20100505,163.70847126504117,164.88961140325208,156.34685185232078,,
20100506,107.94513732472228,104.38082453045254,98.99090331382081,,
20100507,64.24052072341334,60.175139206844904,58.17758067825276,,
20100510,74.49513430429525,26.082821128562415,26.67825838467289,,
20100511,82.72462590772788,-1.4822299153441383,0.9595600939865445,,
20100512,46.57587533273971,-23.460853974038248,-19.788524918449017,,
20100513,59.2641874040216,-41.441387360373476,-36.626787179685095,,
20100514,28.122604578296343,-55.83407171743635,-49.86260641730039,,
20100517,42.26438238458513,-65.00923715602912,-58.725068047739214,,
20100518,15.195456663714651,-72.42877542440054,-65.36347610809685,,
20100519,-7.6601040889006855,-78.60722274351365,-70.88084833779615,,
20100520,-26.31998387921942,-83.3278685995545,-74.9778428863419,,
20100521,-41.5350856413754,-86.88055344482837,-77.91366339227903,,
20100524,-54.82773515850605,-90.33271782629505,-80.70769877035555,,
20100525,-65.4336819986319,-92.84919420888006,-82.87624685392117,,
20100526,-73.90617100215772,-94.480780153873,-84.49027755320706,,
20100527,-80.99411608979146,-96.07721921196963,-86.15672641317295,,
20100528,-86.82038781117147,-97.42863240909544,-87.61257011516021,,
20100531,-91.64017216224894,-98.49527638064907,-88.60411033001208,,
20100601,-95.81408494836587,-99.40276847088128,-89.4488294058633,,
20100602,-99.56943281883198,-99.906132259606,-89.79631822664054,,
20100603,-103.95990133289516,-100.87633987081361,-90.25777657661325,,
20100604,-108.66019124259398,-103.68925370817799,-92.69511877256471,,
20100607,-113.04653281456153,-104.84665342223771,-92.61488780675502,,
20100608,-116.66538038176583,-105.97172271612156,-92.63508553842748,,
20100609,-121.61203413475091,-107.31264859755811,-92.81578791845588,,
20100610,-125.75044646089034,-108.40446633669558,-92.94171961431549,,
20100611,-129.9880005844181,-109.58186206839007,-93.35181619670168,,
20100617,-134.95132114979108,-112.8219901584554,-95.48997535684204,,
20100618,-138.97740350090444,-116.17686899899142,-98.33382482392483,,
20100621,-136.56996115906136,-117.49933538689162,-99.49230036125904,,
20100622,-134.558787280717,-118.78029227784612,-100.92713031081847,,
20100623,-132.95972398862327,-120.05138806885917,-102.65616727355744,,
20100624,-131.65745645057822,-121.04998384076073,-104.04896602550653,,
20100625,-131.5357185301914,-122.87692814768555,-106.0437957468309,,
20100628,-131.59015128765137,-124.87059459808151,-108.05422751165865,,
20100629,-131.65228260765656,-125.45888975656193,-108.88355480865962,,
20100630,-131.3642662565613,-125.75459962838843,-109.3672424844479,,
20100701,-132.6113943866511,-126.17114216597072,-110.20433940532706,,
20100702,-133.25629614123085,-126.36274434761783,-110.81006609587763,,
20100705,-133.67051304913636,-127.03245075142152,-112.08121193620316,,
20100706,-134.02591619214616,-127.55349746539366,-113.05929325690373,,
20100707,-134.5299711788334,-128.45097952665003,-114.07822624210628,,
20100708,-137.810304353543,-133.87528831910893,-121.01058386407603,,
20100709,-139.06559711708675,-137.70552858060807,-125.02802493738982,,
20100712,-139.99886476796965,-140.80072979146135,-128.66104424534612,,
20100713,-140.68298058409073,-143.3936812743872,-132.0696804574237,,
20100714,-141.97077731121277,-145.26101287611127,-133.69834673892825,,
20100715,-143.75935072862978,-150.51661679251166,-135.76953879754112,,
20100716,-92.69430853956952,-151.27105054095884,-132.61254195605403,,
20100719,-44.70095002195086,-155.65103079725847,-131.47093238089556,,
20100720,-6.352349685877525,-159.41245203847419,-130.6800031455562,,
20100721,24.953993508590514,-162.60988811259733,-130.0035888329577,,
20100722,50.70607153712754,-164.98230414213143,-128.25453593579505,,
20100723,72.26727286272717,-166.55721084585284,-126.7105134747654,,
20100726,89.67084156669307,-167.89910537775526,-125.34499919177428,,
20100727,48.98223832768952,-168.77875124986826,-123.50395996488163,,
20100728,64.65732618478008,-170.09021928920222,-122.37757942537789,,
20100729,77.03748993377177,-171.96877239635091,-121.34608609575625,,
20100730,86.59622824063047,-173.52668820622839,-120.5362175368169,,
20100802,90.77858646233567,-113.7739523065574,-79.57052431065202,,
20100803,93.51798281643714,-64.88887544787659,-45.62498997203926,,
20100804,95.78770162734114,-24.467226515802217,-17.67938219085221,,
20100805,96.55431907650807,7.839881143712402,3.8107295220387645,,
20100806,97.0928680205487,29.792668053998447,19.139310602785578,,
20100809,97.42787080660817,45.49529688802007,31.489473735527177,,
20100810,96.9343151275974,57.25437161221798,40.4836474160198,,
20100811,96.43450975703053,66.22121474216416,47.669318153679086,,
20100812,96.02539256697243,73.44239226082037,53.62242714911907,,
20100813,95.7184231766242,77.7973846120534,58.38046722423884,,
20100816,95.50697118762936,81.30112644783969,62.33753772737336,,
20100817,95.45836400624619,83.92385706974565,65.50692065833408,,
20100818,95.28243442490303,85.09522274445038,67.4991564126394,,
20100819,95.10004134808345,86.03966680307784,69.22542626619654,,
20100820,93.69194903223337,84.38461856293442,68.50555627140045,,
20100823,92.55307730516974,83.02964427954721,67.94332629885591,,
20100824,92.77359468025082,82.15387760929856,67.92176534892741,,
20100825,92.97131512947112,81.408791969954,67.81424230288447,,
20100826,93.1606068154121,80.78452386249957,67.89218471546883,,
20100827,93.44744073641678,80.11805279000124,67.88524793535849,,
20100830,96.44119134643947,80.18041638126182,68.5710473845354,,
20100831,97.58669020512407,79.32776314217827,68.39168776950315,,
20100901,98.49636342474085,78.65420325037489,68.28723687102494,,
20100902,100.37790952468997,78.08676873163242,68.34898527259651,,
20100903,101.6088942704354,78.39554664072723,69.57459442038154,,
20100906,102.70201009640138,79.84707408000229,71.24453725750303,,
20100907,103.92418060617314,81.00278093861242,72.79996256782553,,
20100908,104.64833984148031,82.06343823804652,74.03378546997051,,
20100909,104.69430555747232,82.18893624466854,74.57797815075614,,
20100910,106.32659113265133,84.11581867681357,76.1143626524778,,
20100913,107.64543655046245,85.65498093544645,77.37765181369568,,
20100914,108.81493742803242,86.91916354526694,78.11609491179334,,
20100915,108.58466151732617,88.52273899563286,79.08297490006979,,
20100916,108.42118652715438,89.84272028222277,79.85447693541848,,
20100917,110.91350640314502,95.5159763129656,84.57727784639468,,
20100920,106.52802562863425,94.78479909831384,83.74178470665775,,
20100921,103.28136241850626,94.26717297099756,83.14299159235765,,
20100927,100.86598757812047,92.26662596120606,81.81954263088052,,
20100928,98.90993542071682,90.55916969235749,80.77226585857552,,
20100929,95.24466914226323,88.1081974364603,79.00851068035672,,
20100930,92.2149256932603,86.1953507115898,77.68900121420867,,
20101008,89.13874150784386,85.58871688522002,77.74140041491883,,
20101011,83.91018756463976,82.00371142979549,74.16594476172654,,
20101012,79.56372939851579,79.05247604774692,71.16753635099782,,
20101013,76.07537193520739,76.67587068815726,68.75343163698379,,
20101014,73.18638465358647,74.70712122486464,66.76615585608631,,
20101015,70.8399345649276,73.09762958818125,65.14923984981434,,
20101018,68.59495791110444,70.92466077250873,63.216861616324884,,
20101019,66.9185830370396,69.58237216367097,61.92262043631269,,
20101020,65.48745856707568,68.40511285495805,60.73696135859621,,
20101021,64.32725891726473,67.0846336878461,59.597887652587154,,
20101022,63.269156636741954,66.14312498433763,58.91425486447416,,
20101025,62.392954000526764,64.8952022134243,58.08012118862101,,
20101026,61.232588449606055,63.754071790563124,57.272863655533804,,
20101027,59.9078489127458,61.94660655664365,56.21784362761606,,
20101028,59.704763010479205,60.90949008706669,55.943958946755984,,
20101029,59.35258527895352,59.40744845706429,55.312250179624215,,
20101101,58.86988089582494,58.377358793471096,55.08460291220004,,
20101102,58.37954596778682,57.565990545859066,54.893747415602896,,
20101103,58.405121065906684,57.27657880162414,55.09025531025403,,
20101104,58.35698620058193,56.48942576067319,54.576630457243546,,
20101105,58.27861571763682,55.64902690948995,53.65427266386542,,
20101108,60.826666252761605,56.09900708907199,54.55757415307782,,
20101109,63.33318789615432,56.387342097861875,55.348448853280495,,
20101110,65.44339306004878,56.5664895441021,55.929109278522,,
20101111,67.14298778528276,56.716395490604626,56.409731563823186,,
20101112,66.61492012723772,55.60378758617517,55.08184941143264,,
20101115,66.5005049603821,54.84150676039785,54.29207237890843,,
20101116,66.30798353552748,54.069971352311036,53.55190209951783,,
20101117,64.8974100262649,52.93137611931031,52.05066742781525,,
20101118,63.77031158145198,52.280935418667006,50.969492651755715,,
20101119,62.83626807372211,51.663554667732384,49.926392633045566,,
20101122,62.275647438463466,51.2880077383503,48.9598994650625,,
20101123,62.02364845528928,50.95694230974711,48.141831666203096,,
20101124,61.87679587326773,50.50804119985154,47.33249630643609,,
20101125,62.25123646881018,50.36395204733741,46.81284472079879,,
20101126,62.55915912214155,50.567468343091264,46.5255420171034,,
20101129,63.410903304989894,50.87465070917514,46.23174753714488,,
20101130,64.204601656147,51.1037688165788,45.97130491468801,,
20101201,64.77658598733679,51.22242900865679,45.68902511181779,,
20101202,65.30195679188357,52.01186079361498,45.955014803920925,,
20101203,67.42196775878739,53.47597534135684,46.893595196592806,,
20101206,69.0753037569328,54.51694786993245,47.75366080430538,,
20101207,70.51618944949765,55.61060335178009,48.425726637005596,,
20101208,71.54691152723244,56.1004215179216,48.49533264096758,,
20101209,44.92659323516412,56.36346260336578,48.39903053259264,,
20101210,20.344269559048293,57.85717743236192,49.511377626793,,
20101213,0.6952137483831811,59.091493265755965,50.17809767531285,,
20101214,15.809787638616367,60.360318436178616,50.83255137798939,,
20101215,32.58157164419272,62.64719837223954,52.94312595876506,,
20101216,46.16543074710885,64.55035923511396,54.66412527281142,,
20101217,57.28207872314441,66.31628775283862,56.39898259885393,,
20101220,25.676870804233726,38.46076501896973,32.77203635171326,,
20101221,-0.1056329539294129,15.203784099136767,12.930715802079714,,
20101222,-22.00734079237745,-6.140330691500397,-4.07649259167749,,
20101223,-39.876844234373586,-21.298346810135094,-17.34179707522502,,
20101224,-56.49136196061919,-34.49556307995097,-28.508131706479926,,
20101227,-69.68300305575512,-10.908506462072598,-37.96986724526311,,
20101228,-80.57318307745844,8.245583751086256,-45.70493151556366,,
20101229,-88.19629595748206,-8.392057599883994,-51.48328000984274,,
20101230,-94.61489171142975,-21.956009735942974,-56.18501132884646,,
20101231,-99.78726918046172,-33.05373149855483,-60.028795285086574,,
20110104,-103.8690179968388,-42.257189793984026,-63.2735182322814,,
20110105,-105.41223288700878,-49.413016604837246,-65.58520479456243,,
20110106,-107.9524353699053,-55.73807376888064,-68.56265812113877,,
20110107,-107.36232469351155,-59.531313163759116,-69.51960164100716,,
20110110,-106.66696972009139,-34.86075535798502,-70.24807112530956,,
20110111,-106.46260831969438,-42.82174958281401,-71.69479657257548,,
20110112,-107.83221101752285,-48.90843839489159,-72.11194700755568,,
20110113,-109.09821015870595,-54.2008399694664,-72.78293208135,,
20110114,-109.63676164145853,-58.53487235321116,-73.33267233877038,,
20110117,-109.75858998493726,-61.92203980638393,-73.6097261075228,,
20110118,-109.86056812736803,-64.59187571915324,-73.89308504906262,,
20110119,-109.76076709874877,-66.80854871282986,-74.10124743507819,,
20110120,-109.06152451447116,-68.6007237294467,-74.27319302286126,,
20110121,-108.59134636622969,-71.88163706930726,-75.29938056804035,,
20110124,-108.03349259706185,-73.89111283283403,-75.6889788213503,,
20110125,-106.40914395155781,-74.83906010658262,-75.08702426335148,,
20110126,-104.28387545575659,-74.79803886704595,-73.98075596533658,,
20110127,-102.54460539272262,-46.93194590827315,-73.23944915834238,,
20110128,-101.51779393758001,-23.850028711111552,-72.80691165800131,,
20110131,-100.46118325800661,-5.814462588143968,-71.9425829564669,,
20110201,-99.36443759360881,9.044461595320598,-46.229323404003765,,
20110209,-98.98123409767372,20.915067031414203,-25.59782034994164,,
20110210,-98.85145823008621,32.167758143712476,-7.35651769874217,,
20110211,-101.01058419876222,42.67900468496556,8.892348130159956,,
20110214,-62.32118158451192,51.37516282364831,22.27046670170969,,
20110215,-69.61353708737191,57.827689379479565,32.707107946752785,,
20110216,-75.25450374411807,62.50045125398862,41.107345296804866,,
20110217,-80.79197823274724,65.98913190180939,19.768944034605088,,
20110218,-86.07207021178864,68.87209858853383,2.2668106511268697,,
20110221,-91.14248761814976,71.30147924502035,-12.147818335448063,,
20110222,-95.19000270491489,73.03919574782141,-23.794615591594606,,
20110223,-93.79928713888198,47.62245955897142,-30.95718971484889,,
20110224,-92.66400244612606,27.06045239795032,-36.65919499082631,,
20110225,-90.85648781582769,10.701340431558718,-40.94446407260449,,
20110228,-89.13372687614982,-2.742588659604924,-44.51985863324764,,
20110301,-88.19363571561884,-14.00090794899206,-47.85691271021151,,
20110302,-87.85456040934197,-23.444867160789034,-50.75069698426216,,
20110303,-87.89612215425639,-31.199228362411624,-53.17413481747478,,
20110304,-87.86037622135662,-37.331921761855774,-54.94340635625309,,
20110307,-88.13788981340758,-42.89794340280087,-56.81614377380852,,
20110308,-88.0992137841608,-47.13549507505567,-58.121670411419615,,
20110309,-88.82444586293579,-51.08112624700488,-59.987965070626444,,
20110310,-89.07202046523767,-54.3216415873939,-61.45935945666059,,
20110311,-89.25719652077925,-56.98528420472623,-62.66073330339871,,
20110314,-89.293331601874,-59.12640483827264,-63.440336210617765,,
20110315,-89.52638569562907,-60.85446927559911,-63.93074233259947,,
20110316,-88.79262926512635,-62.49941414736221,-64.53796499338692,,
20110317,-88.12337031063954,-63.894791527647925,-65.0140822000807,,
20110318,-87.51100869443586,-64.75658755332279,-64.87487239381453,,
20110321,-86.73046883362458,-65.28915275152063,-64.560062199166,,
20110322,-86.1749002840576,-65.93392973359371,-64.33775214695225,,
20110323,-88.6314055129617,-69.5030354471694,-66.75655482144356,,
20110324,-90.88214768789157,-72.17629190217964,-67.6056506719639,,
20110325,-93.11170849110246,-74.66036798232575,-68.39607675716152,,
20110328,-95.97389243207923,-77.46908207696154,-69.44081328238269,,
20110329,-98.22664420613422,-79.75923347343607,-70.2825359606173,,
20110330,-100.56360658075201,-82.80414776355605,-71.26182093448939,,
20110331,-102.51882787263685,-85.39216590416083,-72.11639415896165,,
20110401,-104.07886404371857,-87.93899955896184,-73.03749128530532,,
20110406,-105.36915081132202,-89.33264228823207,-73.48429686071692,,
20110407,-108.1307022722502,-91.68014080578698,-74.27240805631675,,
20110408,-110.33344700313941,-93.74332443181697,-74.85466368592803,,
20110411,-113.43622197522717,-96.41751133265315,-75.88102487018898,,
20110412,-113.6982256743305,-96.57417591873845,-75.71290023792086,,
20110413,-114.62175639211999,-97.31477340273531,-76.27363088516093,,
20110414,-114.94882861103302,-96.90792728314031,-76.42391189120094,,
20110415,-119.34356087241274,-97.32185439743056,-76.80461344694842,,
20110418,-123.0291201344754,-97.78164800812232,-77.2685532567096,,
20110419,-126.33686650494461,-98.57830403857287,-78.24792830302704,,
20110420,-128.53422642861247,-98.14473110828449,-78.20092874213151,,
20110421,-130.2073704113158,-97.8481256018068,-78.51586627821789,,
20110422,-134.08414879147855,-97.85918993026593,-78.54302199828197,,
20110425,-138.15853706551297,-99.74874564568236,-80.98887976948421,,
20110426,-143.154617792618,-100.3772421214649,-82.67977837449,,
20110427,-147.27984729601948,-100.87634174306498,-84.0448916615615,,
20110428,-149.32297723889096,-100.46775575535935,-84.36213338972155,,
20110429,-145.1827541521254,-97.91268552545648,-83.42747628835642,,
20110503,-141.0979314848777,-95.36780121118646,-82.2498175817954,,
20110504,-137.9026619010123,-93.39886035941727,-81.26519364670528,,
20110505,-135.2111774484625,-92.35688869390167,-80.80146257273427,,
20110506,-131.649830700616,-90.14718416295933,-79.16200762739004,,
20110509,-128.48561100266437,-88.29744817957176,-77.9400730696552,,
20110510,-126.11784653203412,-86.71634816056351,-76.96712966897422,,
20110511,-125.64762946975847,-86.10976586880655,-76.87364232169217,,
20110512,-125.23886193894693,-85.56595506873856,-76.71284152785425,,
20110513,-124.03442671895405,-84.89876067063031,-76.23651299007005,,
20110516,-122.96427696823284,-84.21602217833443,-75.7389915467759,,
20110517,-121.20983118561799,-83.71392159345012,-75.35674827588757,,
20110518,-119.72198438023203,-83.21496009209352,-75.05045388407844,,
20110519,-118.78302952409373,-83.54512966916461,-75.62032337636305,,
20110520,-116.9110850992444,-83.57810885207797,-75.61532779564038,,
20110523,-115.80530755265427,-83.93558134956422,-75.96390460954156,,
20110524,-114.81522693492958,-83.89844465905226,-75.87823331754822,,
20110525,-114.37507889806915,-84.68733114620017,-76.26781932946139,,
20110526,-113.57180832784844,-84.9466302657489,-76.40274512988414,,
20110527,-113.42255752917559,-85.69062145250255,-77.12188071509848,,
20110530,-117.56132463313216,-89.19566844957221,-79.49483243143096,,
20110531,-121.30716322045195,-92.72237211963719,-81.8496358456566,,
20110601,-124.87016095789286,-96.0571977307225,-84.24487058880007,,
20110602,-126.79308735593891,-98.71264347731552,-86.1929640580353,,
20110603,-131.80943659431455,-105.65633926009808,-91.09939779905119,,
20110607,-134.02842622779892,-109.97676412025484,-93.73576094015594,,
20110608,-136.0857838778104,-113.12187364373001,-95.84744177085508,,
20110609,-138.2764320835111,-115.72842463123368,-97.55075929329624,,
20110610,-140.23354311312602,-118.02895972778138,-98.9681240719745,,
20110613,-143.9288563320829,-121.79668703618381,-101.392390388165,,
20110614,-147.41187393343833,-126.4057546033342,-104.1920649306093,,
20110615,-154.08700395565177,-130.64343176689442,-106.52934402099379,,
20110616,-158.22819113732277,-131.78855054504646,-107.36280456297474,,
20110617,-160.48913250801414,-133.0340806399703,-108.17576881478357,,
20110620,-166.92762917201256,-134.8651623456968,-110.41781406689121,,
20110621,-172.08647119646835,-135.88080518091428,-112.10262610816515,,
20110622,-176.70584143764486,-137.71685145355121,-115.00990997563011,,
20110623,-180.60714577299555,-139.26283350007674,-117.31916354459918,,
20110624,-185.7416716782726,-142.70327737508447,-120.0760917470425,,
20110627,-184.22334181796467,-139.70964878672748,-119.08759747835626,,
20110628,-182.6636940567401,-137.3616715677472,-118.53867166185152,,
20110629,-179.8378140598771,-134.81087965802269,-116.89709313835752,,
20110630,-177.34913540651252,-131.999244115745,-114.98752546432387,,
20110701,-177.18407347664674,-129.58606784530605,-113.15903212566062,,
20110704,-177.82797986171576,-128.99249185644598,-113.82047215712693,,
20110705,-180.5526390236891,-128.9402487929473,-115.14923143197481,,
20110706,-182.70549078577795,-129.07267075311157,-116.28871678959963,,
20110707,-183.89533685436834,-128.3926078700713,-117.09240416161047,,
20110708,-182.87718704799198,-127.09902787239139,-117.13819820807764,,
20110711,-182.01508612210978,-126.03886687363688,-117.1812220075664,,
20110712,-181.0171510065869,-125.12626260420889,-116.9651800334287,,
20110713,-123.6535707635707,-122.80566906386208,-115.50658376775584,,
20110714,-76.5073348973185,-121.81381674066171,-115.03437934195341,,
20110715,-36.24481640398528,-121.21065984270226,-114.85498510724135,,
20110718,-3.612817927631658,-78.1192834074642,-73.36167087221087,,
20110719,22.962434136399725,-42.695999172548,-39.146724486992426,,
20110720,44.75404412247774,-13.651435114494602,-11.665999732094424,,
20110721,62.748251799738846,10.281300530047272,11.064638906047717,,
20110722,77.40340964088172,30.122227435023394,30.32737597417128,,
20110725,89.80290077772894,0.5478930048650767,1.3417916152707385,,
20110726,99.27661946431967,-23.323439035354422,-21.952413875167974,,
20110727,106.52719636403876,-43.010312860483914,-41.64326713922845,,
20110728,111.20751419578549,-58.86431387708226,-56.816583076096606,,
20110729,114.66180039815382,-72.92230179622838,-70.03952260292249,,
20110801,117.36507343612405,-83.89803773294734,-78.84294087254261,,
20110802,119.14953923588284,-93.01931010590903,-86.21029452474659,,
20110803,120.58946991527615,-100.47558310047802,-92.2969668978658,,
20110804,120.78706528750965,-106.06814749187174,-96.40898163019843,,
20110805,80.27764922481465,-106.50043758738974,-95.98544522634118,,
20110808,47.02957376251441,-106.86081188051433,-95.59279859028801,,
20110809,20.048615458278054,-105.69894840845609,-93.99778349025082,,
20110810,-4.282650797504397,-105.73988220733035,-92.939150927229,,
20110811,-24.33016854789223,-105.5974519031973,-91.99229989034902,,
20110812,-40.7185504934408,-105.46604897730451,-91.18947844053014,,
20110815,-53.59871514710763,-105.02754688884788,-90.11166713714161,,
20110816,-64.24008330317338,-104.77582362678856,-89.23849844967644,,
20110817,-72.6530151423138,-104.36047188811149,-88.70601343759766,,
20110818,-79.74300075698922,-104.01705214988051,-88.4090987258104,,
20110819,-85.53729013729168,-103.70728160613875,-88.16294035680968,,
20110822,-90.90362078751136,-104.75323994105845,-88.59561346386492,,
20110823,-94.75527814717485,-104.73199941808755,-88.45835612154981,,
20110824,-98.78325924338552,-104.82952655798734,-88.4917349739593,,
20110825,-102.45410414687393,-105.07609852389608,-88.801232539047,,
20110826,-105.82573606214555,-105.33769048663311,-88.96180118402833,,
20110829,-68.05586419577263,-104.14660592379309,-89.02131407175261,,
20110830,-36.96624763010361,-103.1004562299017,-89.07266827549726,,
20110831,-11.59916318519557,-102.03348805483127,-88.72726257847546,,
20110901,9.499077579023995,-101.45801334556234,-88.69758999795435,,
20110902,31.728397381730865,-105.39147203455332,-92.6284506160583,,
20110905,50.08625148606809,-108.16751569471774,-95.80052217415906,,
20110906,65.43771263416856,-114.40847485292981,-102.67536027201535,,
20110907,78.54181465517924,-118.91184111420245,-107.97630404212417,,
20110908,88.1552514515131,-122.61507654769667,-112.32859709386123,,
20110909,95.97595501424024,-74.9001626806144,-115.6626398665757,,
20110913,99.11164885466364,-83.47795690732254,-116.09557346705434,,
20110914,100.91282650009023,-90.00667637659346,-115.74999942834766,,
20110915,102.57785440652795,-95.61706717533092,-115.66337099966978,,
20110916,103.88560631581021,-100.06903385300559,-115.57024237583171,,
20110919,66.32827702247803,-102.27220681161926,-113.4757874580427,,
20110920,35.441406152873924,-103.7756668721702,-111.3821772440769,,
20110921,8.9693095945241,-106.33231533231822,-110.87402005376563,,
20110922,-10.91532498898581,-106.26277069737898,-108.8037544315167,,
20110923,-25.113041537615363,-102.1315871852676,-104.24235282300086,,
20110926,-35.820719518049486,-96.5126264481873,-97.40210100880812,,
20110927,-44.65216104046592,-91.42697040207646,-91.15479519100708,,
20110928,-51.72362991413902,-87.26475296122156,-86.01278278770485,,
20110929,-57.446519060139174,-83.87223148825743,-81.77889984309462,,
20110930,-61.08158012695038,-79.85362878185887,-77.12677076760176,,
20111010,-63.40900543498765,-76.18356332089942,-72.74029514700196,,
20111011,-65.36689952909288,-73.1739583570719,-69.10979458529167,,
20111012,-65.14333094425595,-69.9859354036658,-65.60470857910406,,
20111013,-65.02376166884613,-67.54785796998259,-62.87639302121268,,
20111014,-64.72914305275843,-65.44169356382278,-60.58876362344455,,
20111017,-64.5680015306121,-63.71459621423507,-58.72028856507144,,
20111018,-64.5059901911501,-62.23861614979969,-57.10878497313892,,
20111019,-64.37810456382208,-60.98266104274522,-55.75515460583259,,
20111020,-64.17191823235099,-59.810188127944,-54.501042715604456,,
20111021,-63.52849226935735,-58.58242859627697,-53.22973574352445,,
20111024,-63.04652782320873,-57.47935538396456,-52.069089053373354,,
20111025,-62.70546839838946,-56.63270598653451,-51.176696897654615,,
20111026,-62.42449353542583,-55.94039469409394,-50.45047405069645,,
20111027,-62.44119567093542,-55.37309789216157,-49.81186098027175,,
20111028,-63.188739355425675,-55.717465494252174,-49.736998473891404,,
20111031,-64.13988149976922,-57.07035352054491,-50.90992914969879,,
20111101,-65.93551400019149,-59.18428185943732,-52.59854230304635,,
20111102,-67.57889392084653,-60.97060440140657,-54.011820293608636,,
20111103,-69.4139927995548,-62.76785610423156,-55.54553775243234,,
20111104,-71.16444618560321,-65.05940819535212,-57.35138142717594,,
20111107,-74.06846461212979,-68.54419231487171,-60.73589906382409,,
20111108,-76.6009334985111,-71.40620130186295,-63.49721606563656,,
20111109,-82.03285721690685,-75.40149663548961,-66.7012968579601,,
20111110,-85.0770210230985,-77.94963094926428,-69.0220209115461,,
20111111,-88.03348796872403,-79.91551480449053,-69.95350227689417,,
20111114,-89.87894067950471,-81.04749005807653,-70.46308885436929,,
20111115,-92.68193695236018,-83.22013413870468,-72.09047230304044,,
20111116,-95.16330455972174,-85.00923487439093,-73.10423501919124,,
20111117,-98.47077975540833,-88.100504344137,-75.32294249700372,,
20111118,-103.26875506221107,-90.72712116205163,-77.19552145405274,,
20111121,-108.08456853629177,-93.53674169869514,-79.11120536411602,,
20111122,-110.19522498932423,-95.00651309228587,-79.85552646721483,,
20111123,-111.93906434645247,-95.89925381362997,-80.20517044217392,,
20111124,-113.90332241896903,-96.02047666731941,-80.36449254039054,,
20111125,-115.46162488314474,-96.099409503917,-80.49313480717252,,
20111128,-116.57134955455398,-96.20667224770168,-80.75827136217009,,
20111129,-117.01478417820893,-96.13129269448353,-80.85871108403106,,
20111130,-117.99109343422101,-96.52167621279092,-80.92301261572739,,
20111201,-115.16235854168077,-93.96478374245609,-79.79038826375499,,
20111202,-113.70174166406949,-92.61704798562077,-79.66195003109914,,
20111205,-112.66953727086947,-91.55708353845061,-79.64403240719012,,
20111206,-111.62967676847929,-90.66721781216367,-79.57947147523932,,
20111207,-110.36231358672393,-89.88997441431998,-79.59305444170136,,
20111208,-111.0937259374606,-89.77131418072376,-79.81397143271478,,
20111209,-111.645041594402,-90.01317997895568,-81.42362999372477,,
20111212,-112.21460032511962,-56.77394632547073,-50.19891038632279,,
20111213,-112.52058030496083,-63.308775634757716,-57.530211389428025,,
20111214,-112.7908320628748,-68.57419605396943,-63.72103743359089,,
20111215,-112.96212402164419,-73.26401176228782,-34.220655120144286,,
20111216,-113.21885975123581,-76.97654464162456,-45.68349600013503,,
20111219,-73.09226275937151,-79.7350087993404,-19.553720594046595,,
20111220,-38.14633704859046,-82.63803622651001,2.764729916353871,,
20111221,-52.83991077865737,-85.35602678432383,21.331074131654137,,
20111222,-66.3552310989742,-90.23810799952604,38.325386257239614,,
20111223,-77.31891111117288,-94.67423572042868,52.15283256105645,,
20111226,-86.56143580873984,-98.54042073484582,63.69306347659289,,
20111227,-94.31598773647616,-101.497191079628,73.13070887373826,,
20111228,-56.44924107757002,-104.47635582023361,80.96261000973367,,
20111229,-22.39000176940488,-54.8892723786974,94.66703669106496,,
20111230,-42.671508015454336,-75.48790682161577,105.58440420461373,,
20120104,-59.062806335527426,-90.8887223058186,113.39454717401138,,
20120105,-73.72599565304489,-104.20953740865114,120.20394292391944,,
20120106,-85.2434374968857,-114.83184749352148,126.32848651008995,,
20120109,-95.3006083050626,-124.65634268569835,132.09660552472934,,
20120110,-54.0457306518529,-132.16981316609244,136.79866473777685,,
20120111,-17.793143484059396,-144.77647172903497,145.95010361023438,,
20120112,9.83743089260809,-153.5519380910257,153.58873856173238,,
20120113,30.542413495556673,-157.55660875433594,156.0862416037912,,
20120116,45.66557827566062,-156.89425317838518,153.7355825342225,,
20120117,57.26404038598845,-156.50150251093277,151.54277571797445,,
20120118,67.55792122158992,-156.18014923934686,148.85142942409266,,
20120119,75.78770277680468,-155.7539842064269,146.3985428921506,,
20120120,81.7541699486146,-153.98218641039742,144.05435656332673,,
20120130,86.79539925889472,-99.18984567622996,142.478700092184,,
20120131,90.83053869849401,-107.88535227303554,141.18352949532675,,
20120201,93.89247429392313,-114.91520520683078,139.94747110466875,,
20120202,96.40508832998312,-120.66230441927928,138.34620031577774,,
20120203,101.80858857744319,-127.29003879143883,138.87934907881257,,
20120206,103.2877125383376,-130.96735218167814,138.2507197545658,,
20120207,104.20707322228344,-80.5893333283285,137.6117351196595,,
20120208,104.8538432161014,-40.41801654943839,136.77299398358156,,
20120209,105.06663363533949,-7.624176677498021,136.07183575492124,,
20120210,104.65694496911114,18.596943628096728,135.00917222600043,,
20120213,103.7830327129045,38.93467950696582,133.31388233537484,,
20120214,103.87622676104223,55.70067328141542,131.9433938922065,,
20120215,103.98226889523339,69.40488488764811,130.8441139486546,,
20120216,104.73799901251859,80.40250680201555,129.82961469035195,,
20120217,105.61018610921792,89.53624483120272,130.08706727177642,,
20120220,108.34308886681254,100.04148558750143,133.96514134178764,,
20120221,111.3570084261435,109.03743258471202,137.6961132782121,,
20120222,113.96664316705645,117.33075857348902,142.80812437672125,,
20120223,116.23213418653657,124.37529294486195,147.43950652893142,,
20120224,119.11753167121613,130.6681155063307,151.53094173869258,,
20120227,120.98979310266543,135.66876041958434,155.1364407128931,,
20120228,122.58816395792628,140.60342872878314,159.85675959765217,,
20120229,124.19861409877437,144.173483500982,162.9002277598788,,
20120301,124.63626239513924,144.45039925472096,161.98574514572016,,
20120302,124.1484355219236,144.4308379775779,160.92030282744648,,
20120305,126.73682327716774,146.02217826977963,161.64017301939987,,
20120306,129.57843677677636,146.9996216133652,162.19571135650173,,
20120307,131.06906245031607,150.50282216959866,164.0521549547476,,
20120308,132.5444330476971,152.88570617147303,163.7888515274345,,
20120309,133.69611280740583,148.75640284940312,155.8086510999581,,
20120312,134.59388182242083,146.13635414952032,149.45248824738016,,
20120313,135.32439521920148,143.83006449799294,144.03475728220653,,
20120314,136.0229076737087,141.9692627219853,139.52048871830561,,
20120315,136.68187874865845,141.1727503826292,136.2749137138873,,
20120316,138.8267909134376,141.5575894795608,133.9334915644654,,
20120319,140.58300135722556,141.8210214784994,132.11428697965636,,
20120320,138.9006440155673,139.7970267994106,128.8783365927791,,
20120321,137.8814043971553,138.17260397821732,126.20345320445891,,
20120322,137.01448380885404,136.7461188788433,123.92458357885508,,
20120323,133.6814936583486,134.54273784712515,120.79885232415646,,
20120326,131.19739771932467,132.46748049505558,117.45196757266626,,
20120327,129.51435177195796,130.8777167999827,114.65704768272848,,
20120328,128.08943614774728,129.56703671937564,112.37568309760498,,
20120329,127.35624545029637,129.6012002463699,111.40765898525463,,
20120330,127.25881948403949,128.85745658777608,109.90465116135985,,
20120405,119.04734180674815,122.22596294409038,104.70718981819131,,
20120406,112.37012344871692,116.76868242987128,100.48653291225645,,
20120409,107.1283362820386,112.51396588718629,97.29027453346319,,
20120410,103.09668311423509,109.00074926041769,94.71571959073667,,
20120411,99.38053870392297,106.4793569714146,93.6156540415801,,
20120412,96.5425763409824,104.62126810020058,92.8629292536599,,
20120413,94.1583631204319,103.15984256538307,92.31637256342448,,
20120416,91.78124089115299,101.18135562322563,91.10889959796482,,
20120417,89.65501882082637,99.57173130814452,90.13278102236079,,
20120418,87.59131833813674,98.24560168089714,89.31793876531417,,
20120419,85.9020915408975,97.18351648042054,88.65268388213518,,
20120420,85.17594928724718,97.05838227746088,88.75938371030261,,
20120423,84.48206912124914,96.79465981951165,88.80222572555728,,
20120424,83.61339762577487,96.3758426974127,88.42351002191508,,
20120425,83.5760910221824,96.54582044678033,88.74464808259059,,
20120426,83.30525568524489,96.91776636505246,89.72466182285685,,
20120427,83.0384181402633,97.23862726256566,90.5601583768371,,
20120502,82.83098794762849,97.17824065114058,91.1756785626957,,
20120503,82.41965626436802,96.773233842061,91.35021595042956,,
20120504,82.09148596316189,96.814583526377,91.9167571351087,,
20120507,88.44355672045972,104.20477987425492,100.486830412587,,
20120508,93.73641550954109,112.00228420427192,108.97538552275661,,
20120509,96.55008847069031,118.40968992975539,115.9316129549827,,
20120510,98.507418372279,123.9058242413165,120.89969729805385,,
20120511,100.60285961777784,126.82138267619408,120.89046827298135,,
20120514,98.04462672442646,126.723132808852,119.46930143996211,,
20120515,96.10800150772624,127.19992596661254,118.88756273096567,,
20120516,94.1072503516847,127.21242798724622,118.43988200199371,,
20120517,91.44069370033195,126.0466240727686,117.66923020921942,,
20120518,89.35863657511396,124.3082951111799,115.19158693478836,,
20120521,87.45794588382336,121.60203644385005,111.73686814176169,,
20120522,85.95893725203844,119.31884030361576,108.76869753896474,,
20120523,84.6846068362674,116.76069688388412,105.69340264498473,,
20120524,83.09786038816931,114.48036702745252,103.0663519257997,,
20120525,81.92257075971575,74.46551219854344,67.9022884060178,,
20120528,80.67201455701209,42.54714089435121,39.70392708310366,,
20120529,79.44148479316503,16.525003179735094,16.777208318805215,,
20120530,78.48205709913293,-4.825551319009019,-1.923633441683797,,
20120531,77.77731960028126,-22.498065293983984,-17.27763536000871,,
20120601,77.44918259019593,-36.920852276706086,-29.74072289151078,,
20120604,77.38341783161783,-47.8378058836925,-38.56215452987618,,
20120605,76.38053676464155,-56.40265116944455,-45.423046595314055,,
20120606,75.6020236084658,-62.869279755120814,-50.83545306111575,,
20120607,74.88948845489644,-68.18050483430478,-55.52938343237207,,
20120608,74.49577721843256,-73.37823579211292,-60.26155213309212,,
20120611,75.6696809102769,-77.21904094316045,-63.12526939033879,,
20120612,76.58412176242565,-80.32092286628243,-65.43523844811125,,
20120613,78.0354564663992,-83.56091427849753,-67.58507095669633,,
20120614,79.59755394166281,-85.32592455660422,-68.46976124782152,,
20120615,80.68333081191555,-87.26174337680939,-69.83563165474644,,
20120618,50.373304366861674,-88.83886070664012,-71.0631103274862,,
20120619,55.241901760552125,-89.72291648286682,-71.82371956377955,,
20120620,60.146051125799914,-90.55078115250987,-71.9655017486006,,
20120621,64.23810752481289,-90.97110813874437,-71.94563514133914,,
20120625,67.0597443617514,-91.11570832811343,-71.83674501500154,,
20120626,69.38129656401634,-91.41635407503892,-71.93067666432154,,
20120627,71.18395362417573,-91.67744575458264,-72.0381458447843,,
20120628,72.4602833193087,-92.05203255238854,-72.18874652701165,,
20120629,73.64332792813312,-92.4472215459616,-72.11776707549141,,
20120702,75.10689421019966,-93.1518775849238,-72.44147594994628,,
20120703,76.89502460680713,-96.32351171782081,-75.11141675164008,,
20120704,78.4965541950059,-99.01767260172458,-77.46717525274039,,
20120705,79.12123295825096,-101.30466473521346,-79.40347390788155,,
20120706,79.39654754483969,-103.01062658185965,-80.94863985063779,,
20120709,77.8661814781529,-103.90921207470433,-82.10078807271427,,
20120710,77.04052309738364,-105.08462538297572,-83.49226012058153,,
20120711,76.15931099161617,-105.98932474634248,-84.63312457174405,,
20120712,75.0922153720869,-104.99983262940252,-84.64398650746053,,
20120713,74.14742109758626,-106.68137321265544,-87.2835472742477,,
20120716,72.74489092565838,-105.3149135973259,-87.37138096260293,0.0,
20120717,71.16457643433723,-104.0327413060365,-86.92488092625958,0.0,
20120718,70.41389824220114,-102.61418318831414,-85.96984696949382,0.0,
20120719,69.85548805298518,-102.87767535582421,-87.13776174831393,0.0,
20120720,69.43993524836533,-103.51636589074131,-88.39207671664272,0.0,
20120723,69.03292594459097,-102.11328450954127,-87.54445333849033,0.0,
20120724,66.29269602616328,-98.92621367064362,-85.73778772274204,0.0,
20120725,63.90073410697776,-96.22518985213274,-84.21658131415809,0.0,
20120726,62.0372460846999,-94.01848281182247,-82.89553947949372,0.0,
20120727,60.51760129267228,-92.31041476936147,-82.10452389929966,0.0,
20120730,58.903466352443665,-90.64191922331987,-81.17349307444674,0.0,
20120731,57.48772655328801,-89.49361028038554,-80.69566489514642,0.0,
20120801,56.28431402276843,-88.46444345213214,-80.33267144891451,0.0,
20120802,55.43521657281002,-87.69039298273618,-79.95770946849791,0.0,
20120803,54.70365346101372,-87.05779971109399,-79.65607391200867,0.0,
20120806,54.67120111393394,-87.01283180299588,-79.77453546251292,0.0,
20120807,54.58802478950145,-86.86397248857892,-79.97999913408854,0.0,
20120808,54.23874183138615,-86.65218144957585,-80.13558860967251,0.0,
20120809,54.13243776433684,-86.4613558613768,-80.35333172110106,0.0,
20120810,54.42606029526474,-86.38939237020928,-80.25210268107027,0.0,
20120813,55.18377221714927,-88.588152880356,-82.73596212518456,0.0,
20120814,55.929648432049845,-54.49483042819879,-85.04574264446512,0.0,
20120815,56.51489071063164,-26.291989044469243,-87.4366654950184,0.0,
20120816,57.0878982473134,-2.8865674151911422,-89.31316052734905,0.0,
20120817,57.745809600977196,16.171043983065033,-90.37402684707142,0.0,
20120820,58.12791084934259,34.07984104677016,-94.1612192351839,0.0,
20120821,59.681269083545345,55.44806921267424,-101.60419548758254,0.0,
20120822,61.30569234604625,71.33156770864332,-103.21622955077622,0.0,
20120823,62.65417207000098,84.21792526423617,-104.54490879334921,0.0,
20120824,63.636139983967794,94.16070576187371,-66.76220485739461,0.0,
20120827,65.5015595026543,103.35502127738793,-35.540864757588736,0.0,
20120828,67.25273384431405,107.37999804012222,-11.2130107238653,0.0,
20120829,68.66501432985173,110.58215314865987,8.557874266535046,0.0,
20120830,69.97470127626407,113.09905739440252,25.46013136569808,0.0,
20120831,71.05680206532752,113.75330204480017,3.791734119896006,0.0,
20120903,71.87810021122368,110.87713554778271,18.995121507541725,0.0,
20120904,72.61053384180781,108.63866212086636,31.445314656721745,0.0,
20120905,73.92969317830168,106.77836656841517,41.845663260237224,0.0,
20120906,73.89583955342516,105.3920080990644,49.7218868435418,0.0,
20120907,73.91875865054973,104.21899130677207,25.07822318815069,0.0,
20120910,74.57954954452218,103.3537437196317,4.9181268747188325,0.0,
20120911,74.30847058908546,102.41850841983239,-11.214072304745752,0.0,
20120912,74.29407923848066,101.67526881539182,-24.41055901560144,0.0,
20120913,74.66779411143413,101.12888743477939,-35.22078754996937,0.0,
20120914,74.95946919252998,99.9484349565558,-43.9280760588265,0.0,
20120917,72.63957613174505,96.88365277237652,-50.219088393103895,0.0,
20120918,47.248372741801134,93.75904513167166,-54.48216422743976,0.0,
20120919,26.415788436358195,91.80931696191216,-59.43839099912464,0.0,
20120920,9.371067042874458,90.20036087598756,-63.5845248694685,0.0,
20120921,-4.901877417296907,88.94769523047826,-67.66397131246012,0.0,
20120924,-16.75119124978887,58.634712326521466,-69.05227982142708,0.0,
20120925,-26.23646058578052,33.54790026787439,-70.23772416833204,0.0,
20120926,-34.41741022065714,13.541910557837669,-71.21173780975504,0.0,
20120927,-41.11377684976285,-3.1949200467048327,-72.34856444468214,0.0,
20120928,-46.53171741036074,-16.82725200763887,-73.27237864067428,0.0,
20121008,-51.620646319298444,-30.16580310539756,-72.944996040617,0.0,
20121009,-55.8215315075223,-40.03175894392228,-71.54618234193312,0.0,
20121010,-59.14040064587285,-48.02367455039235,-70.30518710951532,0.0,
20121011,-62.067184210841496,-54.58307956476694,-69.35206739807516,-355.67487941591924,
20121012,-64.27202411274618,-59.86854345591844,-68.52972625784946,-355.67487941591924,
20121015,-65.62499249119044,-64.39915884729685,-68.04720594617636,-355.67487941591924,
20121016,-66.54998351094358,-66.64274841159245,-67.1967319916076,-363.7837883280885,
20121017,-67.56085067621876,-68.56226983599676,-66.61242285809725,-313.7616749034274,
20121018,-67.80830441996405,-70.03532690482959,-65.88809397466625,-288.56109111418226,
20121019,-68.11320358089107,-72.09159718469066,-65.66996276232405,-271.2544406193518,
20121022,-70.24151744607715,-74.51647433303181,-65.46526132934515,-258.85152644353803,
20121023,-71.93870667519145,-76.87101256328714,-65.59421671053916,-249.68894265924527,
20121024,-72.87891942108543,-78.75189261579867,-65.47468404056002,-240.34185588217758,
20121025,-73.65004624844593,-80.26714393816866,-65.31269918222789,-228.74313389344294,
20121026,-74.25781981342256,-81.313168414033,-65.30098908134791,-219.71670351906093,
20121029,-74.66877917094845,-83.68005737884292,-66.689569356868,-216.8008120697045,
20121030,-75.32934560458041,-85.67061268928985,-67.91421739786111,-214.4906054075297,
20121031,-75.74021606087408,-88.11959192064562,-68.79925062637213,-212.64882840559514,
20121101,-75.07861054868727,-90.60043687900001,-69.54096686262665,-211.1731905202226,
20121102,-74.46628975413493,-90.23142990744752,-69.92227841630415,-211.4311778710078,
20121105,-75.04750177540208,-89.87137463085894,-72.9052962437764,-214.73759064807598,
20121106,-75.48617652097278,-90.16819468132584,-76.87383478800338,-204.62952761864227,
20121107,-75.8190007734159,-90.42951809177576,-80.06205104625434,-196.35772723700376,
20121108,-76.09288847009138,-90.67429450431402,-82.48713232710641,-191.22347858214846,
20121109,-76.52270637165496,-90.45969147481597,-84.7188516599216,-188.08110482708463,
20121112,-75.68245907688753,-88.2007771296105,-85.2442489550644,-183.88846337772262,
20121113,-74.929135137918,-87.5694463894343,-85.41678925137957,-177.93935890354382,
20121114,-74.01425551013904,-86.77158185172023,-84.67246447865087,-169.783207806827,
20121115,-73.19701605820356,-86.4709606184538,-84.45642415754035,-161.53450089370332,
20121116,-72.64106662579553,-86.3271602621278,-84.16518810458936,-154.2023977714708,
20121119,-72.09267533535592,-85.96167963079387,-83.21012714045771,-147.49825513595243,
20121120,-72.03217665444546,-85.47897522980973,-82.42819424210835,-142.0211143826275,
20121121,-71.99220595400465,-85.16936852531948,-82.33373422490845,-136.7503805801864,
20121122,-71.94870123138132,-84.88874992720595,-82.43937489237574,-133.20652233400332,
20121123,-71.42829818126793,-84.93657932107581,-82.92263279421766,-129.92585573107837,
20121126,-71.20817952592976,-84.88493772011174,-83.18847083885596,-127.15557235547385,
20121127,-70.98810461309486,-84.8544835203942,-83.50309054767607,-125.42944613285873,
20121128,-70.66869334452588,-85.03457898464353,-83.69228709926418,-124.69603688107692,
20121129,-71.35794419863669,-85.32306374345958,-83.93618874683526,-124.6664999095636,
20121130,-71.99187618733909,-87.67030244974812,-84.69840857964186,-124.67276609573277,
20121203,-71.93054618125073,-90.94191925848865,-87.08945757499691,-123.95568118318259,
20121204,-71.99786433031836,-93.99287876912994,-89.13188213899268,-125.19369668937206,
20121205,-72.27003310710846,-96.38258907393592,-90.67309406873908,-125.56497195598041,
20121206,-72.06170535490124,-98.28392748907413,-92.32294156397035,-125.67220457031958,
20121207,-71.79807441984018,-101.43367078905642,-94.38343635377923,-125.35169491900847,
20121210,-74.67722105594761,-123.65805018085224,-100.44418358102381,-125.78892940039766,
20121211,-77.78687629725081,-142.04140680044196,-105.60164039650815,-130.35182845795748,
20121212,-80.2166545980407,-149.01252655592089,-109.20337855827476,-134.06413814592543,
20121213,-85.34431473552357,-155.2235173658892,-112.04558469621283,-138.34380906592494,
20121214,-88.67869960173455,-157.56041267842414,-114.13175968173438,-148.9658295214497,
20121217,-91.50601873611592,-160.25144788655882,-117.69819085556553,-159.63836490839248,
20121218,-94.05604413003263,-162.68413545621274,-120.59780778381078,-163.6764061316149,
20121219,-95.1168024514182,-163.02942405021798,-122.70630705133141,-168.13920469039908,
20121220,-94.2563342981482,-158.69451866331363,-124.19999986883009,-173.44537573488017,
20121221,-93.98953012552637,-154.85641361110808,-122.69291681762563,-180.05861489321546,
20121224,-94.06508293992397,-152.14037665316104,-121.82980811613949,-188.8403079468204,
20121225,-93.6670398500015,-150.08876472960893,-121.06320671899626,-196.03445093853048,
20121226,-93.60301084513611,-148.24756923300893,-121.38904394594394,-201.54758017189548,
20121227,-93.27175314039697,-146.1330376487682,-118.84086044833336,-201.57131591208983,
20121228,-92.80452000555175,-144.3993691606291,-116.272981000965,-195.4443367535928,0.0
20121231,-92.07970325851117,-144.42235041851634,-114.61343987662637,-190.49616121936427,0.0
20130104,-91.27963664760028,-140.72680437116188,-112.47134361820183,-182.3749178807067,0.0
20130107,-90.74160170336803,-137.05592321460372,-110.27337324107059,-173.8797076870443,0.0
20130108,-90.91578248817791,-134.07956661105897,-107.17762988503706,-166.95987094715844,0.0
20130109,-91.88132788047044,-131.51316169238424,-104.57404231837302,-161.92770243778057,0.0
20130110,-92.78101576065555,-129.33651483507646,-102.05688242083563,-157.51443316562,0.0
20130111,-94.31697338204627,-127.12182177926924,-99.8256682263316,-154.34118482779124,0.0
20130114,-91.85289165329358,-126.31678436428896,-98.60490853015509,-152.0776898176869,0.0
20130115,-89.8242663980122,-125.15116794978184,-97.57547576020052,-150.1987980997447,0.0
20130116,-88.7834769686654,-125.79505604214368,-97.23038939610757,-149.45019839090935,0.0
20130117,-88.32978246951969,-126.92029421375506,-62.31151999619572,-148.96072528500702,0.0
20130118,-88.1174223475709,-127.3867047595937,-33.85605075421182,-150.0486230357606,0.0
20130121,-88.44176634694533,-128.13877704804574,-10.452595601416812,-150.8597615818492,0.0
20130122,-89.49676837030567,-132.3726205445757,8.447051742200667,-151.56874285804258,0.0
20130123,-90.43876933855258,-136.20531875507305,25.261024690743486,-152.16179972970292,0.0
20130124,-58.50483895295081,-134.9625869832983,38.014479438879995,-150.26178390353303,0.0
20130125,-32.224348144983686,-133.6504135747673,48.52148964598739,-148.44510042681696,0.0
20130128,-11.136433013334132,-132.70141152869394,57.12450333991595,-146.9861100957672,0.0
20130129,6.320456978520536,-131.9680724757877,66.88480615951151,-147.48074475481874,0.0
20130130,20.091943397060415,-131.0161718817525,74.44455395183299,-91.4918003406981,0.0
20130131,32.60694100629268,-129.48533380804426,79.82377891393337,-45.126773910026586,0.0
20130201,43.38450354899341,-131.62308555529356,85.64773758266759,-1.605998759051521,0.0
20130204,51.92814646265837,-134.24222375754582,90.87156377183491,40.01711248213124,0.0
20130205,58.97012829504094,-135.50517548133482,97.33400627522047,72.85337322483404,0.0
20130206,65.03757895396699,-137.2383262920227,102.87691426145611,19.117919189604432,0.0
20130207,69.88681018253834,-138.53354134793997,108.8029120758875,61.276132124599215,0.0
20130208,73.9280952843817,-140.26837962432307,115.80686529019664,95.96967295471526,0.0
20130218,77.15308937819704,-141.04113375162385,122.1876928061007,126.40420716387837,0.0
20130219,79.7093086394025,-141.69524613902394,126.52350652844459,149.23260301639235,0.0
20130220,81.78701555409714,-142.31411706204653,130.85930413193717,166.31502599586645,0.0
20130221,83.78945208207024,-140.43863361738258,132.80300608655273,92.04956584422456,0.0
20130222,83.21239385324053,-138.4827269829219,134.2555888928192,31.006462885241376,0.0
20130225,80.93287017354668,-130.85333350741448,94.01442239173271,-11.51019846711811,0.0
20130226,78.87293534204227,-124.20447729181824,60.84399660386068,-45.960019697078245,0.0
20130227,77.15019667763734,-118.72122939061057,33.83250682186495,-72.45036018454606,0.0
20130228,76.72048677467232,-115.2565628764142,11.77436592051089,-98.67763290133587,0.0
20130301,76.25433634008213,-112.72301551068378,-6.316004514326885,-121.75532275710131,0.0
20130304,75.96661925972775,-110.08116451690722,-20.917520393296584,-140.65464375716664,0.0
20130305,75.49679701369017,-108.0126980724277,-32.83022162089642,-155.6022689428687,0.0
20130306,75.60828435678484,-106.49390802833399,-42.91184592613903,-169.48671903077536,0.0
20130307,75.76643322125044,-105.72965309751412,-52.01485465157261,-181.0670309444281,0.0
20130308,75.86241030448352,-104.71711511156543,-59.17029052759462,-114.82453224556554,0.0
20130311,75.75383801056786,-103.61895239933256,-65.03231365217917,-60.091035227366106,0.0
20130312,75.31059134208402,-102.7960412557772,-69.70636757434292,-14.917166473472726,0.0
20130313,75.00809483823382,-101.74782471567944,-72.18080280870099,22.05096219108042,0.0
20130314,48.69652775560305,-100.89236699620626,-74.13774650508887,-14.988508169511233,0.0
20130315,27.03188255907114,-98.69212036964186,-74.6289219069375,19.706463916974165,0.0
20130318,9.312425613669465,-96.7863435382866,-74.89656753525298,47.7677127712224,0.0
20130319,-5.260646595389358,-95.24110091553968,-75.10717675445501,7.115787247203687,17.373231152471984
20130320,-17.082934783084678,-94.20824965885804,-75.24818082091878,38.33272363556711,31.558115916389806
20130321,-26.692007957446183,-93.49070924803395,-75.02263915187369,63.96710110683249,43.86905650645443
20130322,-36.659848366413115,-93.3142458433032,-75.0645049252247,19.791465491557226,53.50903267425031
20130325,-46.67951280066047,-97.68170655243283,-78.7722591957681,-20.91188076017697,22.833047121664844
20130326,-55.25730120358029,-102.32154919617163,-81.9814177688286,-55.522980108787436,-1.946509380488311
20130327,-62.33069156246622,-105.53163953349934,-84.2787519629395,-84.62106072340062,-22.627730673887662
20130328,-68.19041373471165,-107.29104997479156,-85.80559889702351,-107.0225815931584,-38.962303959527944
20130329,-72.74096383079204,-107.91059049639279,-86.96059921458553,-125.15398441191546,-52.60758882280854
20130401,-76.28659905154187,-108.17265604430995,-87.1928835679644,-138.0909737391643,-62.74267792622107
20130402,-80.24159547080691,-107.6227057002949,-86.1162709104636,-148.91362152442267,-71.65692751071896
20130403,-81.93316677035115,-107.35566920257558,-85.28371740944829,-157.76922512815628,-79.15958247129004
20130408,-83.41234556216793,-106.9208972437225,-84.20371729534807,-165.0854801174767,-84.51070479098018
20130409,-84.92651925112885,-107.08546237366461,-83.36224811458673,-181.14903688779674,-88.89967504445231
20130410,-85.78904979449442,-107.96938440545577,-82.34571637114944,-193.45976888066784,-94.29500051743216
20130411,-86.7475732756125,-107.63094956142275,-81.20885277163933,-203.21360084997968,-99.78520530332989
20130412,-86.6124306393226,-108.26347578868605,-81.74941778665948,-211.04932400069725,-102.65789497534726
20130415,-87.55908025574819,-106.74244807491054,-81.00292620512558,-216.93949282615338,-105.08649157490422
20130416,-88.45192631531428,-107.38873454147681,-81.05990448429131,-223.884407284373,-106.90518827561901
20130417,-91.46919097256918,-108.31811139348214,-81.44254354403914,-226.33044881549722,-108.5860572821227
20130418,-93.49801512114368,-109.6337706239039,-82.0480426161292,-229.23979245774228,-109.96238246450962
20130419,-96.21982722897268,-110.29644671945309,-82.42514215020259,-230.78091389043877,-110.96432966039407
20130422,-97.91527767464575,-108.34368900149006,-81.7352835436965,-232.03949506744726,-112.49851812951924
20130423,-99.12583147240461,-106.72844665182824,-80.75869030869768,-158.14416365028347,-114.69471176795474
20130424,-99.23129862358945,-105.30573481139952,-79.85771973603514,-96.89720521677984,-113.65881087572691
20130425,-98.47606869656062,-104.05903653262392,-78.9401062012787,-50.00761819827692,-113.07595896441525
20130426,-97.70233065490946,-103.7199527215268,-78.48854996720124,-11.529796255952334,-112.61256595485459
20130502,-96.33198567751664,-103.04743434327942,-78.08720199745366,19.3209678607068,-113.4566344744825
20130503,-96.11570253310855,-101.52402034907394,-77.50635557111517,44.30731988867683,-114.34110203328375
20130506,-96.32253963135685,-99.61705286123147,-77.3581428668841,65.085301517473,-116.84364324289848
20130507,-96.42427883564451,-98.57221279716232,-78.07343108043162,81.08880930051444,-119.1405240376873
20130508,-98.18616915948199,-97.36530698353609,-78.03529117145904,93.75184776244876,-120.8206633617356
20130509,-99.94263207908979,-96.80356408177417,-78.38407254736353,104.05748233395755,-122.77123581940137
20130510,-101.34903795825683,-94.29646825997165,-77.22195447307242,112.52585214559144,-124.33922249278515
20130513,-101.30767062643667,-92.39224302852506,-76.5749221798064,119.21446178898775,-126.08981719366851
20130514,-100.88841564381728,-91.24822527358178,-76.4664236365103,125.19547841007994,-127.16379393076633
20130515,-100.99663459112826,-89.36061027303865,-75.4529325890898,129.86144063122399,-130.46891722950798
20130516,-101.51606466490325,-88.27817517826729,-75.0748359606213,135.11819795253865,-133.4266527020431
20130517,-101.60181385609562,-87.01575546785573,-74.69403983994097,140.6540728421269,-135.65593767526158
20130520,-101.83572331321356,-85.98571117084676,-74.39368136928645,145.5146502302201,-138.19298341578684
20130521,-102.25408090059636,-85.22236165069314,-74.17576555555239,149.98511556907442,-140.29290814134094
20130522,-102.73046367375117,-84.22569441484744,-73.89455065459133,153.64202066726105,-142.28760889814706
20130523,-104.70097355725909,-85.21090933753541,-74.9971023894614,156.29461282969802,-143.78666956791497
20130524,-106.21840487719776,-85.79305125436369,-75.84162079287445,165.3726582645942,-145.3710957340933
20130527,-109.7740113502736,-86.9345148242567,-77.12632851798193,172.99761844096705,-157.3759358714944
20130528,-113.79342242988187,-87.82603197330633,-78.23370433803348,186.00966883056344,-167.57182449638066
20130529,-115.17243236946626,-88.51653110041214,-79.22698660812696,196.62542844854624,-164.53235754757566
20130530,-117.11306798974204,-90.1219859056386,-81.12293939690979,208.1029181382286,-161.96956374598312
20130531,-119.46590367664427,-91.88640307622326,-82.77293986247227,219.6314437985835,-161.7803337582247
20130603,-77.93800666332707,-94.09607805227526,-84.25199312882283,149.7749987571107,-105.95491156591335
20130604,-45.957311192876276,-94.81128364791685,-84.83941994335287,100.65929488980665,-60.8545524406072
20130605,-19.15083436862329,-95.57329187287623,-85.81397201964853,65.10818030746398,-27.695848550759187
20130606,1.7496842708522484,-96.37365329689919,-86.26137776006595,36.009537887082,-2.7140468416080226
20130607,18.87044162024783,-99.03606418773357,-85.76813872208793,12.004201726623183,17.017870280009262
20130613,33.90664505966374,-100.86432948006812,-84.81535007845363,-7.6314474691104195,32.04976572758885
20130614,46.88355763247091,-102.37357309997242,-83.78752312898129,-23.767477714890983,43.79342743396168
20130617,57.25672085642405,-107.04759551709115,-85.05344633291877,-36.9127218684375,53.42732200361451
20130618,65.77956446330937,-111.63030037090587,-86.68270837193484,-47.86117013690004,61.19615231856466
20130619,72.91270750590344,-116.60206358940505,-87.89311042220525,-56.90340462166814,67.35156173649484
20130620,78.85746684193174,-120.63986582811904,-88.8198296447178,-64.33399220092804,72.29952309839197
20130621,48.11908913999134,-120.0885529229788,-86.53042856099556,-70.55257420942078,74.40688168562568
20130624,55.54144839448256,-119.99313747180311,-84.54925455132991,-75.46694537922166,75.69955829691305
20130625,60.97483046100718,-119.63095182747217,-83.05106330800325,-79.11628677364155,76.10663774954726
20130626,65.3796525586347,-118.9752091604773,-82.10850585380419,-82.35814623316557,76.53218874556242
20130627,68.85087250120378,-118.41693131414542,-81.29273563886252,-83.37436106005396,76.89580839977414
20130628,71.5014800023942,-117.9485459993163,-80.69783257492476,-84.28203706117178,76.8755323388566
20130701,74.17862396855969,-116.58255770659024,-79.94574310563802,-84.99533698257204,77.64194036529595
20130702,76.21385628082743,-115.65825028469078,-79.43362291660476,-83.53465497423284,77.52951179882207
20130703,77.63185188660296,-114.84298189182162,-79.01835005212837,-82.37264907736657,77.48640491566398
20130704,81.42229977795452,-114.37883309808264,-78.75045125745517,-81.98156824306866,78.05285388784438
20130705,85.6060876145068,-115.10810574763153,-78.85294336345845,-82.97828869666988,78.5065693352916
20130708,88.92328978091086,-115.12129947108313,-78.87802287455308,-87.61813452238353,80.03714878918667
20130709,88.3326141834274,-114.84870420212134,-79.3404629434562,-91.37783200855495,79.89189439581081
20130710,87.8459717038063,-115.94971090751471,-84.04360752247483,-94.43204873869517,79.89213059861687
20130711,87.51782607285793,-116.34620353339075,-87.63309541891802,-96.70718196608337,80.39185168312781
20130712,87.37465226078521,-116.16025182731275,-89.4764960041367,-98.4197345550573,81.3349793955191
20130715,87.25926324386239,-115.29628749608294,-88.81411489388972,-99.7777997035509,82.3099236087504
20130716,86.81124553028725,-114.68328025067936,-88.39437115921481,-100.97280240152472,82.7410597968589
20130717,86.4913687818772,-113.83172829096007,-88.04241634951141,-102.05988584066917,83.161906037871
20130718,86.12082371593982,-112.95570520069867,-87.48779566770351,-102.67203469262425,83.4718223322712
20130719,87.54333588558355,-114.55149996186981,-90.01026653375683,-102.44838186190499,85.39147813786843
20130722,88.94957229579947,-116.91589325091293,-92.4009106189913,-102.9231354187342,87.55510091029193
20130723,88.90570121007687,-118.92444000283359,-94.25132166818538,-103.1586509072721,89.2379807278258
20130724,88.44433798150267,-121.69775960701547,-95.47910748928865,-103.35204560638735,90.54521443132039
20130725,87.91546114680405,-122.25767478384441,-96.43260288752414,-106.74939384429626,91.23829667527203
20130726,85.0793581084664,-119.65870177823096,-95.13872909699367,-104.2137311717454,88.87890887126235
20130729,83.06419782648261,-118.86310071236137,-94.9849377511078,-102.07470602068268,87.26875757388682
20130730,81.51529330225787,-118.20968206252793,-94.83537299462469,-102.99059757565905,86.82053324153867
20130731,80.44912693492633,-117.0246741032627,-93.54348327980132,-103.29531598235042,86.50935502649438
20130801,79.48993052251596,-116.25250723982077,-92.88180112242061,-103.63212823461826,86.32229136445295
20130802,78.63427491081514,-115.46079148749492,-90.98166133507732,-103.46860716842164,86.0406029348679
20130805,78.25467219334554,-115.25192870797657,-89.30854737947622,-103.36799778712961,86.45705980586895
20130806,80.45237606813605,-115.28013551952169,-88.08631094704589,-103.31438044023433,89.09056445115642
20130807,82.18104972433567,-113.85679507209078,-86.7459558369256,-100.88869787140906,89.8992638001686
20130808,83.27878897603492,-113.46802986260467,-86.0539085731672,-98.6119030547666,90.13899732895712
20130809,83.8983879959979,-113.255827899574,-85.8086041701284,-95.87127201296626,90.31295493161353
20130812,84.30000174197575,-113.58201955722022,-87.63051592752085,-93.0244171939212,57.60835650718735
20130813,83.45829819361076,-110.45727211113359,-86.2334549751476,-89.33019050193866,62.14890657205625
20130814,82.71162882074674,-107.7011358351158,-84.86729780493721,-86.0828280377379,65.87241573676685
20130815,81.63302957403491,-105.31766854700524,-83.71629861732796,-83.23654001630563,67.75556504528618
20130816,80.8358633342376,-103.1962627997085,-82.55583289645311,-81.13432623400155,69.43129260296105
20130819,80.07630933248525,-101.39597712105012,-81.59483246734641,-79.37921562589783,70.81731962075749
20130820,80.67681719239775,-99.5774290974917,-80.27178681556758,-77.84824891625152,72.60475313246386
20130821,81.58190126397818,-98.36595063758628,-79.44408870724817,-76.65097666839988,74.0764156433688
20130822,82.51674867671859,-98.06887974930382,-78.94075344614284,-75.97137098661958,75.51535545439921
20130823,89.47464778733328,-100.35699615164121,-80.51956770916121,-78.40020123826656,81.99468075490685
20130826,89.40134688758444,-67.70865142477153,-79.07063434267035,-76.80288817035627,82.78302910904156
20130827,87.38611314608993,-40.970962934863074,-77.80243772638548,-75.36329905931777,83.43624335873587
20130828,85.49669367786147,-19.434476828515162,-76.19552599939729,-74.01455304289516,82.134610025745
20130829,83.51130596188383,-2.351349900949175,-74.02780088188948,-72.75729640252882,80.3620197555939
20130830,81.14866445012625,11.490791408842803,-72.50852001694962,-71.73298813257651,78.537376606148
20130902,78.62793818783013,22.520512548140427,-71.11956893580974,-70.77433897435499,76.66362465487278
20130903,76.43937703856606,31.536919440452884,-69.97987153858871,-69.9988766611307,75.09686614584092
20130904,74.48121385810335,39.17622262933695,-69.4522117081718,-70.78327999430127,74.13768527468264
20130905,72.61483678060725,45.4174588352765,-68.99188643273266,-44.42329137359687,72.98761581882555
20130906,70.88930325721428,50.14243792906015,-44.47771049016577,-22.7074871493627,71.91541207253837
20130909,69.33365646414013,54.04493548138902,-24.36201756794644,-4.738601548897482,70.5901567690391
20130910,67.95670809919739,57.61810769143192,-32.06530144037924,-18.52840964372541,69.74320617220147
20130911,66.83685257438367,60.69468277564791,-38.4841576077995,-30.13239049559411,68.9175854523215
20130912,66.01741849264923,63.21164421708377,-43.75389552336627,-39.8651509831547,68.91583395510709
20130913,64.89750647433651,65.40842453451374,-48.29190182690093,-47.997230832307,68.87004785133375
20130916,63.266348121656875,66.6636346013899,-51.815562772428734,-54.42081028695499,68.12338846989196
20130917,61.922614699901516,67.9280841412711,-55.00657831227775,-59.835083981931966,67.4486432087522
20130918,60.8177876663184,68.92927960657441,-57.607310840567344,-64.26632700333504,66.92473231527875
20130923,59.76572958399246,69.7435852936029,-59.71224523569536,-67.9652193689542,66.61757749304213
20130924,58.86992220033257,70.33843217708225,-61.338541248219464,-70.90770479004433,66.04632258932797
20130925,59.366337924043485,75.81759401917154,-34.39154947330312,-82.32328405299248,67.92892632089192
20130926,61.26712520343327,80.68722321684795,-11.546937467858772,-91.79545580848209,69.86452536843377
20130927,62.79243480215514,84.81990448214836,7.912865781330226,-98.47435937835881,71.27275424357538
20130930,64.12746959738148,89.09887128386943,25.76995745318461,-104.3682766621152,72.8672894950513
20131008,65.7561286616575,92.47959524031259,38.112884385068135,-109.17777014095442,73.56024128169851
20131009,68.61563843415504,96.71032523873268,49.48470652763396,-113.9069367222262,74.9193769704231
20131010,70.60835978191189,99.8212795808267,57.7991910247144,-116.99380603823782,75.4151794978721
20131011,71.99012391650837,103.49941140806652,64.8125727410214,-119.79377303475013,75.83084149415758
20131014,73.15326157010111,106.51488693371797,70.18091217136512,-121.86903847804331,76.58260817953315
20131015,75.0170940003039,112.03773055496515,75.41697064814095,-75.75093603896941,76.42414122993503
20131016,76.5795085746999,116.16808820083125,79.70119893206999,-38.298966155281775,76.75493065070111
20131017,78.35808096540428,120.90887070072304,86.4932612045454,-7.0702353174445935,77.50924866538728
20131018,80.27812302836777,125.33126911603713,92.04501703065652,18.930145872841223,78.46579353557811
20131021,81.82553756818272,127.28379160293585,94.54755585721605,39.65514229160982,79.0674975672143
20131022,86.1208165206807,127.39295070019156,96.3374098471651,55.20942306882883,79.52981549797585
20131023,93.11216165817663,132.05597712769307,99.71130160724843,69.13010800635563,81.58170689126229
20131024,98.32115630007735,136.06278064856647,101.92315279042121,80.77373467023055,83.1253368453394
20131025,102.03669017699976,138.16902453166858,103.44324266389111,90.20007873336564,83.20903819311391
20131028,105.7962112240771,140.29716496612824,105.04198226261482,98.32367916029362,83.27344031715691
20131029,110.49580435629666,140.82032076239088,106.47104840846555,104.28643228452918,83.71489208833724
20131030,114.53186986580873,136.54314899249198,103.03755740787177,106.92786711554618,84.02240529381177
20131031,118.01923749062237,133.14292966736917,99.84485043948483,109.37618688835384,84.34022025068137
20131101,122.28329778267157,130.3604725214493,97.46562388885441,111.57718223171476,86.33066562773345
20131104,126.52706313236617,128.35051234123617,94.91891319978163,113.17408732345919,85.94821337835234
20131105,133.9980779759601,125.95459689771798,93.28953004092068,113.92496039488826,87.35426928311983
20131106,139.93311397012107,123.52849518278104,91.7718786580444,113.65524962937266,88.33866419602009
20131107,146.45218637044422,121.66339732711205,90.78129548029415,113.43179535196708,88.59577209269253
20131108,157.05041734995507,120.0254039948035,89.7564454205147,113.3073217782419,89.02400267113104
20131111,159.76151112440814,118.53274279871803,88.80695192406053,112.95947207302181,89.24158567189428
20131112,161.54555395695144,117.02890686291273,88.01926953763817,111.44929752722327,91.09746659549411
20131113,162.57340922588753,115.78850751876847,87.12081474372026,110.22814220827438,56.45386866886159
20131114,163.9380752840552,115.1218081253493,86.76131910517684,109.03904322605433,28.67064593564367
20131115,166.72302486708162,114.45333788383357,86.15033483533747,108.01204627028555,5.932941862092033
20131118,165.64025073978758,114.16993381234359,86.76552039979288,106.09469035166352,-12.639176660640294
20131119,165.35843114739498,114.76420337690126,87.42513572712141,105.2133759032586,-27.91666678429603
20131120,165.8884685703973,115.37747162636343,88.05266069158148,104.03572357072674,-40.65015552742767
20131121,168.02794315858802,114.84264916685378,87.94976793039388,103.00574759016233,-51.21768327171748
20131122,169.4914338142721,115.04343644257852,87.87072598287652,102.2738993235498,-61.55825507511929
20131125,171.98577985068928,115.23915198982024,87.87071137278815,101.85647003182466,-70.01954088919123
20131126,174.07403196556714,115.4446701274397,85.99960485317072,101.79031490492197,-77.56173566166737
20131127,172.23134355096795,120.10220830366593,88.92231750407987,103.89275800281874,-83.5619988406345
20131128,170.64150238420885,123.78835163860936,91.5236204736415,105.58132146610293,-88.41024447391369
20131129,169.59554506824517,127.42020942209086,94.264242467452,109.27012333142562,-92.15975368967385
20131202,167.24973517304866,130.4814321148337,96.4054864535271,112.84710423473172,-99.11014362434084
20131203,109.49137677452595,133.16188826510813,97.45998499344526,115.58107849754283,-104.30005204161792
20131204,116.9187033839588,136.5448574550906,98.26442159801671,118.90479344743805,-106.6029152193428
20131205,123.02394773652215,138.25932257061413,97.97437236930237,121.19561403034677,-112.85986495726627
20131206,127.03793751093558,140.03170835392166,97.75460702410729,123.0515256344252,-119.75935132361117
20131209,131.24627536338514,141.78102836599237,97.37455401260993,124.88955844713983,-125.07931763810288
20131210,134.7045523061165,144.2014239509802,97.23769246007187,130.2656005377625,-129.77637702873642
20131211,137.65828963295488,146.34060820679656,98.02683080474516,134.48647391126278,-133.46020767417673
20131212,139.30761448109425,148.28409623102573,98.42239123692912,139.05329292817282,-138.3000935561144
20131213,140.1273757913259,144.50913261610972,96.87091064473992,137.0981283549594,-141.4082442418932
20131216,143.8052245881513,142.1733887121787,95.65496613119703,137.06426822323448,-144.90099605689485
20131217,145.8243065642695,140.1855783109334,94.46818802760359,136.89972758304563,-147.04117371625262
20131218,147.4763768541455,138.82209709367118,93.78197849269064,138.7915844503102,-146.87723326586993
20131219,148.2879376266274,139.6618167675069,94.29885660927359,140.76759027238523,-146.68101887658543
20131220,149.31332980289213,140.7737699707158,95.44780316442552,142.36659430529124,-146.83951761439826
20131223,149.84374578401906,141.47296602668376,96.38321095390056,143.57603535483548,-146.50698647570243
20131224,148.09997528177325,142.77123245862248,99.74765115426098,144.70364119261873,-145.3506181052604
20131225,147.56921906802822,144.0777343229453,101.85883456761147,146.22136110016572,-98.77713270920903
20131226,147.15793359657894,145.10840697541212,103.45788851574214,147.50487292096494,-60.73365168004666
20131227,146.79443137210862,147.3403911048968,102.91217132300758,148.22188584689815,-31.903428598720566
20131230,146.89170977796454,91.93221564271623,102.6314983844867,149.22810146746465,-9.195427119847793
20131231,147.1973862849904,46.829755754627875,102.95231519514594,148.90939725794354,9.552937675694505
20140102,147.44785338390778,64.07177184389879,101.57045923781364,147.7939921314559,25.508296231802067
20140103,147.34635303400046,28.068491796618755,100.62823706284915,146.18636080492269,38.26336593603238
20140106,147.77899367845703,0.4549927959057117,99.15883000033435,95.50477577310402,48.61052004842183
20140107,145.9620341304235,-21.577175370447105,98.4497421357377,54.130331491013216,56.161324616694806
20140108,144.05459502380458,-39.713542827524925,96.15952075266705,20.659169392664587,62.350541216906095
20140109,141.67482589026505,-54.46167467233969,63.13759314693225,-6.611047338854737,67.37494536110188
20140110,140.4954904350922,-66.35322604116121,36.316694062228535,-28.841488690397394,71.68952556953934
20140113,138.8813340890737,-79.21469089510866,12.854272050561626,-51.07288671763194,75.25394937696021
20140114,135.40330005216,-89.230878866238,-6.256606306570849,-67.98535604166646,77.64836998738106
20140115,132.87241306310307,-97.57645993283144,-21.822008080810363,-82.3799308431088,79.57195669399617
20140116,130.68698561868592,-104.15728254819983,-34.113471349556356,-94.08526836252645,81.32389788591124
20140117,128.86112962206963,-109.87469472103818,-44.3934047658001,-103.6095160713433,82.68448888292664
20140120,127.1678083897934,-111.95176630672728,-51.79732370262238,-103.44634326714247,83.79021364248693
20140121,125.4457587852824,-113.79280304083069,-57.8164343796901,-103.32794300407458,84.31256391057528
20140122,82.35052759749959,-115.40947742991726,-62.842111675055634,-103.3982245924305,82.96178491415091
20140123,46.00123958671414,-117.09986545976636,-67.471721600111,-104.05710403809837,83.58589103877542
20140124,16.289230715618505,-118.12372302029554,-71.29787176244895,-104.63036676100808,84.099994357509
20140127,-7.822818871408068,-119.14640382144437,-75.4716646172937,-104.9875100394145,86.2521545078846
20140128,15.327963951158107,-118.76630117878004,-77.94559728983675,-104.22292805154734,88.43028074080304
20140129,34.52295528683685,-118.43538660715342,-79.88019069498704,-104.15322177357196,90.85667341539957
20140130,50.30883227909276,-119.51742885980082,-83.25263540355677,-104.03643923352777,92.71695981129135
20140207,59.241481924334906,-81.99212855205248,-83.79225556938583,-69.61794625046674,90.39405235544619
20140210,66.48494305685291,-50.60965828076271,-84.2185099471501,-40.88383361038521,88.5305255490839
20140211,73.93047741822532,-24.65297806316389,-84.57531149018965,-17.769097277655007,87.60666389990084
20140212,79.35609144251245,-3.464634864609577,-86.9970629857087,1.1561731587501183,86.73587378000764
20140213,83.83539197399566,13.843078167296603,-88.82645466979947,16.657426873137265,86.01955680102033
20140214,87.30785388160548,27.69811264174428,-89.71253291580283,29.193880003399343,85.35330548905407
20140217,90.12098307682908,39.05792200368589,-90.51607002822472,39.55404360890788,84.67623255369227
20140218,93.57821603234876,48.33605036371054,-91.14993167588925,48.00748416957242,84.94258402883557
20140219,96.81343569518138,55.527777589168664,-91.92212501044,54.601544048265666,85.40501796641902
20140220,99.4734845761813,61.41202849598794,-92.77157838212501,59.95657587504702,86.00469797437006
20140221,101.13484883812058,66.11723570770113,-93.36530614604548,64.24562186371631,86.16724251149466
20140224,102.37677820672793,70.43157591185606,-94.0895451614596,70.24209142965333,86.11837963630346
20140225,103.69581945687585,73.92774282184634,-94.47005993814518,74.9897657734009,86.29524788494366
20140226,107.1096935444937,76.7910727517782,-94.89089623543637,78.9970204242623,89.2862012541306
20140227,109.7963873886545,79.05140274424922,-95.37995592253188,82.21947483148925,91.75161849486949
20140228,111.25195675790167,80.87973039768497,-95.2932700962674,84.75462493524365,93.42765520756508
20140303,112.2875822594577,82.31680034291367,-60.30601455827751,86.9127455175475,95.0892596958823
20140304,113.00983073408364,84.69845777693604,-29.59125578762379,90.19872766494447,96.72880392072865
20140305,113.5535846690451,85.06688887358462,-5.812356208612903,91.50480497765103,97.35915435426253
20140306,113.98855970698158,85.98399273906973,13.488444664204682,93.22015265027628,98.01543329317965
20140307,120.15411065521822,91.00189207730446,30.687275620413878,98.91253965761965,106.4863036594761
20140310,124.88924797488298,94.8473813474498,44.77793559131152,103.39227255596525,112.73810907539736
20140311,129.5738680413847,98.95417558120884,56.219976059334215,109.82572408480166,118.1939281350956
20140312,135.75225585065218,101.285653303464,64.20011102053148,114.11722416866338,122.28440509203925
20140313,140.42632241382972,103.14835477485298,70.5317174625347,117.5742619370914,124.55227320762974
20140314,144.89781897464783,103.17684107655926,74.09564706249633,117.13322928648697,124.11425729654738
20140317,149.53889757372878,102.91133284127673,76.72673391041833,114.89417940274086,123.91915067660366
20140318,152.525248867788,102.51954546654454,78.85284802179083,111.66369085698186,123.620107490022
20140319,148.10424439598867,102.92342827925225,80.6984584144301,109.86279626995622,121.42652087975108
20140320,142.0435769968315,101.33923363777217,51.12260840630959,107.18945019211071,119.5614583996297
20140321,137.89961693818037,100.05766294134592,56.7721814499541,104.99223289089095,118.54934974259822
20140324,134.51991993913944,99.02759339359477,62.01435459641793,103.1917159335931,118.22792211012818
20140325,130.09881529518208,98.33977819403854,66.41496893760686,101.78077410467021,117.36519938521653
20140326,126.39854779214562,97.54098176362882,69.68991224240378,100.45654238512478,116.66268548510163
20140327,123.42425039225719,96.96215236246802,72.36004237050841,99.47659009576687,116.08434687007332
20140328,121.66160620605271,96.76157497331513,74.62551479458934,98.74634777117404,116.01017057094529
20140331,120.50213458321348,97.5486112343406,77.11789758832398,98.66728369912549,115.82545007182378
20140401,115.05473610977681,98.18951067618212,79.297757520639,98.5403412717602,112.64941577594192
20140402,110.583388765842,100.11986756557249,81.66490409463432,98.80277849184395,110.74741891856559
20140403,106.39324751825492,101.0800054533406,82.63263747438349,98.8556138049786,109.19467112468321
20140404,103.01319152955675,101.91714285590513,83.5384523915587,99.41662220294835,108.27787690204558
20140408,100.14401910565935,102.66812954542789,84.26492186301809,99.99731096091408,107.88536320426518
20140409,97.80670221641381,103.80400337068836,85.78864598337641,101.0768465702435,107.28798712232614
20140410,96.08973211199387,105.06270140859755,87.38421644421642,102.04354043559447,107.21043484262808
20140411,94.7963774624122,105.92021340914721,88.45167036879451,103.1031341227881,108.42476108782974
20140414,94.20490252154708,108.06045500965074,90.72542189764518,105.58997711287995,112.87433112455618
20140415,94.05654177144207,109.57780399189126,92.7922464241235,109.54539358702134,118.0622063954903
20140416,93.61480459228034,109.60456331385569,92.5724281160603,114.64773603557924,122.32175692741657
20140417,94.15216617541819,109.61075462271299,92.84447937160154,118.95562157605016,127.56345088248734
20140418,95.43986382287352,112.61208307132104,94.77302676081422,127.44861307168144,131.8719869478686
20140421,95.89007683994879,114.03335485509993,95.7984538402352,133.41576209079128,136.07560340710123
20140422,96.54177760092516,114.99765586245161,96.1853256326285,80.29735641116042,139.40691057678313
20140423,97.39807257827411,115.30347849879584,96.42936322919104,93.87498117846373,138.82447198432402
20140424,98.21217228117294,115.92534056156883,97.24144231505737,105.41255506738483,138.45558768591596
20140425,98.91789056967687,116.43499447847735,97.97131925943005,114.61038312930842,138.1942848654212
20140428,97.27078352599023,116.59072841394507,98.62155124708993,119.32737026658707,131.78356260918565
20140429,95.65653337448408,116.57748842646157,99.10796253974894,122.03654694570704,127.0075099071782
20140430,98.54407738454002,116.54545696902407,99.3951593741589,124.22869157770903,125.54944564065872
20140505,99.33593171498305,116.59082839630283,99.40002703832738,128.5166823140157,123.12603598970918
20140506,100.46205546780078,117.31682294283776,100.7129691250986,133.4684075807679,121.09261329798284
20140507,101.53532159570041,119.75241083096967,102.99920026755024,138.434922841635,119.59906257339708
20140508,102.89109144009151,121.52521093754874,104.8317247780833,142.73930026020972,118.14904167225778
20140509,103.98264881797188,122.23201851967306,106.47387840417491,146.28561664393828,116.38921925308301
20140512,104.40016191696004,122.83293137275254,107.85639720119109,146.60810023907467,114.94313190832925
20140513,104.85636096012261,122.44308464432258,108.56237938436941,147.6516325536037,113.9102250522522
20140514,104.59825832111491,122.10392692602665,109.36429090244857,148.41107284175587,112.14147253904993
20140515,104.38073508107331,122.43117789639433,109.91452813292634,149.30666933083128,110.69277984466072
20140516,104.68849324905814,124.76100912187873,113.9593497051782,151.89826508494664,109.50281646921434
20140519,105.58541271322883,77.23025823424416,69.22921646115196,94.40300222837192,108.34791510385237
20140520,105.58317540159196,38.22132255629717,32.76554543843856,47.62415951023206,106.87083800721679
20140521,106.26743841395636,5.29559557151011,2.207987978299246,11.067563400046835,105.76674135674719
20140522,104.59299050332076,-20.554626730488387,-23.610294381541475,-17.684268974422338,103.3775820131741
20140523,103.84858600188295,-41.78643104095166,-44.42104493201769,-40.80506456318588,102.73567055039524
20140526,103.26736154470586,-59.00600977412089,-60.80804964518209,-59.241018455814086,102.2381266680784
20140527,100.70326272563251,-73.42994986253966,-74.50832932324462,-74.54974066616293,98.88253875353925
20140528,101.03923646187798,-85.7667648601727,-84.21541226404602,-90.95010389912811,99.09867887842141
20140529,100.99731042130914,-95.88975827626403,-91.82148644921818,-40.53515914641676,98.93288054634743
20140530,101.04064051762934,-103.9841814183724,-98.14546056209201,0.7312433544638777,98.89367476401853
20140603,102.58362220189959,-115.41880914123783,-106.40115508088942,33.29940041733152,99.59243386119732
20140604,103.59791071465536,-64.02515757959846,-60.926487737336,57.31711812333912,99.88655895945139
20140605,103.1679974531316,-22.94013802575334,-24.12154932367756,77.48170837080546,97.44113980822297
20140606,102.42596345663927,11.427796239855999,6.26551815200539,93.86305954498707,95.22549522904927
20140609,101.6890299782222,40.576927683468256,31.073435632711007,107.22275454139007,92.07504295613596
20140610,101.33644348600669,63.503311864214304,51.39233256301547,119.99093251017345,89.4286677233287
20140611,101.10102077337955,85.28305342227064,69.69461703095948,131.04076488722893,87.29557875179826
20140612,101.21015325325756,103.11103894249207,84.63506800819727,139.88828989488357,85.57401389959111
20140613,101.10323994418208,115.96586248173314,95.35094328902959,147.00050638926385,84.1111755303312
20140616,100.60593153175404,127.17534190831272,104.73050025585157,152.67372025242165,82.83483121514645
20140617,99.59768042402102,70.25367782723154,58.22621540819353,157.00859396774607,81.03436008294304
20140618,99.48286054501514,23.461825023648082,75.80196736357138,159.94676690479602,79.92624665664307
20140619,99.34846436795806,-15.165502976503287,33.6864949680845,164.58615778089603,79.02540056112612
20140620,102.43911488042157,-49.6839037351928,-1.059064126355969,170.53923099617666,79.58167499414982
20140623,104.24342921202576,-11.750842543500598,24.090309555730336,169.628930356396,79.39582793431663
20140624,105.51692380380436,19.877272125343683,45.786656590478316,169.05504974792308,78.7789281595691
20140625,109.47299284532465,45.7314654898528,63.35696135046237,168.73984864817442,79.46491576915297
20140626,112.70799521420928,67.17066476093854,79.76429064229312,168.4005669541719,80.01566023745941
20140627,117.25961007356905,83.93965277248314,92.405791744203,167.50110455585894,80.68163625907965
20140630,119.92147459435746,40.59432686721547,49.74523912881309,166.24075701600984,80.91793669448079
20140701,82.57127483597097,11.724804804067249,19.526807646469738,112.63394804850388,79.1699745031162
20140702,51.99935355651848,-11.905910018536042,-4.870283788333617,67.74115989868675,77.55481405852214
20140703,26.623219677571836,-31.599645884061974,-24.94143719782539,30.985396741151067,77.28206834251858
20140704,5.778587643796487,-47.50643437411142,-41.340553758864424,0.8371244745995088,76.40725134488777
20140707,-10.768063092006798,-60.354806411314236,-54.858046041882695,-23.186346818033517,76.99380170141445
20140708,-24.04948066861994,-71.11648424984234,-65.96739889075721,-42.89337375264517,77.42794458201874
20140709,-34.49001604670123,-78.94540899879621,-75.54414381270351,-57.96769240501982,50.4601233894976
20140710,-43.617922401126734,-85.31500670508761,-82.29234263744799,-70.35484771883024,27.806712263375143
20140711,-51.10275104661665,-90.9925056243681,-88.04387614073362,-80.15492971382281,9.361969451544029
20140714,-58.010768147625534,-95.33068969976739,-91.30903100566124,-87.98575461531317,-5.920668428635054
20140715,-63.68242409573796,-98.79833537033807,-93.91750602401545,-94.34410717769192,-18.792658420107305
20140716,-67.55447565499301,-101.10566552501304,-95.9778846454081,-99.52056415790761,-29.187127876635227
20140717,-70.89665969502983,-103.26296181078449,-97.61645826484259,-103.78025543262258,-37.34253944096989
20140718,-73.88710248339811,-105.88437439407032,-99.29779858557795,-108.22276785732929,-43.97211378688197
20140721,-76.75589654104985,-113.13185192319621,-103.09321748000902,-116.64708742555506,-50.20025335078465
20140722,-78.84837600233666,-119.63714288336107,-106.2208356508307,-124.36450291195992,-55.15929368645854
20140723,-80.32840283517002,-125.05911582136474,-109.12129463004173,-131.0768265619252,-58.6948325701219
20140724,-80.01317963247763,-128.9002817608268,-110.27097689266188,-135.98157088732387,-61.18007338781793
20140725,-79.87515658793292,-131.97200550686443,-111.50484106108576,-139.9123120559309,-63.48825059519596
20140728,-79.14116082161263,-133.64685800326367,-113.00334055404794,-142.43879636434983,-65.29898211145243
20140729,-82.14828414875893,-142.32658745568324,-119.48358673494438,-151.39723302483014,-66.93260057538592
20140730,-84.64172752904408,-149.85679876145775,-125.58373190666634,-159.50522758562582,-68.5643044689131
20140731,-86.59518031392405,-155.70828376570023,-130.83797480738258,-165.20902347289706,-69.82862513388471
20140801,-88.01095276652877,-160.3506687104588,-135.17343879048198,-169.61610787377182,-71.24153794961482
20140804,-90.46865751725939,-164.94990417162705,-138.80708495181395,-174.7482083799444,-72.68532138609865
20140805,-92.6354709429955,-168.54624227918677,-141.8632935820586,-178.82168866083347,-73.77560376217578
20140806,-95.88413069606513,-175.9384056221852,-144.35381907447012,-186.6653932149856,-77.13822247635193
20140807,-98.16224673001828,-180.93120638429178,-150.15924610350328,-191.4442779037656,-79.5950748025428
20140808,-100.11843476836715,-185.49186442096945,-156.2221394049061,-198.6429620860001,-81.51275241482689
20140811,-101.73334292336743,-193.55034036492017,-170.69534123066083,-208.26326002724596,-83.1493543486498
20140812,-102.23303075910302,-195.86470818930667,-180.92956873350937,-210.91454250676668,-84.35902981745278
20140813,-103.35330614393524,-200.26489799481695,-191.26419369916536,-214.59303141322914,-85.19097380937997
20140814,-103.42942770020981,-186.1678931476981,-185.64296097774096,-197.31443346672512,-86.29229530069145
20140815,-103.14360704787931,-173.8248953729643,-179.91527416831357,-183.03800506348605,-87.180793746483
20140818,-104.18770703002451,-163.6772897031973,-172.84394812386554,-171.31371149545353,-87.9023888399935
20140819,-105.09293734999481,-155.29214136192837,-166.78892996477947,-161.56140495300684,-88.9377844348892
20140820,-107.01437859702794,-148.51468694651726,-161.61737928056067,-153.55864227939622,-91.31823943186049
20140821,-111.7108750920839,-142.56212562091298,-159.24148532389833,-146.17141506982725,-94.01399065390443
20140822,-115.59840653899299,-137.5905468713597,-157.5200824304059,-140.02582282837398,-95.8047998279641
20140825,-121.10883354777849,-133.97455758547252,-154.25416461788004,-135.17799944207627,-98.04187960423891
20140826,-126.79618384084007,-132.18025462487591,-152.48605065901455,-132.1838126350217,-105.57239314387812
20140827,-131.21260660341667,-127.3248895529097,-148.49506356510167,-127.3244181593092,-110.31604459297962
20140828,-135.04890811670353,-123.4358969273198,-145.43686158751856,-123.52596170875105,-114.42821552585622
20140829,-138.61318282444753,-120.34066741004409,-142.96841556404678,-120.4541437589801,-119.32249125554124
20140901,-141.82999515496235,-117.66894956337634,-140.8249219283312,-117.80537157823653,-123.41461032123142
20140902,-144.44195894734128,-114.70629825887751,-138.2892248336038,-114.85617906934195,-127.24393201151793
20140903,-146.34986241426427,-112.20868489823759,-135.9624849496514,-112.44219656855287,-128.33898966291545
20140904,-147.2880096663359,-110.43899880016417,-134.349653160392,-110.70709240120274,-127.45726048768915
20140905,-146.5436992368793,-108.83034434781133,-132.10206385301223,-109.20599323956723,-126.73893824685435
20140909,-145.9344474798735,-107.09709011860434,-130.1191313375113,-107.51582729993915,-126.36927665882094
20140910,-145.73855488796335,-105.6647352030179,-128.16734133333966,-105.95437414439587,-124.79932840195244
20140911,-145.59401253734723,-104.45295583595434,-125.8946745700599,-104.49917193823288,-123.73781149887509
20140912,-144.47441188194435,-107.35622488047754,-126.32738603582365,-107.9977108158759,-119.42110986114672
20140915,-144.93594274359668,-109.41528642069355,-126.5002291070873,-109.53711314065029,-116.0005157841862
20140916,-144.95070423500522,-111.41032339605614,-129.05440003345865,-111.1501705043962,-113.223931517602
20140917,-144.6038323055233,-113.03170406773008,-131.09121738253782,-112.39742444761556,-109.97407776010806
20140918,-144.6719638414626,-114.46735034659456,-133.28894695639553,-113.70609254282779,-107.36705902421143
20140919,-140.60164983741797,-113.31100403531502,-132.3361770308989,-113.97339607255829,-104.3320091701243
20140922,-133.63571996144134,-109.75040176629152,-127.84155067779706,-111.2838363790555,-100.22796336794828
20140923,-127.47376082394561,-106.64438815114657,-124.91337833942053,-109.07106835091062,-96.34132956606337
20140924,-122.59933689822003,-103.90608850330322,-122.35782068486411,-107.07864567344318,-93.17957560361145
20140925,-118.8656592148405,-101.80658151869716,-118.36275124915556,-105.5279302614096,-90.83675494542054
20140926,-115.47939882941265,-99.7161139253421,-115.01299413128187,-103.00538036253582,-88.92414254468432
20140929,-112.91296261299492,-97.69749637112957,-111.81641516952665,-100.27307867739432,-87.3807121782288
20140930,-109.327844294185,-95.72353554998959,-108.64339176836641,-97.86070820689534,-86.00350423159519
20141008,-104.85502919174981,-94.39140346291641,-106.11768821055057,-96.22677931170227,-84.50206760467628
20141009,-100.90307168451177,-93.0531154289418,-103.88184909056793,-94.53136220070168,-83.62260200966249
20141010,-97.48248872892401,-91.59733172955737,-101.71699506364092,-92.90748140426456,-83.01143643424514
20141013,-94.53410098561089,-90.45719348265882,-100.0952256058351,-91.58944748659775,-81.15112624904923
20141014,-90.73685344319624,-89.22901471723341,-98.76433443971881,-90.46163393899684,-78.69099980981845
20141015,-87.7455615186607,-88.20632946801767,-98.17358348946703,-89.70964699364269,-77.21398602889164
20141016,-85.28512383441951,-86.73740065589148,-97.27124510469461,-88.74547124299349,-76.02438518236686
20141017,-83.47228268378902,-85.9892741669567,-96.73803902802396,-88.55920881064452,-75.73791147260064
20141020,-82.00334398805482,-85.47795561484264,-96.23045376656887,-88.51617190765565,-75.4320345681853
20141021,-80.79692869035384,-85.1041363259754,-95.79269810812579,-88.69818239129344,-74.86921799788094
20141022,-79.69189318930597,-84.590641088212,-95.36787768474822,-88.78510943306824,-74.69793977194385
20141023,-78.82518393483498,-83.58058435679598,-95.1291836240744,-88.4959476851204,-74.50867110974144
20141024,-78.28612658065951,-83.57947260649394,-95.8838167919043,-88.63927075656655,-74.27722102169777
20141027,-80.12083307466683,-85.03688410114493,-99.33750174220977,-90.18748155677724,-76.76864611075075
20141028,-81.29420909922858,-86.37585202384082,-102.55259744139505,-91.46428631973757,-78.87831462947054
20141029,-82.43017088084324,-85.9604693990035,-101.18782651483464,-91.19410326958393,-80.16576724509667
20141030,-83.42241637477007,-85.62293250241834,-101.30261761897648,-90.56497418715966,-81.21268360734963
20141031,-85.39428617055512,-54.476157404786214,-64.20723095707638,-90.9836895041971,-82.21208493333471
20141103,-86.06249009852797,-28.720726056438313,-33.103557470453936,-92.46541700278483,-82.33844503134905
20141104,-85.53086616342493,-38.86468031462411,-7.542797115850287,-92.71904367553988,-79.9180689723331
20141105,-85.01678141033675,-45.673592143200516,-21.845803968960357,-91.17420547712041,-77.40753585257124
20141106,-83.95297099992845,-51.34287982867945,-33.37893337323269,-89.54076089667296,-74.9574869678031
20141107,-83.99317283193584,-55.98013779703209,-42.87634403112748,-88.33896899251745,-73.73591247476142
20141110,-84.14029970812217,-59.68862210009066,-50.59906689700856,-87.05344065896831,-73.23534158469899
20141111,-84.37630782946863,-63.23319159508874,-57.050096152308754,-86.32921740842579,-72.14313061386324
20141112,-83.28714060300601,-66.0251195641269,-61.81999372413241,-85.22037284659982,-70.24581911252122
20141113,-82.28824807311477,-68.6332756681792,-65.85451010300456,-84.37571816423221,-68.67690111618286
20141114,-80.40638465603416,-70.66641043628954,-68.94025769309265,-83.64462368836888,-66.56657294633222
20141117,-78.84510923193433,-73.0523102366918,-71.81184574412731,-83.90398713535414,-64.83731733180878
20141118,-77.5891793264619,-75.00514708558602,-74.22553558499767,-83.75678896958865,-63.5306450042669
20141119,-76.03339485090997,-76.71382206021038,-76.22368315757707,-83.65885711298395,-62.02087459831844
20141120,-74.76192717268064,-78.30446991943742,-77.5247769147537,-83.54058127344697,-60.81057550808599
20141121,-74.44402880712785,-79.48862744155484,-78.56399490876044,-83.40871753770439,-60.125261808782724
20141124,-74.13130905958025,-80.82451559262915,-79.60109153449142,-83.75052302130771,-59.52319314611664
20141125,-74.15170877442701,-81.8776019108641,-80.44771945390013,-83.91751723618079,-58.94624477928643
20141126,-74.6243011145363,-84.52090206926844,-83.91774048896853,-84.92803406608864,-58.806268959209255
20141127,-74.92795517451641,-88.10350769053818,-87.49220291710051,-87.01521775529783,-58.57151561330359
20141128,-75.15398978787118,-90.11951571070232,-88.25493666959828,-88.56464315444931,-58.45571937721555
20141201,-75.08578574022275,-87.66739279514748,-86.69287396607842,-85.61358517282682,-57.814137123223155
20141202,-75.30485671899889,-85.32920989764666,-85.39138521300676,-82.74273244444979,-57.8576092080514
20141203,-75.73116886027542,-84.68221970924999,-86.56872993547127,-81.28728892432403,-58.16873215978193
20141204,-76.87794935323656,-84.25898835209476,-88.1352076205521,-80.58898682536207,-58.90993881102476
20141205,-77.80889098697152,-84.09436540287828,-89.79494483251548,-79.98481080352082,-59.4869524981115
20141208,-78.18329337185082,-83.99378820659602,-91.46986469058687,-79.79257273305464,-59.84904494481217
20141209,-79.0355649514952,-83.95723862959127,-92.82125282360911,-79.59994452557024,-60.87594138677681
20141210,-49.79897093316019,-84.46581405187163,-95.03803313151666,-80.35833216387988,-38.25436505286606
20141211,-25.91642620991434,-84.85770050854015,-96.8151092746306,-80.62016708162679,-19.741329394943765
20141212,-5.099623445762991,-85.2834458904083,-98.20037327345784,-80.83518816740178,-3.6395805548104256
20141215,12.046109581455784,-85.50245670070505,-99.2082268079463,-80.80457444026909,9.584452036633323
20141216,25.217484554698537,-85.39398952075949,-99.35257322477486,-80.75399867946585,20.098087736869562
20141217,36.53868915125356,-85.33908792826158,-99.6161029901562,-80.69701729723384,4.120742250864129
20141218,45.803263007406564,-85.51457703252339,-100.08598067555394,-80.72543790491439,-8.890835538931562
20141219,53.3382819133928,-85.84611045574214,-100.75505999936176,-80.72833395885453,5.0720157529738925
20141222,59.47026005478767,-85.89064781137282,-100.71262941262847,-80.40291851978054,16.500184333254193
20141223,64.47966329413715,-86.04612929516608,-100.83409225881469,-80.30989298212249,1.071157557867594
20141224,68.53262077478398,-86.16724712488782,-100.82396483006809,-80.23285436927927,-11.531870788230657
20141225,71.9845725951974,-86.4166143484036,-101.11947921111698,-80.21794550938986,-22.02435457060842
20141226,74.7480308234228,-87.51474788482666,-104.39420962051321,-80.47612446654847,-30.53797879415199
20141229,78.3519647980282,-96.1347093178798,-107.87143568015485,-84.30532702832876,-38.686413778408486
20141230,81.50156583683734,-105.35149606672121,-110.71749321178972,-89.13901462069043,-45.60000305501096
20141231,83.7424876698786,-112.86780757284875,-113.17039970974523,-93.07570299134348,-50.875502391512
20150105,52.91435275688194,-115.83808338822067,-113.53526552693472,-95.33297776956978,-54.48280683508495
20150106,28.051129731576363,-117.76855124920654,-113.54010360539607,-97.12757723959243,-57.384102477319146
20150107,7.235858604859668,-119.626057883054,-113.5151628838359,-98.5588115944661,-60.03728184314869
20150108,-9.82116322513134,-120.79690295902446,-113.39483537704002,-99.32222253886198,-62.19685340352153
20150109,-26.423929856864195,-121.83899527569535,-113.55060888968609,-100.06731711313442,-67.07499313856074
20150112,-39.98923555762903,-124.00637546482726,-114.34274748765358,-102.50733279405871,-71.11403162422971
20150113,-49.94280334124984,-123.05905591609586,-113.33011819544755,-102.74200754361303,-73.97549184555213
20150114,-56.75074770236121,-122.28599951086031,-112.19246745111103,-103.02153752849858,-74.5417344611668
20150115,-62.28091073798151,-122.60707657227124,-112.55793202031721,-103.46725770797848,-74.68385156100037
20150116,-66.82665922763476,-122.70429412561363,-112.84156448465113,-103.80627197699317,-75.44929970561392
20150119,-70.38819522784782,-122.62392732054393,-112.54526228722186,-104.09389154813034,-75.92740603457973
20150120,-73.70520399416897,-122.53459464559091,-112.3347277278417,-104.78983565217585,-76.79252733035848
20150121,-75.9890633997635,-122.81803767983584,-112.59343032861591,-105.9317175570352,-76.75870150680997
20150122,-77.83545833918605,-122.72177285529193,-112.89377527448417,-106.86714759871958,-76.72064149848914
20150123,-79.32107321089568,-122.42928307425488,-113.15731208202793,-107.70284038583561,-76.59550242329506
20150126,-80.62170659016665,-121.73320381049254,-113.15267124025053,-108.24442836286973,-76.49779407058384
20150127,-81.70263210438237,-121.05678409232166,-113.13606476022848,-108.68957697615615,-76.66883605343214
20150128,-83.42024668742714,-124.99882674363718,-122.59969554449108,-117.15416988335028,-77.6571700308007
20150129,-84.95169399629911,-127.85626911926657,-129.87846118179587,-122.28323460391502,-78.52600691759996
20150130,-86.34741243637274,-128.9653468297564,-130.89966028288734,-123.56534959786326,-79.38876067742524
20150202,-88.84263128135926,-130.54743521467037,-131.10300732213736,-125.47187796242147,-80.56777472857927
20150203,-91.82731058882881,-131.82187321159682,-130.68435309777004,-128.85253214616816,-81.32378515744216
20150204,-93.5032464108307,-132.85063798791307,-129.99903465146718,-131.3161885021978,-81.5609807948292
20150205,-94.97496791547425,-134.81964212439678,-128.61463282550173,-137.04256531196563,-81.89797741457105
20150206,-96.46429654521611,-134.10929538417284,-124.24758852164959,-140.40561191670662,-82.38656282644276
20150209,-97.56241889513795,-133.59038515170693,-120.55797812539925,-143.36151242410824,-82.6271780347564
20150210,-100.15893063940842,-135.77949279560318,-118.57292646615508,-149.41449963093748,-83.52570333672755
20150211,-107.24247316833232,-137.81439393720183,-76.59316548446006,-90.03170279056472,-48.10808342296077
20150212,-114.33575474525558,-139.73595679074802,-42.76971127656547,-40.39817056156637,-18.367363983987985
20150213,-118.26783464554342,-91.49296282525977,-17.278727930651815,-3.5850393540633494,2.73294635610716
20150216,-123.63515074363383,-51.81057490944197,4.028037230267,26.655945988521704,20.96156222894112
20150217,-128.7591798561391,-19.20139118968673,21.479472837786957,52.00464572221161,35.856977448695254
20150225,-132.64266491993388,-38.60308224469864,35.14197417613339,72.4315391994536,48.70499165051953
20150226,-135.77572801059623,-54.30146751146373,46.357014831187925,88.03353310527332,58.938981533531205
20150227,-135.99949794643842,-24.193327480953542,53.17301268043351,94.22705207893475,29.90066759329357
20150302,-136.45913830357227,0.20873242609225054,58.735330143262686,97.84390334583978,6.014122619425421
20150303,-133.6772145885711,19.034080787149268,62.81807114332799,99.70025307290867,-10.660926897697404
20150304,-131.43227233281854,34.45867626055288,66.22731568735415,101.24449616244114,-24.789254888242347
20150305,-127.91740362668756,45.35879182785255,68.61392546188846,101.42829008879426,-35.53769862732647
20150306,-124.50541255227637,20.124784975451515,70.74828482689664,103.3810171880852,-43.91159210315385
20150309,-122.60941158414731,-0.6812606230807736,72.54841136104737,104.96541480672742,-51.46014373044247
20150310,-121.33856680757454,-17.563801988097197,73.43813780318673,105.56507830445783,-58.07275474038234
20150311,-120.01093868798068,-31.379993606384186,74.16594272950051,105.52000674376175,-32.72881063660661
20150312,-118.98354748821362,-42.692318953645106,74.97858941083415,105.45451778940412,-11.963354106325863
20150313,-117.04928908703347,-52.47181575145941,76.51261147723484,105.50856067898911,-22.774561519653354
20150316,-114.81241179857396,-59.906663021421885,77.24767556930888,105.17416780226452,-31.286335593887074
20150317,-112.97128245881073,-65.89514553269937,77.90788113424549,104.93026583518244,-38.24781576914849
20150318,-110.7786729323054,-70.63418623969,49.20478076637321,66.97216446728883,-43.484356661438234
20150319,-108.729273940797,-73.64333135025875,53.400731302289834,36.04963925803892,-47.75091803103992
20150320,-108.78941759399966,-77.29532178524761,57.53129671504825,10.037268717463725,-52.306586655859554
20150323,-108.15022039176023,-79.98375175507184,60.72494481221116,-10.915973953714909,-29.938654740717112
20150324,-107.58980489265795,-82.11448253485875,63.335172454321125,-27.950910780619157,-11.616318839488661
20150325,-107.37339293460543,-84.00269802994583,65.66066220127041,-41.91430778025953,3.236884588863228
20150326,-107.07567480431815,-85.64010129940185,67.46463862611073,-53.46427956086492,15.296319118761303
20150327,-109.74864036620342,-88.87054421470339,70.75835219221823,-66.38362527953953,26.07135052577473
20150330,-111.70521934999489,-92.52320697551751,74.23784053456748,-79.85882200800818,35.14189998670893
20150331,-114.79710051502391,-96.20232313595297,77.29765617138355,-92.44751664400893,43.58831512381608
20150401,-72.68496470096947,-99.25348488773315,80.1256649587266,-102.82395367268431,49.55714889222762
20150402,-36.88627208089174,-103.92926728645818,82.8949273801411,-116.94564154464089,54.71789109217609
20150403,-7.904898827018753,-109.95543346428923,86.68021627571407,-129.62714428656056,58.92757901891749
20150407,16.541993560389468,-114.02025675788974,88.60148991834951,-139.8837525053265,63.01354841316604
20150408,36.52341597137089,-118.03774369098947,90.97633401591821,-149.95306956800854,66.35186694738587
20150409,51.544364307997796,-120.57440600674643,92.26393610699559,-162.90158142857862,68.78571604337115
20150410,63.99485088548451,-122.67647803301286,93.21190547273632,-174.0717189383463,70.82695750847762
20150413,74.36483498959889,-78.62774570273108,93.48509802982616,-180.7510854472507,73.3223783664309
20150414,83.18353951225237,-41.17533323771751,94.52951262588724,-189.71377088183456,75.36378909488894
20150415,90.09667696221302,-14.732435290051919,94.25336407269407,-120.68564014208889,77.03277108462497
20150416,96.3995173787579,7.459813281025976,94.26745105346441,-64.30814680804136,78.89738916433582
20150417,102.19374549095363,26.59326746583481,97.54913435361362,-17.541198413466994,80.6409554663419
20150420,106.63234915586649,41.602060353445204,98.40115795085211,17.86086049822572,81.93666353717023
20150421,111.84714278814316,53.80095414120423,98.5198434516357,47.952501663596315,84.17038360758355
20150422,116.34174502004554,63.42125260611311,98.4477976820019,72.14931473267673,86.18020633324029
20150423,119.93168647429954,71.53055357020799,98.37526766252986,92.45921630771672,87.85978847260206
20150424,122.83794373884379,78.19341719387769,98.4150403811166,108.45903343264688,88.56310858981422
20150427,125.07930323187142,84.07987716359291,99.39775285189326,122.88902954445871,88.95096831171956
20150428,126.52123903026292,90.0894024487946,99.91948053759647,133.99157278801655,89.29385194699111
20150429,127.37929952292488,94.83387503838195,100.40815660304004,143.17822835013604,89.41268533845019
20150430,129.68686463626898,98.49924649760538,100.76668614280607,149.6887157599269,90.50836208955602
20150504,129.27840505193956,99.91882303609724,99.59133013334794,153.94380356478604,91.08280752187936
20150505,81.9586406969741,100.74715621223199,98.21858971754345,157.0703692163743,57.228383327930935
20150506,43.75592212309113,101.27454783155098,96.33629286511062,158.4384641577441,29.701617885581214
20150507,12.533007807918649,101.30685391763426,94.496395771354,157.24321880345013,7.334947112247336
20150508,-16.80711016487543,100.75449094833425,92.17441961332244,155.37479439502093,-14.727892491299826
20150511,-42.601553583398825,99.57303827979503,90.14643815399145,152.7440098623466,-35.03624486372368
20150512,-59.546931818961696,98.74910571823752,88.52068240767079,150.43701073125794,-48.833408592372045
20150513,-73.26357436775379,98.24173505077988,87.56812760436763,97.56381312166069,-60.26813542182968
20150514,-84.75492591602804,100.20640078737165,87.14179859855297,107.15599159346361,-68.09633683656342
20150515,-94.37902386288346,101.74334512683818,86.86175259555318,115.03415911658126,-74.46806460734335
20150518,-102.56817108944496,103.1214845453557,86.45186025648236,121.23671024977925,-79.53156682097806
20150519,-109.55051679376577,103.28639898542973,86.31240966139652,124.77403859277788,-83.57928539305256
20150520,-109.5967641154048,102.22347106228453,85.11351137379704,79.67878533236852,-83.36038172365473
20150521,-109.72664825764087,101.41115059320919,84.17551149677682,87.69857450797076,-83.05996651437538
20150522,-110.00305478183766,100.80067247793029,83.41101711633948,49.282595853423246,-82.6737555385005
20150525,-108.87841961983617,100.13433850043826,82.75539923879377,17.638092968596858,-82.23970382774397
20150526,-108.20254293175901,98.68465316456039,80.7700330668663,-7.723215005712655,-82.11763378160842
20150527,-108.35302604516345,97.55340131049124,79.31067410390726,-28.705654730163477,-81.97810519681009
20150528,-107.53975796835338,96.76682530455446,78.00172109183107,-45.85091025492269,-81.46226607054828
20150529,-107.85272241000833,96.31504884772843,76.80000934617667,-60.3604295890302,-81.68388404127671
20150601,-108.34679401528713,95.75291116004209,76.2285721160779,-30.34856659089891,-81.96759623694273
20150602,-106.94600741841555,95.53044303968608,75.94223126405181,-5.708355001900146,-80.76294391769748
20150603,-105.8673799161016,95.20901521259452,75.91270338298997,14.298553999979335,-79.73921385228071
20150604,-105.12901588726785,95.24831563918339,76.12507097325026,31.37283007319876,-79.08568516890404
20150605,-104.71311546600094,95.96377204726637,77.24600498073004,45.29252847622591,-78.9367134491693
20150608,-104.50888467876065,98.35674158328726,78.81186265380212,57.717562136806315,-79.031798177593
20150609,-105.12224978590805,99.93828372734633,79.2084914743978,67.88967736322043,-79.5720192600311
20150610,-105.63872984615544,101.10359734017878,79.59449306589318,76.20849800767321,-80.07273155453373
20150611,-106.00665275688354,101.91958427945477,79.90741763096496,82.93741558688392,-80.95032960219952
20150612,-103.85528818322157,101.34902329614029,79.08428071674149,87.73739878963379,-80.03440077292994
20150615,-101.70401050994823,100.85167566196354,78.47531030388932,91.58206061402133,-79.29454664971702
20150616,-99.39675120533232,100.19699780752184,77.92439511892607,95.54245027311785,-78.5418594541625
20150617,-98.0319627162295,101.16044251035008,78.8109650184019,101.38649635883405,-78.9238256019631
20150618,-96.81583860434539,101.28099001317567,78.5105350992847,106.1252312299415,-79.22698575471044
20150619,-95.34358050930975,101.37846565676672,78.23455070205293,110.03953204833417,-79.56991797660054
20150623,-93.27168738257593,101.61356372754334,77.98812987738428,113.54275127021108,-80.06624727395781
20150624,-91.27734774647665,103.23601131793203,79.68610763453641,116.08487455039702,-80.36749075892664
20150625,-89.64651978513979,104.54823960133474,81.16075017069615,117.91684983071748,-80.66044397638294
20150626,-88.16189121414861,105.44513182540658,82.98742979651205,119.0976519243336,-81.08443055551061
20150629,-86.94279223650672,105.86409058403326,84.54422717487321,119.91718344833727,-81.47784263737978
20150630,-85.6554595372232,109.18529759569341,85.87700277711765,127.31476698823516,-81.34882182458863
20150701,-58.71750639144669,107.69876599661305,85.16853587683222,129.52381819093563,-55.119829805534955
20150702,-36.724529167998185,106.96577311724991,85.2722993468699,133.1582833241167,-33.62127016542285
20150703,-18.808145809443687,106.22796888967254,85.36376540418814,136.17368980067644,-16.631922651590102
20150706,-4.418915276528073,104.29459467089644,55.36079545222268,138.2068552151944,-3.0074665283335773
20150707,7.42173633822323,102.58030532358774,30.88484425532401,139.25591491527308,7.851819904013618
20150708,15.832825126631276,69.81824521123956,12.334084525167315,96.77008144268538,-2.7057067862694018
20150709,22.504217865232942,43.511706908047564,-2.7448634742260567,62.49048987116496,6.416424467344731
20150710,27.59739579100053,48.18186099983917,-13.897677590245628,36.4257477819011,13.732427059024824
20150713,32.3414082385351,52.37083404603582,-23.56365962919834,14.9976719252951,20.25075326873898
20150714,36.194486629214126,30.31289652815618,-31.170332530005773,-2.127031860456321,25.398320648699187
20150715,39.23576157100254,11.828709656233084,-37.761821627534516,-16.23922184218944,29.437485078936323
20150716,41.81251694964907,-3.2821308371585523,-43.07935930019269,-27.71921303402471,32.82739931033327
20150717,43.487821063181364,-15.786293546320302,-47.8865158728338,-36.93500127407052,35.11458510139819
20150720,44.718633666903585,-25.961514904081547,-51.75385929102257,-44.46629098844185,36.88448155854854
20150721,46.08794572295474,-34.17780560370196,-54.493347122489624,-50.60866830878967,38.44713132819539
20150722,47.239635011254876,-40.9209965631473,-56.93045002263831,-55.90714441579616,39.707556425566686
20150723,48.15420588930572,-46.25394749470856,-58.716859724012835,-60.21739762015172,40.71710346655842
20150724,48.83897367790919,-50.63432779726799,-60.19177473300595,-63.77387634982069,41.328190962168755
20150727,49.04142022270835,-53.9500885508946,-60.94086739433117,-66.12528366879877,41.55307831719425
20150728,49.411039344202905,-56.794973657154245,-61.84936495181587,-68.18702478957512,41.87447412579522
20150729,51.49170055474564,-60.49789151205906,-63.59654155835567,-70.58289593201488,43.078390476433924
20150730,53.305274809742855,-63.59654461729222,-65.0201130050335,-72.5395005230915,44.06738182906279
20150731,54.96889399680802,-66.22178628978615,-66.190195477927,-74.1724948787581,45.19898183536767
20150803,56.345073756472665,-68.59869555537287,-67.34242566668209,-75.16704019710023,46.07319569470161
20150804,57.17427389867172,-70.36541409835459,-68.33512063558187,-75.83741482657469,47.05281326656007
20150805,59.54967602341236,-75.42532377835678,-71.59000199420029,-80.29077301444194,48.97253647250666
20150806,62.10761411673664,-79.87311139243867,-73.5874741975492,-84.08082618133545,51.64129907111355
20150807,65.65168763986433,-85.7664172006499,-77.78416203417092,-91.33333436332246,54.34390083916059
20150810,66.88958593133269,-90.27254320788477,-81.29925452397724,-97.47161790254745,56.10521363107846
20150811,69.13705899467152,-93.97061478127343,-83.59459906348373,-103.52059650570004,59.23255072911901
20150812,71.04788410017322,-96.65634303429103,-85.1299060506201,-108.15187978938211,61.43028844166772
20150813,71.21005647439455,-98.43475251988558,-86.40522250761138,-111.86086039173016,62.96316031013983
20150814,72.25822301235291,-99.13781260268537,-87.29406375500855,-115.0649104900842,65.63933701749536
20150817,73.4644840990625,-99.24220962244772,-88.22720704234197,-116.02001795487068,67.97748373659805
20150818,74.51259725070445,-99.37748474731578,-90.40716612800875,-116.61541020396713,69.89590314998745
20150819,75.67628788569877,-99.3722464169445,-92.19797027316169,-117.09322288240102,72.15259123055729
20150820,76.57921904100309,-99.83668369755544,-92.90063945451763,-117.75531782704032,73.73758776309577
20150821,77.4681814816246,-99.93001164975733,-93.45666652991831,-118.18158762000667,75.54270077407193
20150824,78.6527623187534,-95.88915066821637,-91.46543526188283,-115.42721166774677,75.33604987830643
20150825,78.91388303147848,-91.38579579390084,-87.91519154782947,-112.53535784627083,74.9489060931327
20150826,79.06985984346123,-87.62405237463256,-85.0966453083428,-110.13873627733958,74.589798830602
20150827,78.83194274971403,-84.15182029510568,-82.2013136805306,-107.75687414185167,72.94287060090745
20150828,78.59495770633916,-80.80335626390625,-78.564561298211,-104.51245334489244,71.6214583471753
20150831,78.46325178877176,-78.32509748748683,-75.99153602206658,-102.44951074158942,70.90463634346402
20150901,78.9286098012578,-76.38892850807493,-73.68448482513554,-100.82676129101755,70.27706381214495
20150902,79.307582997859,-74.91356584820426,-71.69985066767708,-99.38532340079,69.64822325827764
20150907,78.87892514380718,-73.80846112651446,-70.30659935238678,-98.4897339684805,67.77111719726322
20150908,78.43566521147058,-72.78269626492397,-68.73664332282382,-97.74678515895235,66.31272577893618
20150909,80.12877866106034,-72.01722835406729,-67.32774097642566,-97.26930836930556,65.7932624671142
20150910,82.07561904280524,-71.70474776226456,-66.56885077214503,-97.14224389028473,65.6387928284414
20150911,50.62339890789083,-71.64086894793297,-66.0708047906991,-97.18416384654782,41.515043753163596
20150914,23.335449220268366,-71.70941997300689,-65.70117474127099,-97.31486856487868,21.62561428501083
20150915,1.0073458329600846,-72.02454909854127,-65.381411350286,-97.28421918928612,5.497425719061028
20150916,-17.25444704587778,-72.5053885821959,-65.13142822265014,-97.99379370532779,-7.6171248657805
20150917,-31.967514989160165,-72.96219505926318,-64.94327257909744,-98.84038018954534,-18.309414843970217
20150918,-8.110935241255907,-73.39558429042286,-64.79289618586317,-99.55518255727853,-27.13321409594237
20150921,11.433798048575545,-73.79863380219682,-65.01810109024316,-100.37178494462981,-34.60663965909957
20150922,-8.785284918798622,-74.14758077269701,-65.20106892414167,-100.98885230737483,-40.71433107379963
20150923,-27.248864872569406,-78.98056832732644,-67.59406602891279,-107.5654992577873,-48.405917529430205
20150924,-44.09792034512026,-87.66711949645011,-72.50464666433996,-115.37121463859722,-54.87308135686848
20150925,-58.04200152520441,-93.3870712414503,-75.5855556720389,-121.17525466859803,-60.001592001108115
20150928,-71.173378309308,-99.18467534132277,-78.34165980832896,-126.27541668383643,-66.44950709538375
20150929,-81.20991581497117,-104.61832836738435,-80.92301958605144,-133.15290840976712,-71.09474987741207
20150930,-89.68659067795481,-108.6819355857191,-82.7062227984417,-139.81832969765279,-75.0246169123589
20151008,-96.34275409446737,-111.67699637850893,-84.33938969520192,-144.9807590846017,-78.76144007636542
20151009,-101.81015043992087,-113.00027050970833,-86.64076493934013,-149.0982133361034,-82.27731700722607
20151012,-108.2831528582411,-112.62345239709205,-88.134605195526,-149.66549700604196,-91.08056735283982
20151013,-114.80220645743549,-113.26386930270111,-89.56415279666548,-150.73188543450183,-98.44030261800218
20151014,-69.75531137631185,-113.6245921085114,-90.36520018490057,-151.86959837644807,-104.38717750153846
20151015,-32.73565915461648,-114.0739402776515,-91.018649960139,-152.62389336241228,-109.89046156682255
20151016,-2.372090022643318,-114.49137250481829,-91.18438614419122,-153.27989677233768,-112.79090065681679
20151019,24.82371941784854,-114.1951180119365,-90.4787973051174,-152.28006078031927,-115.1389380598873
20151020,47.153585579247164,-113.31841741113763,-89.90670955700496,-151.61209740271343,-117.59360219448259
20151021,64.22459062025221,-112.54118311065817,-89.4235377024325,-151.23065485237274,-120.34411097605539
20151022,27.74835760275959,-110.63411491481176,-88.81674672851454,-149.06827296477059,-121.76063423452462
20151023,0.4004597782976436,-108.16931218426116,-87.44926507807006,-145.65941474016796,-123.70739494806507
20151026,-22.101491445741896,-105.60329227562887,-85.02602228794417,-142.6892720727449,-124.62457146385005
20151027,-40.45277995160117,-104.1649662543185,-83.08277476728527,-140.85798718618798,-125.36901563431447
20151028,-55.46265260831819,-102.76965213773524,-81.34636885840159,-139.3048669916264,-126.06779644344293
20151029,-67.7464916479523,-101.7085676551428,-80.99279491475514,-138.01423724590464,-126.66372008842491
20151030,-77.58491591652205,-101.72415941882417,-81.66205286627557,-137.45220346350536,-127.7180372031824
20151102,-85.62093512450753,-101.74434338401882,-82.06608245821592,-136.85198216839527,-128.92493968314227
20151103,-91.29641170037006,-102.77804574026182,-82.07700362637357,-138.09039203811392,-131.93678829356523
20151104,-96.89156540111061,-102.90086492281833,-82.3627103756019,-136.2198429192267,-132.50206197948134
20151105,-101.0821453131488,-103.0883193649164,-82.54371765355884,-134.9200182547619,-133.72042428767537
20151106,-104.47323872366513,-103.1054620676103,-81.98506746599756,-134.24533422675805,-134.70707966251257
20151109,-109.46712348602233,-105.62964363669646,-82.73999044918399,-135.77764586279804,-137.86146295744445
20151110,-113.55886049389653,-107.69028907250566,-84.51717272248632,-137.12923015417783,-136.95209523148543
20151111,-120.09097197487165,-68.91494602332287,-85.29158899937777,-88.75947031631225,-135.6939885950363
20151112,-125.16081739715224,-37.36324232288509,-53.6745113534315,-49.29081465869383,-134.64088870064694
20151113,-128.66405193553112,-11.596143944687375,-27.79609721487454,-16.98474232936919,-134.7796441329659
20151116,-131.5702085827874,9.651553478398052,-6.427728221889072,8.870756992318249,-130.98762465417036
20151117,-133.95796896210297,27.208158878103273,-21.30096672044129,-16.09881196578746,-128.08796424279288
20151118,-135.29346827663613,41.65561851491359,-33.77594806133656,-36.67878005614115,-124.63539423429512
20151119,-137.43739777988011,56.379114446122514,-45.804961994223184,-55.35777988179465,-120.51418448953652
20151120,-142.57835511535106,67.08975710511618,-55.8886286631461,-20.861653704389862,-117.08190815403283
20151123,-138.62271775656058,76.48294001622563,-65.71827444596173,7.473431780805643,-110.91835573250074
20151124,-130.25854977978003,78.24687794075479,-38.104314975909155,23.929895929770108,-102.71092607321769
20151125,-123.3034115589061,80.0130665949158,-15.450023822495718,37.41365055760479,-95.84023705045865
20151126,-115.8147487686687,81.24843781693181,2.0232143810971595,48.463219181866016,-89.4521801296545
20151127,-109.75790072000711,82.22763040811712,15.39435790429148,57.291477149083256,-84.1675748574382
20151130,-104.73451322114082,82.62410641347066,26.31284455879612,64.30292365791634,-79.86455165537618
20151201,-100.64116926357524,82.98082167016027,36.06595395405438,70.15551803696223,-76.12981038197233
20151202,-97.17243781484031,83.65036532492321,44.22037630688008,75.89007941858442,-73.10843265252679
20151203,-93.84866360790997,84.17394696013105,50.89028231217246,80.41699858396372,-70.22553390389206
20151204,-91.18041010782335,85.42636203821453,57.75569804419626,84.36498703786181,-67.71594302243473
20151207,-88.54839512333466,85.97322062268385,61.47349108837537,86.85673203394022,-65.71798606229864
20151208,-85.24895726271684,85.00817974859615,63.49909828538093,87.10100201418236,-63.67250341509546
20151209,-82.58329383225215,84.72513909523691,65.68993574846485,86.46698646218722,-61.86525244382245
20151210,-80.42661006600527,84.44673082220693,67.49044556906358,85.945566915315,-60.369250133117326
20151211,-78.0447893827846,84.20776377595442,68.72078596931634,85.43421681066138,-58.66493796867704
20151214,-76.19194175083946,84.10846076501454,69.84010095989522,85.47089681815825,-57.60849980635087
20151215,-74.73432746001959,84.00293546118208,70.57229410428192,85.5213000035643,-56.73663563810498
20151216,-73.56853055574194,83.98101063926617,71.19706041993584,85.5881269878039,-56.19271495719493
20151217,-72.39859234677358,83.90587175578446,71.1477813179504,85.58912840559206,-55.953251511281486
20151218,-70.89653282250916,84.3418860314612,71.11051685683248,86.07378455278555,-55.43742538883727
20151221,-70.5767076389263,84.18208812493795,70.17323554429443,86.29382945783416,-56.373602796473016
20151222,-71.11874888439706,88.79958099431026,70.38455001572397,91.03132458958325,-58.324661803129004
20151223,-71.50189201567787,92.56485984237926,70.63016730593861,94.90734088954454,-59.90614135987783
20151224,-72.44646239765052,96.2595923175986,71.0708100687901,98.12776324953214,-61.75934333729945
20151225,-73.09149037585232,99.4648765321785,71.99100952648443,101.53898327320384,-63.4683316676056
20151228,-73.64998792217703,102.1365911276716,72.28245249195876,104.07893876474141,-64.4496417470386
20151229,-74.08897957768457,103.90810758615315,70.81716487472654,105.38007029417885,-65.11394485085512
20151230,-74.48827493229186,105.02636564156016,69.54746612108794,106.36348915914164,-65.71451741270226
20151231,-75.47031473461895,105.97666426483892,68.59575423329423,107.23444227903737,-67.41890046219793
20160104,-75.1323547452624,105.93631549204382,67.52160570693918,107.62740696052221,-67.74081942744893
20160105,-75.08066409893803,107.11934786506872,67.58442040512651,109.18334897284343,-67.982936412761
20160106,-76.68128372365344,109.21769742657888,67.45971233727923,112.53866230810507,-69.94738680642473
20160107,-77.72801175813326,112.75469357639028,67.54822745244385,122.06780458890313,-71.4973253743367
20160108,-78.39281430415835,115.73528878945224,67.62846525042126,129.9951655700315,-72.6596463569449
20160111,-79.56266120462998,117.60126250828674,67.96508277489836,136.53904514848125,-74.7561330480348
20160112,-80.49878470284396,118.558769380562,67.94670407421178,140.6671478826725,-76.47750190687135
20160113,-81.26703443689026,119.3327491155346,67.99270571971596,144.01082644518345,-77.82865239727097
20160114,-81.69957439323083,119.94941818252603,68.04175674042729,146.7401831072138,-78.55332317957343
20160115,-83.15333353140838,120.87141575452017,68.81223206037343,149.35938976277671,-80.15651001501331
20160118,-51.78518546595031,121.21752324063701,69.33709449533,151.14944632591295,-79.8331557153618
20160119,-24.377818109947818,123.47477621944059,71.233987804151,154.2843357578498,-79.93887442452014
20160120,-1.8891125358681287,124.74008697848357,72.2190635424681,156.23233643586798,-80.02593474030252
20160121,15.935179847541098,125.29296913091599,72.64867067030681,157.7543474920481,-80.03498506802846
20160122,30.319355187269004,124.40235210568854,72.54847009555421,157.70914740236202,-79.89036569098451
20160125,42.10412371608715,123.77601462294575,72.5623229937047,157.88420000026568,-79.83734144730182
20160126,52.14394169480713,123.94573056905115,73.07128785118105,159.4089813769956,-80.61990878859181
20160127,60.708101615839844,125.48422592849766,76.48412746385279,164.3167267738944,-81.7116901612207
20160128,67.81481129034847,128.1839100384309,79.76851789109425,170.42175897207784,-82.71533604020813
20160129,73.29190416361905,129.5927675250258,82.31225286287865,175.1693185224444,-82.73809032801135
20160201,80.69803467902786,131.64897737591147,84.92862016551055,180.85882187485035,-84.7618087967621
20160202,86.8831271729323,133.07024666490608,86.59430186532168,186.35552772726444,-52.227095012718806
20160203,91.85630249306207,80.52746859093912,90.56991702789801,109.06415734757286,-25.41784990985021
20160204,96.55195215886256,38.31573632935029,93.71045641372694,46.7093943866601,-3.418397671650276
20160205,101.17848362696976,4.953198312467198,95.93758425356572,-4.168738073171553,-19.703003618433147
20160215,105.28822170042724,29.619877193309904,94.00040083791208,-41.12058896486862,-32.43825646747353
20160216,108.47173076215456,50.5700763979756,93.424773422985,-75.34295899751204,-42.50659395407287
20160217,109.98826183543324,66.83177312408064,92.78452083590118,-102.75900950398385,-50.72289898494155
20160218,112.0822238319061,80.45994196046932,92.2500857448521,-125.15265689677,-57.919657070189956
20160219,113.62443063533497,91.62367656506544,91.78630555359302,-141.2761606421884,-31.010930754557556
20160222,121.12930169856723,101.24668081717637,91.45119124457659,-155.7247732253037,-4.772550466731934
20160223,126.85318801174817,57.36287276879503,90.37619733769365,-166.23734671288508,16.720340001403507
20160224,129.7949847352708,71.22806972975849,88.8749767657702,-174.8252648341926,32.68271801642481
20160225,133.45780144811894,83.3380386968977,88.69441078484608,-104.06868999758602,45.87457908943054
20160226,139.477048579506,94.79923507687712,89.04086376986442,-43.67847489259282,57.5888104761431
20160229,142.88984760422952,104.2096035371017,89.34558300915582,5.7901889345352755,65.84156664522703
20160301,145.39896349505906,112.0955266950708,89.64775087185421,46.440356110705075,72.28917925185381
20160302,147.85300498831393,116.73346219573112,89.9607177592117,79.07284300880143,77.33110925360818
20160303,148.08905327536462,120.3751080764838,90.0963072045441,105.5168359156074,80.17655532810228
20160304,146.52910349909723,123.9171036664089,89.79248763165599,126.1706278703552,82.68392373350649
20160307,144.99965858592884,126.10522038750305,89.35590859463909,137.48148825561412,82.34751423706128
20160308,142.4162207291795,77.67659087013655,89.13352005221077,146.65650128526124,81.28688037407724
20160309,140.3143542796849,38.06661631098529,88.99871647885085,154.4607889448187,80.41157589394558
20160310,138.46221167559514,5.24659515118234,87.98327031905342,160.9049442681525,79.22902404311853
20160311,136.7434387137433,25.552309889148706,87.12827968504989,157.0166410960873,78.33023847483099
20160314,135.48692231109177,43.149781282837445,90.27795424945268,155.72798078269287,78.0452215000846
20160315,134.53690354038602,57.74312769967886,92.64248029791435,154.60895843429108,77.87334842958424
20160316,85.46200522778678,70.03428205363643,94.6744825133038,153.80015297952613,77.73120479886688
20160317,46.05077833201057,77.5937703404545,93.58499937923749,149.10139781841283,77.19146799287677
20160318,14.484002176142289,83.554219579059,92.73017688833649,145.49633946341328,76.43814632298724
20160321,35.264908662484366,88.41438074809862,92.03295200515426,142.26918666721963,76.23987318088005
20160322,51.25006896173661,92.99472933055132,91.8556453757311,140.04600275921882,75.04299842779565
20160323,65.94876721221065,97.63903271975205,93.78264126484848,137.70568357666946,74.74088198522777
20160324,78.27924166243407,99.59286349240647,94.38762689896376,134.07030831576725,74.21689073280089
20160325,86.8329393301315,100.55417447386647,93.36093822472493,130.7533433577247,73.92194206197462
20160328,93.7013417321809,101.23569879428523,92.48018314549317,127.86950936240511,74.19897498076818
20160329,98.83387751082358,101.79821296651657,91.74269594821757,125.5158295913138,74.3008897166241
20160330,103.03832397891465,103.59467248069653,91.19544194542694,123.25814548274384,74.39015483762887
20160331,105.0916961210044,104.9974609113976,90.7973622860719,121.41242331685866,73.77537085864978
20160401,107.65264365776576,104.36110584186152,91.05143419429012,118.52692986750569,73.46184123306251
20160405,65.66444214510157,103.96806619194085,91.45598867049777,116.54060673008337,74.61383794189895
20160406,29.38026635088052,101.83917052278747,90.67456892050667,114.22209375488495,76.39821435867992
20160407,-0.4071556996348345,100.11680091045287,90.1021582905517,112.26099791403966,77.84477055551964
20160408,-24.651513180124947,98.4778988026991,89.74087493090815,110.4397347257787,79.96803804918311
20160411,-42.37220285451647,99.28294430823654,89.38488529902537,110.1410379561232,81.19328260165429
20160412,-14.432110754720853,100.30456779347881,89.11612291558573,109.8766246760926,81.2703529466197
20160413,7.242360919895957,100.92391721465158,88.85071389231565,109.7104641512399,81.52061852443228
20160414,25.207215387345386,101.4153983381479,88.68227047760661,109.40375653456911,81.99157445569274
20160415,39.97329046253188,102.96380612629468,90.81580944095964,109.88313299749697,82.53306492962933
20160418,51.00577529740467,104.38779583559533,92.24560450369874,110.48362813153769,82.85653942387401
20160419,60.07415427840723,105.27715137735744,92.4230083872345,110.41627258880419,83.47649112007096
20160420,65.57972517395086,104.92804321217434,92.57221287435658,109.21290310992116,82.60132212187483
20160421,67.56272597403786,104.13707117674765,92.87621092839149,106.72964564267407,80.7205424692765
20160422,66.7156214961634,103.36970500588572,91.0746725215815,104.75477914773413,75.79873624058654
20160425,66.03348552036421,103.13800957647199,90.98580980863855,103.17780754501534,71.7701313831659
20160426,65.6397500557355,103.03788739181975,90.80597681768322,101.95615909479315,68.45802926659448
20160427,65.4912257382191,102.93881432670362,90.61839121977594,100.9587106774146,65.8154473269434
20160428,65.34213371157114,101.20174043569313,59.908792983620664,98.824264764516,63.38931822453044
20160429,65.57836697791932,99.5696405341513,63.28913144309222,96.60012427430578,61.82419672630249
20160503,64.46121970839823,100.092618219947,66.34481665791718,95.62721016368224,59.89381601819639
20160504,63.025142814312844,100.5205094705786,68.8851281624212,94.7263744142071,58.00884987405871
20160505,61.914715947047945,102.80929558795232,71.44779958705467,94.60069813675206,56.56738030304124
20160506,60.36609330235754,103.16668524347142,72.73318753206783,93.54226988914338,55.053082292361424
20160509,59.091744105564665,101.72286570671444,72.38844405920275,91.5099604725967,53.846503423256465
20160510,58.0502648554617,100.49926989062405,72.13643064771094,90.31904433726996,52.727024429951
20160511,56.43833719413027,97.63726230656357,71.78829180243211,87.73844080857259,51.18906672546816
20160512,55.0639760386753,94.01255580963411,70.42786816287973,85.4753396367779,49.93085176198763
20160513,53.73640639674565,89.23294363709033,46.77897761723173,81.13111163853388,48.533089957148064
20160516,52.65235318485056,85.21924389109323,27.44546810846662,77.6898535643017,47.373887840686834
20160517,51.84530812713021,81.59962501413125,11.860193811454131,74.40253084332922,46.327762750814216
20160518,51.20502191979064,78.61266238039336,-1.1831595043770895,71.83262216714279,45.44487385752245
20160519,50.90558429542583,76.38951379428916,-12.206857982714148,69.95804005247632,45.05211254450265
20160520,51.31810580002027,75.16798449000923,-21.502548261421534,69.14562384921942,44.98912000543389
20160523,52.65117784340638,49.47889445500159,-28.841487521424217,45.477750097840904,46.027154248356794
20160524,52.41892821917869,28.795951452806086,-34.44068777421753,26.140351553066374,45.96725083034144
20160525,52.1008247767249,11.917825162803213,-38.94901703226044,10.317444960357278,46.04499184408016
20160526,51.21671573041176,-1.4600310699688308,-41.806793376924034,-2.0986648081533277,45.479862089214265
20160527,50.415728307485026,-12.650554437387209,-44.62946750002454,-12.543088109835521,45.13663232410345
20160530,49.38860270511988,-21.487081446629762,-46.802534217322304,0.06886270286180335,44.43716220818165
20160531,48.92055870931895,-28.552145684143422,-48.428082155732234,10.37968198551833,44.18123446486502
20160601,48.63722432740953,-34.29611267004962,-49.682556638418305,18.837206231659977,44.057538657114115
20160602,48.1764901861895,-38.677821254845625,-50.5657187646414,25.73332602819721,43.50787317820909
20160603,48.05096563731209,-42.17575696080597,-51.48572080389897,31.159646445575536,43.2104230956149
20160606,48.00083888395228,-45.41516042757695,-52.984863362997565,35.93161867888375,42.9726105657586
20160607,48.0130734258983,-47.97608773731502,-53.89775057285501,39.773893708892835,42.95124479047001
20160608,48.74215611276239,-50.71889692740726,-54.4874464956255,43.43230184193958,43.506471306923196
20160613,48.248864635134076,-53.486783442556266,-55.131092175125,46.4261307655422,43.51323845283816
20160614,47.31301860363543,-57.28018102238022,-56.35389464876125,51.07607210231828,43.796535204477216
20160615,46.5356073715147,-60.339010763931405,-57.13290732335193,54.765357432245395,43.97268793043754
20160616,45.537069883186575,-62.96047862355884,-58.15343023847584,58.25895255247438,43.56670770315941
20160617,44.71915935036996,-65.23845450825605,-59.20920208925725,61.120788534838454,43.237260875563834
20160620,44.07141946468354,-67.56674735478258,-60.230406929626476,63.57156557731707,42.96402718790984
20160621,43.51535837936993,-69.47387577410638,-60.92712542168591,65.61888424853322,42.679175239677
20160622,43.176926395651165,-73.29614676825521,-62.63424748918678,69.6696712305124,42.81392540429844
20160623,43.505993031513036,-76.64498390241546,-64.21776522739012,72.8641089657679,43.59402543954754
20160624,43.7412978617409,-78.7085704682567,-65.34115760404634,74.97245161655566,44.247316310581596
20160627,43.8961852131148,-79.86550443552538,-66.68125029423703,77.01052135062965,44.815140012371465
20160628,43.908809631228344,-80.68316678274124,-67.1868054964398,78.67062229368167,45.157697091026876
20160629,44.06421534481061,-81.89681695765508,-67.64358136071404,81.99826269558451,45.96033019706013
20160630,44.393322510169014,-83.29404733599675,-68.16051295118231,84.5087250703416,46.539124113777795
20160701,44.80544864934757,-84.23467498556907,-68.68812557308652,86.5080502453451,47.25737992160423
20160704,45.30482509975539,-83.97211390828248,-68.63436002632848,84.41463138243115,48.560230575907894
20160705,45.308880126017726,-83.73578148955053,-68.53110821946585,83.82179913036603,48.42287455332465
20160706,44.84569977028919,-80.97375538637776,-67.09163649135442,80.68042568610329,47.69991274733808
20160707,44.0533650137102,-78.29743204451606,-65.44555431494415,78.01687097508717,46.59885978191523
20160708,43.326392587798004,-76.20365024758773,-64.24053308577244,75.95316729844491,45.2259374963576
20160711,43.64705549770317,-74.19765398681068,-63.36140333303118,74.16839504721318,44.648601279187254
20160712,44.27669654991622,-72.64490192709881,-62.76098549281346,72.75858867287505,44.12659073312164
20160713,44.33795815935257,-71.20117633812865,-62.29532407503655,71.0242672804366,43.267425726279704
20160714,44.66183695439011,-70.32867387610641,-61.80865543625345,69.87213856136505,42.94022031768998
20160715,44.24199340435551,-69.58416294824441,-61.34523148252138,68.8949635541749,42.08540207480835
20160718,43.75303647802384,-68.94850177667544,-60.94477199505976,68.0762216910209,41.3743083255963
20160719,43.228344941032766,-68.28088684291386,-60.75181335041209,67.33281076731505,40.680647748473184
20160720,42.613205506924906,-67.52728486961796,-60.49790631009005,66.7224071827157,39.960502623674785
20160721,42.15989121872607,-66.88452816990389,-60.235076553458214,66.25903984771271,39.34589867881793
20160722,41.666067885263566,-66.20717007123062,-59.49772096847869,42.634060048805225,25.863498352885017
20160725,41.86223570608881,-66.0945679260467,-59.294628132107555,23.14183910317258,14.406548237691455
20160726,42.568999964390116,-66.15074033747236,-59.56377710798571,30.65449355594443,4.818645574066464
20160727,43.11364428757275,-66.21219491589953,-59.707909796564245,36.81044034526298,-3.0200286876466205
20160728,43.64502762281908,-66.65475839871705,-59.998294459776986,41.96808723851817,-9.706371605863364
20160729,44.270759619810185,-67.26989318594161,-59.98298946475936,46.211743317460524,-15.23669277773178
20160801,44.71716351811281,-68.39395167402948,-59.8416066744494,51.93033870570186,-19.687607643616463
20160802,45.28832061515569,-69.48415754521876,-59.84462966611405,56.57772393509727,-23.637366829912764
20160803,46.121380299667464,-40.31582526177043,-61.31828391544777,64.25755030147265,-27.10314254155141
20160804,47.29009741285024,-14.569671593214897,-65.19065119708551,71.48223509758874,-14.041200935108028
20160805,48.33947355804018,6.250029619206134,-68.13591804475813,77.17485925531507,-3.0640179720185454
20160808,49.650095178293846,23.78765285381953,-71.01763935702986,82.07895863877847,-10.930276477640627
20160809,50.856646493665785,37.79710624040792,-73.20792035190382,86.27487525333925,-17.418871180188056
20160810,52.87716318986554,50.80494437515447,-75.02746512021396,93.83633997271555,-23.399303282620203
20160811,54.72140678874372,61.06874086253474,-76.07381107685417,99.5029188544191,-28.240300950069837
20160812,58.32308425998859,68.93202320523675,-76.34839049009888,103.60004608286243,-33.63358751523535
20160815,33.385029887445874,73.15901548819708,-75.35691079082456,102.81859814332184,-38.006187089183356
20160816,12.114544181721282,76.93608244224963,-74.72618040954134,102.29885551244486,-41.93298781170447
20160817,-7.621011656009953,81.02135146575776,-74.34405160459846,102.22329992355326,-46.037296848716004
20160818,-23.62099688043861,84.4511537363288,-74.39842323213597,102.16050840891367,-49.062836758851084
20160819,-39.388683552539,89.09062637005405,-76.84877845948611,102.70012299334529,-53.27408355225292
20160822,-52.08817927982997,92.75700180358847,-78.32223163192312,102.37718051866825,-56.65543328505351
20160823,-62.559724442031005,96.23282137128211,-79.63568611046469,102.64188178433974,-59.591230941176384
20160824,-70.7915534456401,98.99651467466286,-80.28214657427517,102.21441278988898,-61.68296204121405
20160825,-77.51833413072728,99.7889473638062,-80.0668979979969,100.37228562784452,-62.81866706954767
20160826,-83.37289743896528,100.21583431512047,-79.4967123277757,99.02667865363355,-63.65921328386608
20160829,-88.57903182050904,102.45029637628889,-79.8965980408199,98.99323921858935,-64.66947242064214
20160830,-94.50881671376095,104.52687231402136,-50.621187463399764,98.95185463607582,-65.88218564147891
20160831,-96.87923683020044,104.48045218863803,-55.220743840624024,97.09043591392832,-66.6184223109984
20160901,-98.90730759599192,104.49835802845391,-59.1802112999272,95.61085690667551,-67.15319478347558
20160902,-101.88337913357059,104.76438120199198,-62.15902167716081,94.53476397095855,-69.09746845541143
20160905,-104.41498689403346,66.5829440009344,-37.975297115119226,93.71727081322689,-70.51210981204568
20160906,-106.40269617253784,35.33369245427329,-44.39674606066151,93.09359543834061,-71.22746995669725
20160907,-107.34867148011078,9.864524993716893,-49.50979321710658,92.64488508503145,-72.3415270625286
20160908,-107.73020783182345,-12.037637501056418,-54.08495344304562,92.82311205697602,-73.42089220052425
20160909,-107.9223676531584,-30.123503735555733,-58.24531594946782,92.91462712681849,-74.34556285459705
20160912,-108.77498269230797,-45.91124987091967,-62.12217957860967,58.22904970305758,-76.02710435661501
20160913,-109.48151108530821,-58.786751542684534,-64.92047199290178,29.860969600064507,-77.3994869214871
20160914,-109.21374221686963,-66.17999592548676,-65.26267927046314,7.850654540857923,-78.09399834893264
20160919,-105.18809228386851,-37.24322565840487,-42.139397177157505,-9.364849558233947,-77.01131433862656
20160920,-102.10031423339078,-16.088094936350856,-24.277073113871563,5.589272564175719,-76.8401607017746
20160921,-99.64660689050902,1.404232236765506,-9.49048845950277,18.24671087483004,-76.80226738305784
20160922,-96.7811447751922,15.716136287497072,2.5929892446485874,28.593250797161698,-76.45345986854494
20160923,-94.36711697563737,27.52618614200299,12.737563367225885,37.32231636636713,-76.12955562482847
20160926,-91.93945020099554,37.52511876023666,21.162766473571924,45.26439290179572,-76.57741280350002
20160927,-90.44430761532409,45.478035979347226,28.059891105474506,51.668247305149535,-76.96109352933586
20160928,-89.18135963742851,51.688290641923345,33.36818242503726,56.52120542891966,-77.29394232304122
20160929,-87.73552766976744,56.69549402771293,37.506265190779295,60.50698462347849,-77.50668871508338
20160930,-87.56820582060986,61.49780165684223,41.118764511829,64.98053358004114,-77.31456935355212
20161010,-87.43467191873029,65.4207823450576,43.976953772979165,68.42186501685917,-77.12903700642788
20161011,-55.745871368944684,68.06736988112905,46.41812516932956,70.31603934692866,-49.501317820429655
20161012,-60.974182131310826,70.27862780998801,48.955200551853615,71.8620175536039,-26.865953408693436
20161013,-64.77699447129972,71.85847057955274,50.99839402008031,73.0247096567682,-7.590677305258889
20161014,-68.25576797846587,72.99952903174547,52.597936559293785,73.28515240687838,8.287272390800934
20161017,-71.27455416840375,71.70682690673313,52.70168057663399,72.63199316603982,20.24998590689681
20161018,-43.247809264042246,70.67680957069813,52.51403548227846,71.55044947968481,30.02034658470688
20161019,-20.435781636051004,70.46732977365066,52.731099187931974,71.40020635237579,37.704723505786355
20161020,-2.4712159478723965,70.09041139542254,52.92968951492653,71.05619874552852,42.85587076042145
20161021,12.629190351085327,70.88641552316575,54.186075466803594,71.5868730099423,47.445021155160504
20161024,27.248582667877553,71.23616676295576,54.589219648393495,71.78227667368317,52.75363073337077
20161025,39.06396720129469,72.78244419398197,55.71431081550874,73.49099638517964,56.92890516276474
20161026,47.92929028064599,73.8674615170635,56.03789227020357,75.14271127860722,59.92005720665546
20161027,55.36091694496107,74.11043479095595,55.95792187425166,75.68873916933202,61.61237053370463
20161028,61.740266568365925,74.27113510128665,55.81663384540508,76.1753311747049,63.42617314751386
20161031,66.75542723313843,74.27844990933494,55.65879707693058,76.35327998832751,64.59213190354859
20161101,71.13908655246576,74.54242466087464,55.45149435737539,76.7763889121004,65.76071653803335
20161102,44.03865135054631,74.90509853972115,55.50064408776783,77.20602844608402,43.432525784182246
20161103,21.530775141528572,75.32732637898518,55.77017338165968,77.59938077897984,25.142532110690322
20161104,3.1220311934020275,75.48303294612501,56.16336861238603,77.4589399392486,9.962301201853597
20161107,-11.310926607353819,75.34756328028998,56.47598933712676,77.61269245009477,18.528924984103814
20161108,-22.907744810047955,75.39711996330428,56.4556351022639,78.25289992946334,25.53541013026848
20161109,-4.644272649333953,75.13459392806283,56.26886126804979,78.32929544239109,31.168876091616465
20161110,9.125949470867258,75.25772213606555,56.13772604974513,78.31061349082435,33.9007691356615
20161111,20.623228579521864,75.29882976800404,55.78089866057068,78.14729045331212,35.827362293495355
20161114,6.457018122084554,74.50245915402706,54.12111708782251,75.67927314334828,36.216313206196595
20161115,-5.2009278694978525,73.76647724702659,53.006134293222885,74.36694575628199,36.51978182019035
20161116,-14.612266647390838,73.01215217764256,51.63284052780615,73.56113820481936,36.635008557329655
20161117,-22.485175039574738,72.48134454419733,50.53758280914287,72.93933370711424,36.875439493414774
20161118,-28.915451166845152,72.18309435193292,49.735048524674895,72.56078024450171,37.04409628236634
20161121,-33.96170564502556,72.40653386673094,49.43546144497361,72.73077965969306,36.87074157031884
20161122,-17.81825118526321,72.58884924952892,49.159715622739775,72.84154645539793,36.75662273105994
20161123,-4.513147886684413,73.14156217577671,49.283981859965756,72.99221669215694,36.6863059187101
20161124,6.494619954169123,72.26295287101216,49.432976956453004,71.36474527304708,36.70347781028977
20161125,15.507120015564526,71.25527783656247,49.50756671290848,69.25474687194472,36.718400021797926
20161128,22.658498750454598,70.60865894493232,49.724040054440586,67.62969925816603,36.51306903905465
20161129,28.352123931684073,69.8928655868567,49.761664254353995,66.10658335256674,36.31224955485504
20161130,33.644186196288636,69.45751185360601,49.852508378552535,64.80579651166728,36.522068715954546
20161201,37.961805940721966,69.11764742059336,49.92641710225852,63.70856430808731,36.703735254923195
20161202,41.24882270584549,69.02416974096357,49.90827121468358,63.08650065853744,36.834540588047034
20161205,23.406033249993573,69.0676740942088,49.99124643802002,62.58442912017701,36.99534163804982
20161206,8.753889976427587,69.21049728480962,50.27829601905789,62.09838122891021,37.13139264360003
20161207,-3.2311605935918415,69.75652852963458,50.65913456038451,61.93504000046507,37.34494624822479
20161208,8.594688731662147,70.1173308667994,50.80791438987901,61.59329060710586,38.34592714339742
20161209,-4.015534486803597,70.5129869301271,51.30077907233321,61.4823027707616,39.51857093500038
20161212,10.41892273190882,76.08156565101692,55.33570408981744,64.32021439492833,42.27520497248424
20161213,22.22004769389744,80.05279636717859,58.57076016504084,66.64214208742838,44.57279801494377
20161214,31.450518786034458,83.47168810930116,63.35072883427601,68.5892939261375,46.61645319585203
20161215,12.448622073040063,86.44341973231631,66.53863531821065,70.2990912330529,48.28553600120693
20161216,-3.1450881324461717,88.89778691475237,69.23664009024363,71.69572363263771,49.766362268892976
20161219,-16.625478244888118,91.38917688968151,72.72421681559608,72.92568222284666,52.426799037646084
20161220,-27.374602185376474,91.49444454415918,73.97985162951588,72.32223032577588,53.525220652726524
20161221,-36.36455693421037,91.58141452122196,75.0450596731724,71.82979683799135,54.408408215492486
20161222,-43.66170410436612,94.80547976201336,76.34105227487325,73.75544953605544,55.22933440335101
20161223,-49.630169899470204,98.82522714496761,77.81725611116278,76.7584367352702,55.926070612902464
20161226,-56.99195351180717,59.1723464599022,78.93618977724344,79.419529885803,58.60613046054096
20161227,-62.132714194327676,28.785248449582415,79.43455369164589,80.03703942558488,60.12710874756084
20161228,-66.2310291377526,3.7314268485916564,79.84365807325395,82.29765955749848,61.74980965683002
20161229,-69.58839107920947,22.896220151062277,80.25432432706987,84.1081567315834,63.11267348448202
20161230,-72.59310653764771,38.75984080810207,81.34567189723353,85.67838600535867,64.29052588007727
20170103,-75.1008548257021,11.733512688538276,82.13577920438243,86.98282225001084,65.37273922738372
20170104,-77.02158107559785,-9.971026601474243,82.51523086660076,88.04344408944286,65.80703698658932
20170105,-78.82354277204797,-28.08325038369352,51.737402455475554,89.38621448718395,66.38404297294385
20170106,-80.4894923792999,-42.61290394009809,25.901306040990193,90.25976823544497,67.1180467301987
20170109,-82.22227325847096,-54.34935275014994,5.269231426749651,90.94038733169961,68.0860407212885
20170110,-85.51911835721526,-64.6851457116415,-11.515715495422848,91.79430934406138,70.23873242188452
20170111,-86.95233121201093,-72.40484503587287,-25.043495277096522,92.15199010783965,71.48896727915724
20170112,-52.99848854902386,-78.79370675732224,-36.095009590340666,92.4440503071819,73.3466936246642
20170113,-27.26223681639414,-84.40341159727782,-46.619033832737315,92.80170535478496,73.20373162531948
20170116,-6.774763354625561,-88.33369021401774,-54.90990810730503,91.89898280323416,72.59026401258666
20170117,9.936680908195044,-91.9311858249621,-61.698797335710125,90.88681290256314,72.06865852680575
20170118,26.68795597527296,-97.0992364948122,-69.96138267168789,91.96450607087226,74.5739203081569
20170119,40.166260550248474,-101.38416877755715,-76.73518317313734,92.79041108827388,76.8257185213652
20170120,15.157293617490302,-107.67562730124048,-83.83996696495727,93.79944452118353,47.380751378470606
20170123,-5.3354296123233595,-114.85168104636084,-91.23720957606271,97.35460838481097,23.28931627667126
20170124,14.426498140669763,-69.1224529177051,-54.14675605480931,100.15264329670285,35.704600498207036
20170125,29.204692811267133,-29.745295815979617,-22.074739200458556,104.05237918053166,44.69329426716741
20170126,41.262003953370595,1.8779253767000714,2.7418452716717603,107.32352223726063,52.04124836927478
20170203,50.83120273226557,26.1460061861378,21.891373689536586,109.55688491133748,58.020998759204716
20170206,58.860788761609605,45.95816185444967,37.601509901585686,110.6871721790595,62.64918931045413
20170207,66.09770281202049,62.261060927516176,50.719546437949084,111.9425857021268,67.18739694818287
20170208,71.24721414070963,75.71124420922476,60.201201709095166,112.29303202215635,70.63655659130472
20170209,75.5243187403477,86.59450544767326,67.84522526448914,112.49800808421143,73.39120656611644
20170210,78.79440697645035,95.90463404769407,73.86392302631056,113.52206103765735,75.40538489324541
20170213,81.58653846192568,55.32352709361497,43.885551895133695,72.20593754529419,76.95100391023406
20170214,50.26610612168739,21.834327360178474,19.31512158234405,38.95206996410731,48.24177529372396
20170215,24.219243026782454,-6.918958912444079,-1.1767720338561474,11.5877102187703,24.476376992739816
20170216,2.7159974751744542,-30.331520977560597,-17.646984848276848,-10.749057251143078,4.945042610973254
20170217,-15.294289584397642,-47.251073627509214,-29.990542262163547,-27.55852216558752,-11.433361481437357
20170220,-30.734614303093263,-62.209698493594985,-40.40400612223253,-42.80487474228132,-25.639305282357032
20170221,-42.677150131842936,-74.76965466969945,-48.936658417685514,-56.38950401670374,-36.86686900010314
20170222,-51.74273016958568,-85.09032924621293,-55.93759422426525,-67.84798062958544,-45.3784436137115
20170223,-59.21447130752631,-92.9434262831759,-61.30871864347995,-76.8002026972827,-51.70862728097288
20170224,-65.87462890305834,-99.26093254099754,-65.40366681737963,-84.17909521723425,-57.1715918286329
20170227,-71.25488241403428,-104.42099150351376,-68.75451797053368,-90.22614231736065,-61.49174598313117
20170228,-75.65528005063767,-111.96940238886044,-73.20255030292277,-96.30613340913531,-65.0144552075103
20170301,-80.49710288979355,-116.15097704994164,-76.14025717850879,-101.36566831255908,-68.69841962838173
20170302,-84.27864314214366,-119.15844727214922,-78.76129265901548,-105.33596348013391,-71.4652416603159
20170303,-87.66323006406448,-122.88216806673778,-81.28251024827162,-109.0534793426022,-73.73081384758777
20170306,-90.55397471736444,-125.87764737089952,-83.17654551133778,-113.07469764436775,-75.9786225655907
20170307,-92.84710909989093,-126.30771008656711,-84.50013934091058,-114.09959018511205,-77.77761280144493
20170308,-57.048387092054405,-127.7871099536764,-87.20445588071975,-115.76882795945887,-48.575802810355434
20170309,-27.758270900369833,-128.9381365687498,-89.27476100814029,-116.42425961440415,-24.64083444036038
20170310,-3.6085080964537455,-129.35198039060847,-91.10285497392972,-116.67220039572783,-4.7248444100003395
20170313,15.906567421219757,-130.04324138038692,-94.082296184379,-112.87196799242064,11.442364127542229
20170314,31.810362010421418,-129.73733109289853,-96.04538454971261,-109.95754466251586,24.372140243081333
20170315,44.33398062492498,-129.56928056778597,-97.31650621881009,-107.57290993674994,34.44090491688162
20170316,54.80488220195961,-129.38584846769007,-97.17923345396329,-105.51283077082674,42.79534596554852
20170317,64.64552874447564,-130.4030638563481,-98.77416424147629,-104.40971399898895,50.462610085819136
20170320,71.99309235913627,-130.99175835403946,-99.906055093026,-103.71210335947023,55.909475880396386
20170321,78.68541663970537,-131.37407565031947,-100.92657741175177,-103.07873725325037,60.627355597902735
20170322,85.23164330663627,-131.6841092663347,-101.71055435826898,-102.51358952394001,65.04431660615852
20170323,89.69134029524989,-131.44122491336694,-101.69294450935652,-101.45371386493547,68.27740225446696
20170324,93.2544033826208,-131.21410200971872,-101.8718336985346,-100.68873012273976,70.92382917369095
20170327,96.36968276273396,-127.55687648977909,-100.54337015053764,-99.40879083357014,73.28040761733534
20170328,98.93123010665578,-124.58911471923457,-99.42389584989209,-98.35919359338806,75.26430826795799
20170329,60.31934249475952,-123.97186722921671,-99.14745363449204,-98.33350795678912,46.04184728774613
20170330,27.641759663740384,-123.77048802258084,-98.20210468394656,-98.43395926640619,21.458125389509146
20170331,0.9051463165465717,-123.0672252991095,-97.60385232988183,-97.95563191445777,1.3439975852851849
20170405,-22.237996056235463,-122.63211869973183,-96.48474959713512,-97.02506348252054,-16.406791657839104
20170406,-41.064750972392666,-122.81490421911413,-95.59396400429263,-96.84282786888015,-30.818261833268235
20170407,-57.843751984114455,-122.29126929231738,-94.68810670567359,-96.77143138703809,-43.968668980251095
20170410,-69.36731281107102,-121.39089508903905,-92.84170866119125,-96.041562313566,-53.092699664906206
20170411,-79.8222784759124,-121.19188543520487,-92.34651952427564,-96.99747245594867,-61.217585346056154
20170412,-87.95831979632624,-120.28152227205474,-91.77595887917134,-99.18511511307156,-67.01869417796432
20170413,-92.15523621858837,-118.477182738039,-90.80495215878781,-99.57933628351289,-71.3679408655235
20170414,-54.52149266710454,-117.03978203174795,-90.27160984111117,-99.55401545710158,-41.276170809978005
20170417,-23.68038227608146,-115.72032288888396,-90.8756623197919,-99.32079425453088,-50.87625627493944
20170418,1.5662599342821926,-115.18819694049314,-91.39968808991289,-99.28758399680983,-58.679592183400665
20170419,21.33492442497905,-114.18029203263038,-92.09482977566545,-98.85125844752093,-64.90687595952045
20170420,38.04603961457728,-112.80711603990443,-92.38668234076995,-98.05593809230963,-70.30507460487122
20170421,51.54972667815686,-111.54273873352233,-92.62903072145325,-97.34597810239647,-74.7223236620362
20170424,63.83835522201636,-109.80049298039997,-93.4335027141277,-96.70778886149537,-80.52689249126769
20170425,74.08721328869096,-108.22071686615452,-92.64062068540315,-96.14745013484243,-85.68930375249778
20170426,40.611311519901875,-109.02996789832926,-92.45402423509697,-96.56560971803827,-86.87946766833244
20170427,13.34844991555763,-109.48238788983548,-91.6160278810358,-96.37257417496208,-87.74998181826672
20170428,-9.106065383894759,-109.94607323749352,-91.05733064382478,-96.18301382233943,-88.71298720641293
20170502,9.430337670968868,-109.62153788806137,-90.64330503122639,-95.01192787418191,-58.148333197117594
20170503,24.407598328125836,-110.43786016605215,-90.33303937964439,-95.37177501907685,-33.195025276532895
20170504,37.105294453317036,-110.96521462748919,-90.72406481303275,-95.77352006753974,-12.494578911335129
20170505,46.99682869071397,-111.24265339523357,-91.16043963326737,-95.5813603174664,4.0554856600035265
20170508,55.164012148385076,-110.92898556553735,-89.06137700418697,-95.0989398260179,17.674341810873187
20170509,62.28054085110887,-110.63327165504435,-88.94856248433378,-94.98446100241244,29.224231488705865
20170510,67.95541263899116,-110.63743880203899,-88.79592659676472,-94.6657325579485,38.62107406549575
20170511,72.74095617229302,-110.99449625007254,-87.08854532809531,-96.77554640606358,46.70742312008312
20170512,77.17696140547174,-111.69865658996353,-85.90074569351319,-98.81651943330462,52.58272161260688
20170515,80.77051928953678,-112.30527607906673,-85.00322521381636,-100.52066516973194,57.33634135977912
20170516,83.68970487235438,-112.53383125587517,-84.26324157197524,-101.57519419374066,61.24866909050917
20170517,85.37145104241115,-113.2914307758378,-84.04246451658844,-102.60835672288347,64.1445507562638
20170518,87.05300822710508,-116.45907162259157,-84.10697692879359,-104.46996554976381,38.28334770581083
20170519,88.0974560559169,-117.95968890759013,-83.95710611149568,-105.6206371258021,17.123776294947
20170522,88.86045532044686,-118.45484479243693,-83.52235017913543,-105.92703575090408,27.91331442148001
20170523,90.04037296764822,-118.72022140550887,-82.60939127371309,-105.97599191430766,37.041928668547314
20170524,90.99927698790744,-119.44472738188911,-51.70843177886777,-105.56428873002326,44.42667862176152
20170525,92.66447366273455,-120.07062928906839,-26.451277621680514,-105.26868083522871,51.57658152216486
20170526,93.5969099393846,-118.60633178544272,-6.0813940205489665,-104.27871023437555,56.915165013624986
20170531,61.722346894826124,-114.15226483112149,-18.76240233960464,-100.57080464714763,35.01592192822014
20170601,32.270093295364,-111.39057708227375,-29.463305206420717,-99.0333290569598,15.195843818667646
20170602,8.217137484390411,-109.1080860522869,-38.22196087223331,-97.70969391750171,-0.9441436319939287
20170605,-10.926015473682375,-106.83806250890278,-45.38828361305128,-96.35649677066208,-14.044070541757609
20170606,-26.693072483326496,-104.9597020976637,-51.19951110907095,-94.99737583943498,-24.762045604741566
20170607,-39.39617115722559,-104.64920197915666,-58.033782513203924,-95.01809618713732,-33.54682105608167
20170608,-49.35805095904256,-104.57083368380954,-63.69557372017818,-95.03437951379061,-40.619643996505474
20170609,-57.885030647127806,-103.98832766827644,-68.275877071888,-94.22640097603673,-46.542094158922346
20170612,-64.87243030529595,-103.96678428087914,-39.1785751047351,-93.50641606556869,-51.4065387945883
20170613,-71.27663349562026,-103.84567070148604,-15.888774739217217,-92.8415467336896,-56.25203651228349
20170614,-76.20007400783213,-103.69729866165751,3.1515096360252937,-92.27262074621801,-59.88263808925857
20170615,-80.16061301336372,-103.88366147663415,18.854341709991566,-92.15106612817208,-62.869119773003376
20170616,-83.98178722891235,-103.76215891644514,30.993858007794085,-91.71582890624687,-65.55370444127404
20170619,-87.48123161963842,-103.80258603651096,40.50856949074178,-91.19691407878192,-68.22946907738252
20170620,-90.93645087497968,-103.45557208731229,47.414341728311996,-90.58379354803996,-70.40604171574509
20170621,-55.005895650032535,-103.8447833386538,53.53554707323243,-90.41718074662649,-72.47747679440712
20170622,-63.52011413801653,-104.27856387989448,58.73511945540994,-90.59051386315414,-73.6715290153414
20170623,-70.4451684538949,-104.81433661116255,62.876481194687685,-91.12812367852818,-74.68979961933994
20170626,-75.9387743538009,-105.25213154816154,66.24861028730382,-91.58710099853192,-75.44075374686983
20170627,-80.96488957398824,-106.59732538754865,69.14330146118763,-92.5326531645886,-76.53005758056736
20170628,-95.59283921823302,-114.92706862362348,73.41790441142355,-100.60182466487473,-91.44790362042507
20170629,-108.07924733374688,-121.23805758994013,76.68376533211742,-107.19253171165987,-104.48589586956257
20170630,-117.93655804224392,-126.37589704077055,79.22119576502512,-112.11202903887595,-113.75944234612118
20170703,-81.36921465187818,-129.84653997337998,81.25312333940889,-115.46002606290827,-107.11033133951904
20170704,-51.472220979397115,-129.32362554626127,82.37702032932414,-115.17606956721208,-101.6718111212571
20170705,-27.052961504456135,-129.02822683321804,83.58564792513269,-114.85564269283779,-97.2178834105906
20170706,-7.084432792962163,-128.4400979322743,84.28870701758531,-114.61777444228333,-93.55786896219435
20170707,9.220103399564941,-128.37572254574744,84.85324436675627,-115.46438485403212,-90.56347380514612
20170710,21.066876652989027,-127.08085437561466,87.2999086534273,-115.13747303669052,-60.937119072918776
20170711,30.954291619763698,-126.62476989503712,90.5974281838467,-115.48461403530547,-36.509262850449865
20170712,38.84805745077451,-126.05205907092841,93.19875386009254,-115.77071010304573,-16.4635305122937
20170713,44.27891135437872,-124.90749669719327,95.10142262133678,-115.23567424443159,-26.619725049117708
20170714,48.24361293758277,-123.3865209616121,97.24230963416922,-114.74648429393234,-33.957890919937796
20170717,51.53905385792807,-122.14967642021675,99.54145088282966,-114.62557779103228,-40.00499501086535
20170718,54.225647355102176,-122.52197054415734,104.13610230900484,-115.5196968435623,-44.95258552828046
20170719,56.50681019899453,-123.09769210662303,109.6954585543633,-116.82517553329947,-48.98977185196159
20170720,58.79825724318238,-123.945524386316,113.8017827152363,-117.73381088354945,-52.9074126901602
20170721,60.74206699597974,-124.65458799900475,117.16756907057606,-118.7887850265267,-56.22847770817902
20170724,61.383683073081066,-123.76554752666134,73.63205818050704,-117.32586562453767,-57.51164587071111
20170725,61.529654392023495,-121.86776304269239,79.16502711683243,-115.23146734995105,-58.26354125035794
20170726,61.0131929880472,-118.79790551576899,83.35787630018805,-112.12740950055205,-58.257498780442454
20170727,60.588953633005104,-116.06386786539045,85.75943558207555,-109.3820011946261,-58.255571575705304
20170728,60.26062989325099,-113.03796129108215,86.94370484241308,-106.0404870872734,-58.34092688042946
20170731,62.7147736918258,-110.45348341792125,87.54553164759268,-102.94009035259106,-61.41547532150012
20170801,64.77481181446275,-109.7724235714015,88.69296204137122,-101.9610736596673,-63.90483520988059
20170802,66.05859518287463,-108.57384525611776,89.63433170304411,-101.03408367638684,-65.67995929303598
20170803,66.99404962067571,-106.46587121719256,89.70594078070843,-99.8011276256262,-66.37004823768915
20170804,67.84286521468263,-104.7197005482831,89.67569165948721,-98.8843984442704,-66.8124995889376
20170807,70.79601423185431,-104.98645498263852,90.03906817234729,-99.54896766772397,-68.38590054652552
20170808,72.42672113740825,-103.82327404579726,89.928754679256,-98.87442137675708,-68.92739609571056
20170809,73.77352351769456,-67.15392676834901,89.58909040923095,-63.53063364608227,-43.498393949330136
20170810,76.01989085675515,-36.953939396852796,89.34502814198738,-34.3157407626265,-22.651483437058765
20170811,75.4023866229983,-12.301349004741835,89.18339403773122,-10.202217420064066,-6.496246267199267
20170814,74.88360164587456,7.898614988275818,88.54815147892835,9.513693385089075,6.708370070043625
20170815,74.54524344825579,24.46391417735891,87.59042729849774,25.61529227855209,17.527560948386384
20170816,74.27448646497355,37.350182191991436,86.08910896859022,37.81338846760761,26.339131094163744
20170817,74.11328082067784,48.056821059827485,85.01540783973678,48.04052714436806,33.5296018763383
20170818,74.24588475075397,56.468864813610885,83.75816144288397,56.20775740179136,39.5027746703006
20170821,75.22442508432968,63.78273547532478,83.06838234044373,63.880885442323894,45.443304724675095
20170822,77.39136954215586,69.88778698791506,82.87683825540023,70.17413623501825,50.81321188933282
20170823,80.56648139592316,76.04827854927736,82.80733521679116,76.36710158577213,56.325279930376034
20170824,83.18800224139439,81.67669099054613,83.57338241670469,81.71805089696205,60.875845265358066
20170825,85.60817357622737,86.69588037312377,84.46811995062724,87.76522232807393,64.62527935237009
20170828,87.44285563957952,91.84620944974847,85.75538859887519,94.17745154966994,68.53291294031129
20170829,88.76864639200979,95.63877127436162,86.6403852362408,98.67257232835199,71.6980732828498
20170830,90.50966918443557,99.16017302147618,87.30417599424509,102.44624892165137,74.43311654193235
20170831,92.5446868865675,104.4877028830535,88.88223373832244,106.79499747020266,78.39569885008697
20170901,94.20694982950026,108.33810697395985,89.98272651063766,110.36567269915228,81.93047200460654
20170904,95.25288428549501,111.4495482692885,91.13833983119412,113.23869734414345,84.70864134292093
20170905,97.67236165549217,116.92647015804815,92.47261418325239,117.84406939831979,88.71108730404528
20170906,99.5097407334366,121.61573534513073,93.89596586690267,121.03569372779737,92.16695852657249
20170907,101.07868179896145,125.50607092194187,95.09764718690468,123.93632653575516,94.79295282845402
20170908,122.21767059229242,128.27052836671993,96.20953464795701,124.32156063362403,106.12014039513868
20170911,60.3637384246688,129.4065780985522,95.23630403513333,124.48940247964732,58.134922775873854
20170912,9.590151414585081,130.09518065702775,95.56962922989891,124.54668658837268,18.68116813950597
20170913,-27.2051309743555,133.0323754683633,97.60550232737272,126.6284236713519,-8.796264729237462
20170914,-55.25549204113727,134.13012209896863,97.93625266330899,127.80351305984058,-30.351032687560217
20170915,-76.0311032317134,135.81012165381594,98.42709217379823,129.31346565627726,-47.649107113850306
20170918,-93.0138855749989,136.03679692701814,98.40349983985928,129.17683300951617,-61.916467957131964
20170919,-106.96046226651245,139.65291899094336,100.3034118236048,133.10731512533505,-73.93946679343605
20170920,-118.44073474052294,142.81274761613045,101.59926142328494,137.92970861754395,-83.6980657035194
20170921,-127.8154453524687,144.59168601954661,102.16874050875947,141.77907084207277,-90.75851614230452
20170922,-130.39745898539675,146.2213263469969,102.70713866413398,145.25191386406564,-91.67618379707443
20170925,-132.18558083230374,146.5640412901273,102.87579274479799,93.55495637413978,-92.5572645919096
20170926,-133.78277444352725,147.39150631609795,103.53863680861691,50.818612898350025,-93.39253537633954
20170927,-135.70031536912157,148.3187771803988,104.31458616406957,15.859797374520497,-94.70886654953179
20170928,-136.53322745208442,146.53115782862903,101.7534469728138,-10.798117692964231,-95.17164967027307
20170929,-135.34187814319463,146.33188723526132,99.89559117686203,-32.26828486502743,-93.76784885585636
20171009,-131.7380408252863,146.66688537114337,98.01268810486812,-50.33127511543321,-91.83293997335102
20171010,-128.6837675890962,93.16739952799995,96.42872391906165,-65.50521237750074,-90.24807694050949
20171011,-126.1135677391272,103.00835398026592,95.0092171198259,-77.92017219704773,-88.93038997348688
20171012,-124.01100839889382,58.33983895985208,93.42475958743957,-86.2060381433143,-87.95342611255509
20171013,-118.33538530691783,21.00817377842251,92.2674888089518,-93.65253689507422,-58.94591003883063
20171016,-113.64641363963926,-11.874411225044419,94.06620533624373,-99.98914011439619,-35.27383897243266
20171017,-109.72706257915533,-39.0414101407915,95.51644117144706,-105.15300884907856,-15.911570605918502
20171018,-72.2983689558818,-61.037059956694726,96.30809979196403,-109.477645560063,0.8709122099236032
20171019,-41.5469305558393,-80.85053006568087,99.35658867205625,-112.408597438745,14.723272696845422
20171020,-16.193240411567736,-39.73495946207869,99.1129713808281,-113.69981941622883,26.049757978199064
20171023,4.281516994660618,-5.937560745843845,98.47945242257195,-114.70861759044145,35.00102150070135
20171024,-13.99797604065022,-31.274713579036522,97.82612934763577,-115.51095885335428,42.433401039140364
20171025,-28.962706859562985,-50.21541145015173,97.38969020346522,-114.62534207412456,48.492375452598964
20171026,-41.06693593701485,-66.18709754477864,97.3428143978194,-113.73430037064398,53.152094650664786
20171027,-15.18565530630882,-79.7192862103852,97.503599632215,-113.05075258402418,58.87828757205365
20171030,6.1985606160612905,-91.6054624138547,97.72905323326245,-115.35545257270503,63.598000126364106
20171031,23.93701435511933,-101.16305077592628,97.83193601299877,-116.76898565124245,67.25990834275672
20171101,38.45153786910883,-56.71427973292146,97.23493794491687,-117.90029571175684,70.20742981221098
20171102,50.67998183920724,-75.73865776291181,100.26095647410784,-122.20111451020436,72.8348388245186
20171103,61.708344063399956,-91.19822590715181,102.25794333156786,-125.33249291782695,76.41938975652027
20171106,72.65130582540208,-104.02736835741055,104.39647209013154,-127.87604138444318,80.61445621683472
20171107,81.59018858592233,-115.05953307842472,106.43505691630756,-130.7207792742859,83.57679865910929
20171108,88.97666505431319,-124.16979693666681,107.75997683651224,-132.75064686597105,86.0014191252795
20171109,94.85255078492118,-131.70627934165424,107.64358707621376,-135.4428800186779,87.86040423758466
20171110,117.2427723822337,-135.19594034212696,105.55746330409931,-135.13036942939172,98.79206143803088
20171113,127.63425350999567,-138.2400808373739,103.76945325074455,-134.73972031991775,106.11888971241444
20171114,135.85728996066803,-139.8368245419956,101.48703236791788,-134.1904567815913,112.16546269932279
20171115,142.1570492600239,-140.40929560869682,99.54944449991976,-133.70431152024258,114.92366964080404
20171116,145.5748553182846,-144.2280047070028,98.44120645007406,-136.75117476324687,115.99556995794929
20171117,148.06870877604996,-150.8676106249773,99.43751750620689,-140.8223944598006,116.79379658625722
20171120,146.7155709585482,-155.55105730037803,100.75545217416484,-145.38252814203952,115.1350925262666
20171121,145.46530940454542,-159.56805802579788,102.00701691446416,-149.068534227188,113.81712880058443
20171122,144.27961322699085,-166.58747071024746,103.1295147751302,-157.52096430604684,112.35788691328015
20171123,143.6613758036333,-172.37208774485845,104.00729674400596,-166.60383565022076,112.42533531101043
20171124,143.90078500597517,-176.3508157990192,104.88760536700191,-173.37477058840955,112.99026281848516
20171127,143.02732907991253,-179.61869579546234,66.52587387363845,-178.0438634305638,112.42085091146197
20171128,142.7785692423702,-182.39588339736417,35.539147257924206,-182.78436254242524,113.17034108266364
20171129,142.14843122378693,-183.73537342374092,9.665263215334615,-185.49471205776936,113.6698207405922
20171130,141.42586345352146,-184.8771564815609,-12.164135754767536,-185.3651509982636,113.76875172304342
20171201,140.20400541168502,-185.25311210716467,-29.45010820277604,-185.50940754028628,113.19968398911463
20171204,135.48705834919443,-185.1532876401584,-43.14467669095277,-185.62688656970113,110.03031985044215
20171205,131.42426545881256,-183.8939463449816,-53.207858806494066,-181.65076664787645,107.37507457576582
20171206,126.92722486370727,-182.07951086753906,-61.321331066192634,-177.08374985205486,104.34469754817387
20171207,122.2168500392098,-176.61853054484118,-69.31516750122628,-172.52037302532713,101.43513549579106
20171208,118.96451463759574,-173.28167176580078,-76.9560241494501,-170.31220836464743,99.89077541218379
20171211,116.39465540267268,-169.95945484020643,-83.72764708889211,-167.93573350374945,98.34381158002194
20171212,114.4652133185509,-166.8999156422941,-90.18705727244694,-165.8326567344383,97.069783487625
20171213,112.88012646585186,-165.27293096332338,-96.25146827925815,-164.46928229068484,96.53961816762131
20171214,111.66679954279883,-161.76803776660225,-99.16010063344356,-160.74185835345585,96.11685010659248
20171215,110.6510409984254,-158.89102181385718,-101.0648459563669,-157.38039347460057,95.8150614590661
20171218,111.45914248612593,-155.95905121748183,-102.02156371190097,-153.54265287307757,97.75626612975493
20171219,112.63458193931581,-152.99504081844597,-102.88348221734773,-149.5978088365123,99.59698085807116
20171220,113.45208468595399,-150.8064535653085,-103.53337705648278,-146.94172265768165,101.03325009554395
20171221,113.97648870679078,-147.25804366302617,-102.86820791326511,-143.02907597172944,102.05920127973718
20171222,114.92498305397055,-144.1306055580043,-102.2141014463243,-139.41379942395696,103.19265411467876
20171225,115.88681533923592,-140.633155734181,-102.105677426993,-135.3726248379516,104.56744003770966
20171226,116.03403030817101,-137.66094980026133,-102.23402841303971,-132.0642261761624,105.00229315543433
20171227,116.23032842828891,-134.45148377468465,-101.59133085504637,-129.39042931537193,105.29739273584177
20171228,116.12103571669783,-132.34849086810866,-100.9847174796732,-128.08143763483315,105.56193601503273
20171229,114.5921086458957,-130.83308713243886,-100.89076470167613,-127.00406437764292,104.82706323350293
20180102,119.65311460076302,-126.1418463700798,-99.2554940956048,-123.08040928028309,109.64225972860498
20180103,123.51118044303931,-122.98296283406563,-99.31589236579312,-121.17662036291419,113.55481872789684
20180104,133.27349692455044,-119.98380136562129,-99.2695535515802,-119.5505574609551,122.28910030618121
20180105,143.05630518823497,-119.84143947145668,-100.97118643744069,-119.23215801110642,129.52708226862305
20180108,151.0289077802402,-118.81359520443795,-101.8293886884975,-118.68825945720933,135.15581345363137
20180109,158.42126917590963,-117.69097106564196,-101.93122334506718,-118.34364374464937,139.3131501069599
20180110,164.40835136179385,-116.92460752059067,-101.77180636939418,-118.1230862242284,142.57312105625297
20180111,168.89638687178353,-116.31978830833303,-101.64373973265701,-117.92638203684757,144.82971900689017
20180112,171.63809320127098,-116.9980361786833,-102.89606227375523,-118.75200429979552,146.5654718840173
20180115,170.67429277269065,-117.54678793041376,-104.07198964624031,-119.50438647425459,145.71263494226793
20180116,170.01734287784305,-118.30502237433161,-105.40488259538199,-120.25973602498608,145.87168830042577
20180117,168.589864520116,-119.45396160117967,-106.37227482114689,-121.41641736478238,145.47027042176413
20180118,167.79055494898265,-120.31202826761384,-106.9605707880966,-122.28169875815877,145.7865504060554
20180119,167.03175738354395,-122.73985457362464,-108.48633629058874,-123.71229372454673,145.42702262330968
20180122,166.3457631136633,-125.09760835425067,-109.91251153262303,-125.78451530404726,144.96309320750575
20180123,165.95768276602348,-127.39315803317926,-111.51842236419458,-128.47980900533432,144.62429331967942
20180124,166.13490944452107,-129.19884571317792,-112.63688049987739,-130.30789691315533,144.86015401588818
20180125,164.63685327123554,-131.27188953165825,-114.39863751342776,-131.82263863840373,142.5099920084192
20180126,163.87275371545218,-133.00633171547548,-115.92552718962045,-133.49181155172636,140.20618956114797
20180129,165.11830522996667,-134.80984925136323,-117.09025235829017,-134.91147373125432,137.68078858762425
20180130,166.03167800898765,-138.52645466387204,-120.48228667937678,-138.45375460351616,135.65455386339883
20180131,166.65043412952753,-141.0352923181829,-123.22658468168189,-140.87266101290192,134.01609894136064
20180201,166.32687197210473,-142.6054420086874,-125.3145628357086,-143.5077808750199,132.85583178711695
20180202,163.56288156910102,-142.3838765178704,-126.65481980860754,-144.29791055561688,130.62475077482924
20180205,161.42693273957863,-143.67025768556422,-128.2805256053299,-145.18985692642826,129.13459245567034
20180206,159.81466994464037,-145.82628722602058,-131.75197389350166,-146.04308604373048,128.09277177563055
20180207,155.58051040743084,-146.7670783006416,-134.46516573792775,-146.70856567278412,125.9620820905148
20180208,152.5457995459919,-147.4204299320342,-136.53937183026662,-147.17986165264705,124.81736049684709
20180209,151.39000723536634,-148.72552891231803,-140.1489444439259,-148.17621598943788,125.12386290230789
20180212,149.22949623051014,-149.35585575349873,-139.69218876070914,-148.96982987603414,123.38923247145004
20180213,147.54429593126605,-149.8471643351928,-139.54701167791586,-150.7531920047722,121.75456433835102
20180214,146.2536034514918,-150.30510698987982,-139.85255947205542,-151.43828156524728,120.44900152775713
20180222,137.15142753075168,-150.4417085416902,-140.71497241320844,-152.23349515414793,114.54696129618117
20180223,129.6465688867602,-147.85181059211754,-138.42148855916003,-149.44909362547125,109.70228523628768
20180226,123.49639100777404,-146.90476473746003,-136.74757807509837,-148.03076343692436,105.73104227965129
20180227,118.48661757477328,-146.06687454190873,-135.39401080232037,-146.9170455758577,102.42650713195589
20180228,114.85410055534818,-145.18233566296956,-134.18100399397846,-146.15223302327965,100.09952375926682
20180301,111.43823505620581,-144.46197082300054,-133.21480435519186,-145.52072633019498,98.53125091127848
20180302,107.55259105025019,-142.87153607312274,-87.48315536684582,-144.3708991848948,95.90674883973693
20180305,104.31612298979564,-141.6528924872089,-49.903205113653065,-142.47996422720587,94.04590463090734
20180306,101.76186597351388,-143.81677086131546,-17.667993432551494,-143.27731465942028,92.42692904008602
20180307,99.49745486537527,-143.751639921999,-36.885416142177704,-143.42044700108755,90.89812729886069
20180308,97.94342265087957,-144.96054730326918,-51.69237758473497,-143.7377588940506,89.68719367616382
20180309,97.2806311235106,-90.96387587914928,-63.0222289232278,-144.34077829011673,89.24073632103283
20180312,95.4919083332988,-46.50866171516945,-72.28078621740467,-144.45374580004858,88.44732353494607
20180313,94.15007939828355,-10.551707212607619,-79.48243829883901,-94.83669101764285,87.96710076874581
20180314,93.35466723585628,19.265082981214704,-85.43675743184998,-54.33524839366679,87.85967531063758
20180315,92.2825839695897,43.23182930520753,-90.32599259897272,-21.26571518071309,87.03528427959446
20180316,91.26221964818095,63.11068004349884,-94.32609015780449,6.093041335219445,86.4129293474174
20180319,89.74668674534057,79.62110416270981,-99.16656372703122,27.546216193745835,86.20120898675587
20180320,88.35328271073617,37.54553201728124,-102.99540498935824,0.20369063642546478,86.05966184781185
20180321,87.21516930204008,3.5157377462626993,-106.08023945754789,-22.475186881567566,85.92619561284735
20180322,90.54489437742728,-23.41331268741951,-108.37007441615032,-40.73793068420058,90.91861622166802
20180323,92.36138777527857,-49.97365519884019,-115.19084738461585,-58.637713018480554,93.39355152138975
20180326,93.22312592753552,-72.14769714072969,-121.67505724602206,-73.5410626841631,95.26609306987665
20180327,93.23689907425566,-88.50551397026076,-126.95684085925613,-85.40121636123168,95.87162271034185
20180328,93.52175045316957,-102.80495525818958,-132.45957634122163,-95.50327442219827,97.06439525812438
20180329,94.2728988019831,-112.48718384952697,-135.38970102052804,-102.79083584629073,97.82065839561679
20180330,90.51444796758776,-116.97765007031296,-137.21349394316763,-108.39856400173794,95.35227082985392
20180402,87.47486525595049,-73.37194401085068,-135.93131385453867,-65.92465587640133,93.2483980767376
20180403,84.97973137487803,-37.65348479145868,-134.85436976895414,-31.149618040207304,91.4852667435196
20180404,82.40593690378077,-8.583984887086036,-134.0042668147971,-1.804664262713,89.37826483437742
20180409,79.09896943558086,15.449154458364665,-135.6794954568561,22.057438005887757,85.69931092390378
20180410,75.68239751890316,36.15598129546553,-139.7660481004166,43.43380205317183,82.52894675671025
20180411,73.19737544891397,52.284728224448436,-142.61882737501773,60.865245314608025,80.10293424973183
20180412,71.00604851460417,64.59011767765972,-141.9755404687713,76.47140029075396,77.92755355852051
20180413,69.2163625243634,74.59911623178452,-141.14330887496865,89.27682893054195,76.14318347702094
20180416,67.73349634700426,82.65798154074827,-140.02230641938309,98.74037479576224,74.92964110548762
20180417,66.35376085623219,89.20571295765025,-138.61401544578263,106.51166784972524,73.77428525412412
20180418,65.32400856455429,94.50890273106306,-137.40572452544654,114.69305692361917,72.74463884456644
20180419,64.48762950102368,98.90354371698899,-136.49498426675262,120.01980289079363,71.90571093925278
20180420,63.80100978940309,102.735680743729,-136.17470224608775,125.06893890054795,71.2459468568338
20180423,63.08859273561786,106.50785772445491,-136.3493479838279,129.88224874143637,70.74577651891659
20180424,62.62241328205953,108.81960702514242,-136.0530549568371,132.41567243212967,70.56597209226109
20180425,62.403376329799535,110.94045000859326,-135.69333752318278,134.29244663505156,70.41846345210138
20180426,62.28924927770181,113.3015495540344,-135.6344427609919,135.87735774414082,70.63307176073127
20180427,62.21729951414879,115.23359851896667,-135.533027964404,136.9332213845085,70.79312235384803
20180502,62.03313715931683,118.06205181219372,-137.66444632459377,139.12269768368864,71.1051586869837
20180503,64.90732945344008,124.11431553038275,-141.41721614349458,141.55763741969804,74.99797928052867
20180504,67.16500470480501,133.88791014495536,-149.07503573992685,147.8137790881943,77.66121261177638
20180507,68.50054164159674,140.4125430907701,-153.8566473681446,152.0047031573668,79.51085149926287
20180508,69.60050323981892,149.7092771383631,-159.2040630369264,155.8616634143329,80.18540360950361
20180509,73.60609685799182,155.78128548644906,-161.22832013365849,155.89175692150474,86.34433372552013
20180510,78.45272668787739,160.55124638799518,-160.813164134225,155.92744780567594,91.38018373018791
20180511,81.88853003085376,166.2312383479269,-160.7286616707885,156.10204710869183,94.11453003793139
20180514,84.26694061840705,173.25927180863457,-166.715386673937,159.30293042747192,96.15838440404887
20180515,86.33129632491554,179.2214597701556,-172.2051286493239,161.93472821916848,98.16890899708046
20180516,87.19272528776749,184.76887941863137,-178.4959667585058,162.68461588541342,98.3772375222756
20180517,90.24109512426757,189.55097552505998,-186.82048802894468,163.02470776752972,100.23529737750822
20180518,92.9951376321882,188.66283813581623,-188.25948283289043,160.74221429611686,102.01657632622594
20180521,95.21337244387105,188.02043142684198,-189.63063712057928,158.10605790588139,103.39842668152649
20180522,97.44722121369674,187.26759250077842,-190.2607863992932,155.1202484704563,104.75677564402143
20180523,98.64494336811696,186.67735547250234,-189.98545064583408,152.499834584522,104.07410185252405
20180524,97.04867470400225,189.57784491173226,-119.30184517296004,151.42183333880993,100.8505915784826
20180525,95.77661286781859,190.78520034743778,-128.57113799407975,148.34319918722622,98.40132352930559
20180528,94.70054950177797,190.68514928104332,-130.8985490737251,146.04335940428217,96.27557048029985
20180529,93.09470599761994,188.05286345513625,-132.32530386207014,141.4375780477265,93.87623503056203
20180530,92.97751595411643,185.61314676336454,-133.43194408216658,137.22212495706677,92.20972918365068
20180531,92.80196567574335,183.81911162463655,-134.40262633805693,133.584626033276,90.7526591989689
20180601,92.55140926904103,182.40785943270774,-135.9071800485128,130.83647659923707,89.75114350655535
20180604,92.8253780327883,182.04369949103278,-137.4110880566005,128.3043239048951,89.00721660243794
20180605,94.51522875196197,180.02756969314277,-137.0382025076117,124.1032652936473,89.90032201630831
20180606,96.12060170857318,179.363537772798,-137.86690509730587,121.3028255173993,90.637390844126
20180607,97.25405400913615,179.03363338577805,-140.0474797606433,118.96118752074156,91.21680634045073
20180608,95.41862209663917,174.25409991024068,-140.81074676479346,116.12982342812889,89.52148048917752
20180611,94.21256273831649,171.47203287661384,-141.64292645355582,113.81348763485819,88.31589235289833
20180612,93.19404948514544,168.56014020580903,-141.72552966816588,111.91092718460185,87.32571923203064
20180613,92.98948740286698,164.3717479142855,-139.90401708456247,110.92822329112875,87.38628830727987
20180614,59.35542347678635,108.36898879983912,-138.27587835928074,110.13709640986256,55.58708154426055
20180615,31.806638830006158,60.11687364340603,-139.63360549457764,109.87625248715386,29.56801513535145
20180619,38.844325467652304,31.2169411458523,-129.8175038932215,77.68833565828876,37.632033109666416
20180620,44.56380539927611,7.814626210660642,-121.74359446888312,51.56156532208727,44.22780304217906
20180621,49.089926868857475,-11.315631838196246,-114.69751984703991,30.219147426169755,22.386411623958818
20180622,53.244864241098114,-27.16027713755298,-109.04078029442866,12.480174079319864,4.257456736115808
20180625,56.41820488747843,-40.01024398353573,-104.45138250719009,-2.114936098304537,-10.199843899697262
20180626,58.529152789497026,-50.643189496365494,-100.9212872656919,-14.037657558512459,-21.64501641169648
20180627,59.81638613090852,-59.29450519552036,-98.12121304200191,-24.4856962762842,-30.528161323886355
20180628,61.02665509125507,-66.64346411258273,-95.67573309043938,-33.4035115927761,-37.96282254954569
20180629,62.11983244980045,-72.5802564839116,-93.39165697265581,-40.66041772939647,-43.71713476845565
20180702,62.90910164044822,-77.34634788558418,-91.45775190027199,-46.552333523769285,-47.79913204652926
20180703,63.3364037221704,-81.39453648516535,-89.8836589479211,-51.36760641471421,-51.032634278012836
20180704,63.76367823404109,-84.91026111999102,-88.57418658690374,-55.62153301312332,-53.62140507536267
20180705,64.11522006620865,-87.70739374730749,-87.45412705966909,-59.04506845649333,-55.7139157224288
20180706,64.32789228078461,-89.88612018537303,-86.5267175402383,-61.84752169186634,-57.544251808055826
20180709,66.33742232009243,-92.62277971916005,-85.82895433430663,-64.29119709529948,-61.11010499197166
20180710,67.56514562403757,-93.80341229487426,-84.57101242286491,-66.25553180679734,-64.0226351141784
20180711,68.57237957014509,-94.84824103745464,-83.52967740560806,-67.80071271742034,-66.32466625681325
20180712,69.37989136656265,-96.18695035552027,-83.01399585940733,-69.05456514126834,-68.06719551389808
20180713,69.82884476068912,-97.23964971619768,-82.50218641756675,-69.90136113236163,-69.38503125108406
20180716,70.24331627695449,-98.14753663201513,-81.71930995337264,-70.9274677568368,-70.45263739577084
20180717,74.36089785765239,-113.29440310646815,-90.35623343388397,-87.5494859457902,-42.05887428093986
20180718,77.72345794898683,-126.8283827350647,-97.73714456966867,-107.96982964603174,-19.429132490594935
20180719,80.80390266276962,-137.36036710297336,-104.24117327483172,-124.67068924690635,-0.9141227066065721
20180720,84.31256527390003,-145.29943373494606,-109.24826893060165,-138.48918420155584,16.654461388059282
20180723,87.70619404866001,-151.7946797766599,-113.0683607293251,-148.07767726705123,31.14757164321536
20180724,92.22734166388523,-157.13011771132847,-116.4716056956687,-156.84931585316525,43.58125737116146
20180725,99.90588717135975,-165.05178082370827,-119.65626631442906,-167.97514263869763,55.81629178798795
20180726,105.77443564902828,-167.5793868309789,-122.41213692636231,-172.5293779910221,65.39225393557261
20180727,110.75054223218251,-169.33597626352886,-124.26922227917589,-176.41390801383332,74.5568869037871
20180730,113.82600007178915,-170.45304200683043,-125.98525577442491,-179.82028153433748,85.29796608561803
20180731,117.56755032533576,-171.35597254156355,-127.38349312365943,-182.36266347020336,94.58838273648638
20180801,118.99027949611501,-172.3166671632915,-129.21831179019406,-184.3971572682197,99.71088169412891
20180802,119.9471279520406,-173.13725395225458,-129.9272309476195,-186.66290229830102,104.09690234976817
20180803,120.92257074897017,-173.6828868276488,-129.912945153152,-188.10713049491213,106.01111337902961
20180806,120.42111480848668,-172.7896362448225,-130.24727901504855,-189.34636477516852,105.4661445792335
20180807,121.14162660198664,-180.8340301880373,-136.0173858670051,-185.82962732783724,104.70821047073758
20180808,119.19083736425148,-189.2833668792712,-142.95752710019335,-184.13057143625795,102.9629544981522
20180809,117.91035491349797,-195.83305202946406,-148.87035313932483,-184.41471187342182,101.7262727741367
20180810,117.86637267961734,-205.44673161253573,-158.4379169807207,-195.92956425036044,100.89248865868535
20180813,114.26319304294582,-207.22061611803238,-163.3318650814204,-197.114894014922,66.94205410942737
20180814,110.82321416449797,-208.7259316950082,-165.75522998141466,-198.1255673146874,69.7716834985517
20180815,107.93593090064375,-209.88747324244264,-167.82572377840728,-198.3882217716162,72.51316020948292
20180816,104.43265351646922,-207.3196856491342,-168.2311085645158,-196.4926377133075,74.1114469530552
20180817,101.53686316390925,-204.99610078817557,-168.47496169543632,-189.94633996307576,75.3364625398579
20180820,98.60163541933922,-202.87746952005446,-168.7539827007117,-183.39221785574975,76.13578569882604
20180821,96.20189780421106,-201.17097831847514,-169.09061696705837,-178.23020123928438,76.78852331054362
20180822,94.26231879270604,-199.48615821031933,-169.65075003048625,-173.70301135711964,77.25098920906609
20180823,91.05874949670465,-201.3358735839941,-169.74954186723582,-168.60499171878917,76.16462830610931
20180824,88.43932984531197,-203.3593468670364,-171.49798648774933,-164.25214048503045,75.34515373994581
20180827,85.51557847220049,-200.04174501828882,-167.47043872153125,-157.91567138546478,49.24882799268107
20180828,56.84691731095138,-195.83831765491556,-162.16132456842718,-105.4799090288144,27.964053040561865
20180829,33.22427726757944,-190.91747660673062,-157.18197014475916,-108.94770438183531,10.111678747657098
20180830,14.252316746930349,-186.77270960743192,-153.33112960468807,-111.53222327540604,-4.298823657904061
20180831,-1.426221560587672,-183.17226948069595,-150.61912500127565,-113.45113891664533,-16.422025205348287
20180903,-14.384660310448798,-179.56160709213617,-148.34673987857295,-114.63528700010254,-26.978417846342285
20180904,-25.089478414887754,-175.68323850945418,-145.16289653979408,-70.78114513491937,-35.67448201545225
20180905,-34.88814418841997,-172.41164539034799,-142.55187075130314,-81.05763610003812,-43.6648363827751
20180906,-42.87201969201304,-169.9400818718131,-140.5465412764034,-89.34185903626918,-50.00127270686582
20180907,-49.380581785221054,-168.06819288239805,-138.30364098431437,-96.06541920651235,-54.92541367324074
20180910,-54.95077660697238,-167.25197626503376,-137.00620282829405,-54.54492507001351,-58.60616329872017
20180911,-60.29213195049702,-166.70529652598793,-136.42433148409236,-20.77910618456283,-62.31420593931701
20180912,-65.03246568156243,-166.28365591377695,-135.24766803394297,-41.007961755421746,-65.63261499567881
20180913,-67.78914702047854,-164.8991769203411,-134.69503246384954,-9.133252810792897,-67.94818625750477
20180914,-69.88684159588321,-165.1744443110643,-135.72559824134902,-35.390579617457995,-69.71635120190949
20180917,-71.5240302725244,-165.25308357140358,-136.93743890238676,0.7409946026264724,-71.27170952125202
20180918,-72.75642744632455,-164.96193133119002,-135.53212111259577,-28.14995756962438,-72.32526569826177
20180919,-73.85057291339383,-163.79371780291805,-133.96329228095098,-51.227496483000934,-73.2807254851213
20180920,-76.8016078380409,-162.5555189255476,-132.15297414014827,-71.3367301718394,-75.7596486946347
20180921,-79.12310988571674,-161.48677553835753,-130.51389842614623,-29.721756073855744,-77.76082215356918
20180925,-82.5910081751376,-104.78471221481243,-129.9411528661736,6.235695787659943,-79.88399108503943
20180926,-85.42159578224378,-59.094188587751916,-130.1518135977433,32.56688419290986,-81.60197809986636
20180927,-87.60139996249612,-20.62474456353636,-130.88092321143887,55.30194190599908,-82.85240612867443
20180928,-89.47592711121982,10.80777580045499,-132.0012806281282,74.38859945357945,-83.97451333363709
20181008,-89.67826460767947,36.848909986651734,-131.25917438912742,90.2001199613217,-83.12914621277234
20181009,-89.79672563475314,56.606452017486696,-129.50296660856725,98.27294403505707,-82.34329975210463
20181010,-90.21414956687704,73.6899102177714,-129.55984825773,105.05887337943368,-82.40524976580683
20181011,-90.34351686143734,83.5709424606105,-127.20028302108662,108.00613866460296,-82.1149094219086
20181012,-89.05761742381056,45.5274125044621,-123.09132973625346,110.04988429723029,-81.6674704232107
20181015,-87.89306970809659,60.09854998605902,-120.03834997267515,111.76321113736175,-82.37332750826538
20181016,-87.26488486384343,26.369776033732155,-117.74859470887655,113.37883947564895,-83.7628116220071
20181017,-86.72693913297228,-1.2195843774581614,-115.67376450876664,114.69778086200196,-84.67242689472826
20181018,-86.18158459332234,-22.000667247865977,-112.97779476038642,114.98203441602061,-85.64906624865507
20181019,-89.3987055462416,-39.7926438969341,-110.72508664982895,115.11674965484032,-89.22095174095817
20181022,-89.39471036925511,-54.338032464203884,-108.50446546369496,115.00391435321154,-89.00833583967697
20181023,-89.60126074051345,-66.11535868345892,-106.68508782646607,114.69277115838888,-88.8775755462598
20181024,-89.52414485200923,-75.26206431603154,-105.53501664386776,114.2474236043385,-88.60992571857332
20181025,-89.2099035988958,-82.97901378961868,-104.65032325018491,114.30421942660865,-87.99945757012908
20181026,-89.01487032082645,-89.40643270245324,-104.40484503044622,114.39328543587533,-87.10115050276912
20181029,-88.02138738215945,-94.5096652541397,-104.43320903275894,114.6715929644193,-86.1368938629471
20181030,-88.31889450971956,-100.05557823495602,-104.48626504071831,115.28907763832754,-85.10490968122794
20181031,-88.64749818541641,-105.9133027710054,-105.06455033388586,117.51884145286527,-84.2617929470036
20181101,-88.60152583293427,-110.69265512710716,-105.33625652467079,119.50087960764236,-83.32054158418089
20181102,-84.67502083555523,-108.74788631237926,-104.20072945459101,76.83693661893646,-79.47871298796996
20181105,-82.35268840687505,-106.04653075451346,-103.83889558382637,42.44678867757715,-77.34506170158537
20181106,-80.73014700208032,-105.11025316759023,-104.61513731629196,9.954317462502301,-75.92410115098899
20181107,-79.1200262132854,-104.55384711816454,-105.28587636656611,-16.810911180978028,-74.73029519386482
20181108,-77.64386265198675,-105.05594076943584,-107.22610641657226,-41.1052657256476,-73.20184716233443
20181109,-76.65392449411074,-106.2634696503789,-111.7374155893966,-62.68728325939737,-71.94899546406495
20181112,-75.83407357631523,-107.08681866244655,-115.85504244142318,-80.56154547751936,-70.90878627918384
20181113,-75.1671695363761,-107.85039879018932,-119.21448620893254,-95.23802267202167,-70.0766155987671
20181114,-74.76971623017288,-107.96876285969942,-120.05804805633257,-106.11384322581091,-69.39448272278335
20181115,-74.4410323373451,-108.26792588011314,-121.24098874204216,-114.46003397152828,-68.75038059727909
20181116,-72.05901402506132,-107.38633236180851,-122.12396780637793,-121.21820226084515,-66.8021762798172
20181119,-70.36529216971462,-106.76475880022106,-123.93717934122861,-127.96991145267192,-65.57242825067328
20181120,-68.97951974261278,-106.28464068791436,-125.51859860551481,-132.49352451028906,-64.56511848780166
20181121,-67.75485629913506,-105.72635915276182,-127.32481187488115,-136.62015327784545,-63.4567453260257
20181122,-66.75817986209177,-105.2730554897217,-127.76183139093195,-139.67952937996623,-62.55292956027294
20181123,-65.90139460335722,-104.95166930831718,-126.54189924189446,-141.45792447626582,-62.011637988701644
20181126,-64.86811136799751,-104.611665244641,-125.95604247276488,-143.50460121621202,-60.74622280029983
20181127,-64.07803262908983,-104.27218251789772,-124.13661623495055,-144.26164513108915,-59.853173762376876
20181128,-63.13445055675945,-103.91524741707907,-121.60147747906342,-144.52087075312429,-59.05091403393111
20181129,-62.37281345237919,-103.59240526961948,-118.15890338906073,-144.73259291569397,-58.41518619439006
20181130,-64.77204156047164,-109.42872522562286,-116.15109044544931,-149.47572957677502,-59.777337201320314
20181203,-67.05079986240071,-117.28339302331968,-114.96783184800091,-153.95528046749746,-61.117930929812744
20181204,-68.64357557641243,-123.66423039520915,-113.94539276612828,-157.34204876262024,-62.14098048583169
20181205,-69.90086094513003,-128.96844600775805,-113.06985830618507,-159.93710863608428,-62.59079885128424
20181206,-71.30146575490586,-134.31692299076283,-112.1677824681695,-160.25203707880678,-63.44898162638044
20181207,-72.45733594899836,-135.37965971026588,-111.70270028849637,-161.53877380095471,-64.14842362825333
20181210,-73.18375334097846,-136.32958937745175,-110.75799135131098,-162.40426141826435,-64.5919571908684
20181211,-73.81963774331223,-135.47798461005823,-109.89368724418384,-163.12467098498934,-64.93073829315834
20181212,-74.59486076681355,-136.81824136240542,-112.19618605662062,-167.9447178827437,-65.16064541489908
20181213,-75.37848065596512,-138.43228868725714,-114.1680589443261,-172.06158606594772,-65.56565090916729
20181214,-79.24140454098702,-142.16454177358744,-115.8671624340627,-170.02833737780693,-67.18800361977732
20181217,-82.74044653317254,-145.408565424162,-118.94751649324992,-168.6800978901167,-68.50635399422762
20181218,-85.35930270811977,-146.33027917530097,-121.41599538414111,-168.09317531043493,-69.50957558923857
20181219,-88.72970735047831,-146.70223435167009,-122.66408124299915,-167.30878618990963,-71.43777545674
20181220,-91.51373122207733,-147.1934467971581,-123.76223158074276,-162.67482931578158,-72.97602599566055
20181221,-94.31745848733253,-147.6356550538936,-125.2371622004548,-159.28720590501226,-74.96775228346132
20181224,-100.06001721341312,-148.32132639693737,-125.46566379725564,-156.48993404696043,-77.91793036748038
20181225,-104.6584097383371,-148.55308495784647,-126.34498172777138,-154.58755025149117,-81.39837039058827
20181226,-110.61825462090766,-148.84507037848692,-127.8477595352551,-153.297951484226,-84.66759254404329
20181227,-116.5777448034147,-148.95188150949403,-130.39931766481942,-152.11908033041038,-87.37330586944756
20181228,-121.41309120535303,-151.17904474094175,-132.458466028181,-152.44668809473444,-89.59727111899564
20190102,-124.29367154064423,-149.07014147854704,-128.20269641005265,-151.7185917200728,-90.91413441681003
20190103,-128.42083376920084,-145.54971202127604,-124.52132402980355,-150.88817047077,-92.0877374000548
20190104,-131.594631294807,-142.58436895216798,-121.52713370701267,-150.20673748151165,-92.78826430024505
20190107,-134.1937129211157,-140.15465763858415,-119.1474367912756,-151.6234391991839,-93.76130148620909
20190108,-135.6568408197448,-139.97248672788373,-117.97108566027738,-152.60903450128544,-94.58496545424505
20190109,-138.5839116436238,-139.79955441523578,-117.30443209846173,-153.35255337782252,-95.63818556936431
20190110,-140.97765015779228,-143.02482732075038,-116.14164575307505,-153.9845833744508,-96.50799690685993
20190111,-140.4393470123385,-145.25242126507746,-115.20266604620758,-155.76057022558825,-96.6540554900648
20190114,-135.64081980026828,-147.54629868246414,-114.43455064113074,-156.7205950902856,-95.7578656573854
20190115,-132.63846345060344,-91.6997677962772,-113.54063493442547,-160.24363784466655,-96.16824888111
20190116,-128.70040627531228,-103.82879871938434,-112.9423464703509,-163.8876613281593,-96.3285452087326
20190117,-125.86633999209006,-112.71567384995602,-112.40462264811173,-166.78443587665453,-96.32728765665046
20190118,-122.89093889863877,-66.2494653448778,-110.3462651892433,-168.03544468632063,-96.11752879420906
20190121,-119.6974243281964,-31.119743578944703,-72.8584099627157,-170.26722051777574,-95.1001591620924
20190122,-117.16819562903716,-2.407453951507717,-42.38932599241341,-170.73793622626812,-94.09714515392557
20190123,-115.50494936912179,21.05504651829449,-16.950865006653913,-171.19475557536344,-97.19132426691972
20190124,-114.00681526989312,42.17550688972397,5.710710742337528,-173.76555764222687,-99.6964108576405
20190125,-112.69408699619954,59.409074222378294,24.1794507072536,-175.81697253163478,-101.09274102027119
20190128,-111.65612249701597,71.86896198434783,38.699278857485325,-113.6902682581226,-102.29629898654646
20190129,-110.48900186114295,82.28076569180242,50.61028861299746,-62.85857867285602,-102.53856014562092
20190130,-110.04055474711524,91.55386798970558,63.60848675427071,-20.282828851976696,-103.58345101079752
20190131,-108.54118039692942,99.591925611463,74.05321192913264,13.627829942303025,-103.93788561788558
20190201,-108.67944950204895,106.09875112734147,82.59168502469919,41.258098504699944,-106.45095973127634
20190211,-108.40884596496544,111.46246440545548,89.51048218232644,63.4466507467746,-104.67735191124338
20190212,-108.12555495734031,116.22007577506473,95.36541804939552,81.63921373879015,-102.84648936282338
20190213,-107.85528350152141,120.12430896382523,100.15784320975322,96.92558342060155,-101.35634735803262
20190214,-107.51129182894182,123.43509460111383,105.42349079885147,109.53618553775038,-100.08006927917339
20190215,-108.13976640988373,125.8191404352232,109.60227736594337,120.22653709864349,-99.15880129354728
20190218,-113.44037914632464,126.91623022868166,113.01093216691031,130.32911738172518,-100.09948293087817
20190219,-117.99196044370785,127.52083980152725,115.34988193815342,136.23898945728033,-100.8844627451389
20190220,-121.22888278690209,126.27166681736877,113.69724228432068,138.42673308366838,-100.16474268547054
20190221,-123.86372816141711,126.01098847207878,112.53723637128867,140.01301612817366,-99.69675523034525
20190222,-126.73791816783411,127.2997159298622,114.8422347818633,141.87547590955754,-99.44798847284936
20190225,-129.5517796192478,132.19899161483744,118.57375415935526,146.34732146920496,-100.01532589606805
20190226,-131.78902426346139,132.76504724528402,118.129812255919,148.38456124494286,-100.60348290795768
20190227,-130.7353224272884,133.16487051849518,118.08609347430675,150.07536624937293,-100.10030275280928
20190228,-130.2272878697766,133.4653869893881,118.67191191200565,150.8750687474658,-99.79601023354836
20190301,-128.5227891368069,131.46071128042885,117.43718986009604,145.2775281489957,-69.00359142045839
20190304,-125.75852577374089,132.5010759548363,117.31847417961603,141.02555742958003,-44.05361532466932
20190305,-123.57714586839167,133.29990115352433,117.14676362356718,137.47288310870906,-23.452965037649953
20190306,-121.09220756436109,134.15069440162495,117.02586101226636,130.59181241261777,-6.665747941673587
20190307,-120.26378904824749,132.99549846710508,116.7427645014298,124.90521797684714,7.2422191065764805
20190308,-119.58601115836666,132.04857980572663,116.45067375555712,119.03622928491643,17.79654524384647
20190311,-119.43845794086424,131.40196425063107,116.20906624015184,114.43218720400074,27.185862092233826
20190312,-119.617663715927,130.61486366801566,115.9714403021993,107.23460547323879,34.17956304101947
20190313,-118.83639736036965,129.52368649491302,114.68975177072646,100.82299166667067,39.902752524108294
20190314,-117.05266563045976,128.31932525794628,113.51926458836049,95.38186533358457,44.579171312000085
20190315,-116.08181297086358,126.60623283421513,112.53374134606241,91.0178043285159,48.62340719721773
20190318,-115.09597542859676,125.78763129815785,111.6799798832725,87.23717942332621,51.85716595424615
20190319,-114.20986229931584,125.7783930581742,112.59492288700989,84.31425038789881,54.514744519100404
20190320,-115.69060320172949,126.26210559908927,70.28496160721183,82.141349139169,57.26128981825562
20190321,-116.90219759398857,126.70757914954393,35.668616257996156,80.43141432096974,59.495017550860474
20190322,-117.71899636876105,126.75778322902735,7.345142161704204,78.81843180680835,61.24745204012167
20190325,-119.26673978298258,126.4162242403515,-15.869901286013386,77.4956359979394,62.70967193402442
20190326,-120.5355514094244,127.85124734022503,-38.490023808523226,76.86967949342524,63.90774651480654
20190327,-126.02232679695197,128.42097511768824,-56.89697733818297,76.18754856760346,65.46895504355004
20190328,-125.18934240855161,128.30776136850434,-70.3204462919385,74.09567507077014,65.39769979049268
20190329,-125.47489865524628,131.89007231564838,-83.05409485266621,72.97197417936525,68.93887238197085
20190401,-128.2478564854842,135.5428409664054,-94.53880451885809,72.28322255460478,72.28707268573719
20190402,-127.09698352762152,138.04580159400908,-102.02462212852618,71.69531628169793,74.01185929286439
20190403,-126.68724473121743,139.46774947278996,-106.90903340789235,72.39559534877738,75.57534741925039
20190404,-126.68160649441188,142.44870433409912,-110.38484653566,73.04008510877678,76.8547255070683
20190408,-126.69341694236499,88.16855580918123,-113.32312828368904,74.5422380469976,79.99565383587618
20190409,-126.15643939729365,44.70157839634611,-113.50367224081623,75.88331342716452,81.95294584660857
20190410,-126.08050868962133,8.533123694685855,-112.69989161376314,80.57902495114024,86.01185973010203
20190411,-126.76026838188781,-21.598788314493518,-113.5482336992288,85.7467816261196,89.3032549400869
20190412,-127.91426487431549,-46.649385530610445,-114.38728709833433,90.72121521003524,91.56449566517101
20190415,-127.3327282265375,-69.1724863930684,-114.92997876562156,94.27163102151863,92.45629918296449
20190416,-127.24042348296985,-88.66486339091307,-115.28296931986759,98.23153204942841,93.521851336885
20190417,-126.72004303004555,-105.07332046027686,-115.5174312406066,101.62516039553056,94.19645539050303
20190418,-126.25549319898059,-116.56048711643118,-114.716922619777,103.9474626108977,94.82302624884181
20190419,-125.88514847298428,-125.43977118538075,-113.79845837550559,105.84860495706428,95.04774646420083
20190422,-125.96103332713216,-133.97545509026202,-113.18850337256941,64.19752185297294,95.66614835481165
20190423,-126.02038914230903,-143.38212039582996,-113.1213078419237,30.135258974177997,96.37463833463117
20190424,-125.95955394107882,-149.39072870198174,-112.7976876902963,4.216163374838831,96.86015039148461
20190425,-124.51186155518478,-156.23675883070388,-112.51985039754062,-19.035836282466427,97.04705983296418
20190426,-127.19374354234428,-158.81985056723644,-111.82648114853657,-48.81952205104103,100.98445244069087
20190429,-129.31981155957314,-161.85448456589964,-112.21261493351264,-73.353811987732,104.1758716645153
20190430,-131.3416024948122,-164.25007055605,-112.80411312977893,-93.26655311657447,106.7785317917879
20190506,-139.49514199349167,-166.32026587313092,-110.72619750620692,-111.16249244523732,113.34243473246516
20190507,-145.10408159666466,-165.42867424406845,-108.81865501937145,-125.26503641852739,117.00734458494426
20190508,-149.62422120298956,-164.69440787797643,-107.79553433001017,-137.02534860301083,119.90473026780099
20190509,-102.80962363074131,-162.75364113251317,-106.69827098236522,-85.24914902045171,117.47071372684832
20190510,-65.10186916573703,-161.4290307816184,-107.79224251063945,-42.88605265692314,116.7266322363045
20190513,-34.24774094268758,-160.31500815290153,-109.25663176782926,-8.251436962935946,116.11079265986803
20190514,-9.011102746968234,-159.3881922306474,-110.44494496933507,20.087599861047416,115.54317872016902
20190515,11.912570690957228,-156.97403998299967,-109.83822610468276,42.988599927619525,115.20226503260645
20190516,29.079122093880706,-153.8767156966342,-108.7922983537336,8.130397871730132,113.89502503118439
20190517,43.02212446744986,-151.52188224087175,-107.96407307411098,-20.253037182540695,112.78021682483187
20190520,54.76960414124972,-149.81697141747233,-107.59398146903808,-43.53596256875556,112.2211447097632
20190521,63.56361608837392,-150.70500591666146,-108.72690965547403,-63.50032819999565,109.44088406055742
20190522,70.51608361129888,-148.48592442404532,-108.49421489203203,-79.33311412097419,106.90652602178326
20190523,76.14969096467522,-145.86174877215893,-108.0142451024549,-91.41336017592943,104.95796856477723
20190524,80.7367581248675,-143.64311517540523,-107.56658389263447,-101.04705535169919,103.52276162792327
20190527,83.42676075890182,-142.14489504409778,-106.89193651113575,-113.36478684089322,102.04541138785352
20190528,86.78030269256388,-140.7871636245974,-106.36907766166073,-123.33991240760233,102.56535806541095
20190529,87.45599845363866,-94.9208255852666,-104.04339717603614,-130.46170902959076,98.25837952306418
20190530,86.28867354532046,-96.57949453644164,-101.7247079305143,-134.3112426405355,92.05083971241926
20190531,85.40179011847889,-97.95607100145652,-99.81293788839344,-137.03877184608808,87.03892444433957
20190603,84.5959254968341,-97.76445403317216,-99.0091944315353,-138.9892114382689,83.00051411377947
20190604,83.93770749815125,-97.54529668423537,-98.38792441984427,-140.9517331157162,79.69669050994624
20190605,82.81542069144118,-97.44411845877674,-97.93602091655248,-141.96650350608638,76.44837311553431
20190606,81.2394246094589,-97.51512368376103,-97.47279808270679,-148.66088033691878,73.37941936355423
20190610,80.33696350009697,-97.86651654178667,-97.15088639766017,-154.11644658561798,70.86723734954656
20190611,79.61143048787146,-98.15675249600277,-97.08665296034951,-158.572808405721,68.78728142568704
20190612,78.95509448822813,-97.84233481736022,-96.47285478627344,-161.65903817640216,67.08845802951707
20190613,78.05242836526128,-97.50685712765652,-96.82318336808012,-100.93405375288454,65.33716229414063
20190614,77.3518046830972,-97.47530621737252,-97.40835414424149,-51.00492836361306,64.1257380846607
20190617,76.25704961690032,-62.2657636076887,-97.86636856946211,-9.853890461770893,63.0149048420004
20190618,74.99344101473471,-33.4631272738864,-98.22150144925726,23.8009160322944,61.79713154710305
20190619,73.53485122610863,-44.25915622994135,-98.56255323115842,-5.125216269397649,60.81426320919794
20190620,72.3436662175839,-54.01335305990593,-100.1608991860745,-28.823931418747765,60.03046910311556
20190621,71.38517343246653,-62.42746998827963,-102.00707675042281,-48.6564612957832,59.19790446061237
20190624,70.50109870664458,-69.11844160302967,-103.18302067231753,-65.25726370874916,58.30578149209304
20190625,70.26589232297479,-74.67420738488977,-104.52072312560699,-80.43636386845368,57.72672906679305
20190626,70.26438262713806,-79.11633049440702,-105.15675681917709,-92.87658533817232,57.155282404399046
20190627,72.18160658698643,-87.65416246712512,-110.70526788537319,-104.83961111006933,58.76739532121083
20190628,74.41514550370249,-96.1630715840628,-116.13082316933121,-115.538253798028,61.768916235189046
20190701,76.09419142134738,-102.24538514347132,-120.26088770552553,-123.17605460474326,62.91835483974728
20190702,77.50951645209416,-110.8195307227776,-128.5288509146836,-129.47416139778164,63.74007823599111
20190703,78.97263969298943,-61.21340046355877,-137.61960855995403,-135.99064756488204,64.65973505810356
20190704,80.29118839678598,-20.88936934343049,-144.268302031635,-139.28540735405605,65.66933573693284
20190705,83.76569676280762,12.214377219460069,-150.29817010738677,-142.15124614550388,67.27619448967523
20190708,86.17270146840731,39.11051158719445,-155.57614671084096,-144.35176158312757,68.58409679132775
20190709,88.14666669072217,59.81523051303603,-156.3736064577343,-90.56864856270643,69.3797123441324
20190710,89.4247249912958,78.03849723488477,-158.342831430379,-46.524160105024116,69.8730780973827
20190711,92.3917316086839,94.90860549570526,-161.07727598667168,-9.572024980463638,71.78385494658791
20190712,94.40142734935247,107.81541141796778,-164.24093765996483,20.489377396410408,73.33825385104967
20190715,96.82833680154766,116.2124061344424,-161.8831964638969,39.660774681903916,74.01897680472743
20190716,98.08357295906056,122.73090060680879,-159.9921731265461,55.3295230394539,73.95556821287937
20190717,100.59026495264915,130.9582761356846,-158.26334437869676,73.6358832271997,74.48789534121262
20190718,102.66847061921798,137.67574103254768,-156.87083445856277,88.85364356430894,74.99860706841277
20190719,104.35159429261648,143.07672810719455,-155.73453328230482,100.95078094419968,76.24746360963553
20190722,105.4873948890367,147.6678587802099,-154.65352215554663,110.8483940681211,77.9226998200479
20190723,106.0299820561754,151.33161389519768,-152.6987108010607,118.960035920777,79.15609969894177
20190724,106.53910542613124,154.2758718685652,-99.56936926017046,125.77255993321424,80.02643785761849
20190725,106.79306557945795,157.5218355646482,-107.71354509755709,131.83652260020156,80.63097235990983
20190726,106.98130082916491,161.18843475671844,-113.9694970920638,136.82811169545613,81.27392007095389
20190729,107.60201942659654,164.40582146102028,-118.8681543410502,141.01695236672663,83.29906449003369
20190730,109.00410071268881,167.17270381024326,-124.54517854232765,144.17164429068626,85.11198152465876
20190731,110.04119652338257,169.55707747537568,-130.49041850398004,146.65755058530226,86.36295160857381
20190801,110.48267205491122,170.76251223715556,-78.69177025560232,150.33789701352268,87.04931056737716
20190802,109.17610476258132,171.06307889382302,-37.29476216711906,154.24244386085874,86.8778647159399
20190805,107.2678489734766,163.9957569259013,-6.781353976744954,155.77551752545259,85.352331594408
20190806,105.80597997649642,159.71766442495274,22.409081421706524,158.6315885188927,84.49732720641448
20190807,104.68085472438938,156.3888806549495,46.139524800660894,160.96771043350807,83.5465289892733
20190808,67.64229262465821,152.46491466910769,10.107132945126127,161.72273246087505,54.02632864368142
20190809,37.46917808063283,144.43906991079984,30.92532395863004,161.25801325994848,29.983062355358097
20190812,11.349098820519266,138.17197179492325,48.42722926777119,167.8551155519904,9.106468925091889
20190813,28.589751050077332,133.67911566490346,63.55637457133292,170.5269802877227,23.708264564259984
20190814,40.969454415025616,128.91707621425564,75.06642421904981,168.59910563874726,4.794996967448304
20190815,50.79722809718054,124.9822055138392,83.16124324754271,167.0383372393139,-10.604077634432798
20190816,58.83238858456241,122.15608682459921,89.66468627355368,167.0256636379331,5.848139146125579
20190819,66.46153404448623,119.20651838874785,93.77718952558857,167.03950559723845,20.424690782964475
20190820,72.79138551165438,116.80026086760338,97.1198404839634,166.75742995679045,32.49493817306015
20190821,78.181146477018,114.30633312999251,99.51467692457325,165.9940477954855,43.083672878484855
20190822,82.07072989266884,112.2426100501864,99.2562080381092,163.97057306480798,19.126715131688513
20190823,85.79458207518897,110.45750594351969,99.01374694531604,162.4540839072768,-1.1538526904286908
20190826,51.230376607021704,108.74737540127892,97.54502700453571,160.24200229444992,-17.600997557183685
20190827,24.31710614546557,104.87026420916054,93.94497158208982,154.30629066595523,-29.853909546457107
20190828,37.39777498317951,101.78887240005555,91.02604333428947,149.31293238467558,-39.84551949159549
20190829,48.58805429492243,99.46987826693316,88.40248251737978,144.73983650970135,-48.691218719488205
20190830,22.720846098290707,96.84523656965197,85.57054298406474,140.90666519508338,-54.97827554602188
20190902,36.32356458646535,96.08123732109016,83.15921301415241,138.1462633419878,-60.73457013668607
20190903,47.440052321871306,95.23417305516074,81.03931288371466,134.95603463877197,-65.53269237480214
20190904,56.22361696519744,93.52165312208963,79.30852889825461,132.12633855651214,-69.3956120563304
20190905,29.546479120378024,92.17285745097524,77.28434104951928,129.65130201942742,-71.5467080432805
20190906,8.238178535612677,94.73744777816906,76.70181811957801,127.80226786306004,-72.18154475423233
20190909,-8.860289053951572,96.83624901722014,76.24091425394998,126.39260217324045,-72.67289508523076
20190910,-24.101801527742452,98.94196648793073,75.81540946274347,126.60566110932581,-74.1579960846765
20190911,-37.373941387802454,101.19011581818698,75.37705288522005,127.85376288639819,-76.2178507711218
20190912,-48.2553676530423,103.02398877133976,74.8187602455718,128.81823088556197,-77.73728684198962
20190916,-57.09066081453979,104.2698986785553,73.69781246266179,129.54351755064354,-78.9668420708739
20190917,-64.35175055108137,103.81526956744915,72.06528611963695,130.135927167351,-79.92987534422407
20190918,-70.34282133868601,102.77539792240748,69.87676264460636,130.9502352876684,-80.81615491857194
20190919,-75.32588638765357,101.48357521265193,67.93932490624209,131.66405740491635,-81.62322694675684
20190920,-80.24258329340266,100.62643976574398,66.91359841182734,135.05904007619418,-82.98922757487263
20190923,-84.74816583434013,99.73282021392113,66.11214355398316,136.4763708620746,-84.26504843182572
20190924,-88.73703975039486,99.20920006617892,65.7743300035699,136.17894298157057,-85.89776138886526
20190925,-91.80122275977041,100.56337715880136,66.21597944273907,138.7631099840527,-87.75991610120181
20190926,-94.56370728388482,101.66319896476932,66.67701900736637,142.84569729711757,-89.55895095304155
20190927,-97.72296388411505,100.95569963935618,67.0561743391189,90.66712125695669,-91.25412745510522
20190930,-100.96352876930654,100.78423768155275,67.70646717781229,47.94775768395891,-92.59266664184851
20191008,-61.03209304610807,99.9780170043501,68.78253014131826,13.608732351070323,-94.32135425886977
20191009,-30.11548093796919,98.94778344939432,69.19306688994381,34.396119978309905,-94.21201559530869
20191010,-4.5144376284475065,100.06913039490564,69.55889207468068,51.968771653180276,-94.53108036518834
20191011,17.359860389765107,100.76851644133465,70.37298342461214,66.33818294819498,-96.12130642179709
20191014,36.83903895056011,99.53205446200683,69.64504264456755,32.07797305651421,-100.49430596816613
20191015,54.69664197651422,98.4925365148693,69.2036409177098,4.115768788365577,-104.4249307341042
20191016,69.36124417248107,97.00294695887628,67.91674265821968,-18.55796671267563,-107.64016232607298
20191017,82.96875782412666,95.67180269912906,66.99768515070289,-37.15634222050011,-112.45755832106698
20191018,94.13344121698569,94.59320651551579,66.45497689169133,-52.33020406893714,-116.62988812647976
20191021,96.70316041967949,93.90613606754422,66.30043346628786,-64.67194898708748,-75.05093780257289
20191022,98.24672856075034,94.53008641936086,67.32099119201958,-74.69495711305869,-80.69327230879085
20191023,99.35619778877438,95.41382696174459,68.86492140315441,-82.66341992937932,-85.17280907296504
20191024,100.20526912210242,96.47076762341997,70.34202343841434,-89.02983855600218,-87.70438040531191
20191025,100.87699382247983,97.27182957196541,71.2076155167662,-94.09181406221828,-89.6010005959872
20191028,99.02501216835392,61.375828097655386,71.59233343330355,-98.65861110225504,-90.43865272194736
20191029,97.75795384887782,31.080025305946986,72.85068894475287,-106.31474352166656,-91.12569651600585
20191030,97.10070568932778,6.503644459925553,73.43811544838492,-111.21189292607957,-91.75234385602397
20191031,96.22023830366092,-13.422016690026105,73.87748531763827,-115.18346956229924,-91.8120819310594
20191101,95.60550719991633,-32.71292823895563,74.66546927570978,-121.52934111549207,-92.00941182007554
20191104,95.41897732910934,-48.81149979933004,75.35109913850225,-127.10946675134318,-92.73834945836563
20191105,95.52355209268332,-62.60786137529813,75.58393398060109,-131.29694770448702,-94.20785357650865
20191106,96.01235923796166,-73.79119506667567,75.74097102730526,-132.29614425739658,-96.53289527182523
20191107,96.40216561421154,-82.94685899952304,75.2427112075071,-133.08371140122605,-98.31455484746506
20191108,97.30759237212483,-90.61040041095825,74.841572848624,-133.69359842418692,-100.47029299992155
20191111,97.17989036781779,-103.96650734072772,75.24325275972373,-137.09209841910243,-100.67129539048287
20191112,97.10528005699761,-113.86341697190981,75.4306262804045,-140.26694036812665,-100.92659017611707
20191113,97.0249808773519,-118.99580482012267,75.82372800365498,-142.14503526926396,-101.18979863313214
20191114,96.9276958820839,-122.33380771352296,75.9536231554783,-143.53261987698852,-101.37421414115487
20191115,97.10669219887014,-122.13189497829623,75.43900426117949,-144.93843126791637,-101.69841400816313
20191118,105.75739898031455,-122.09060990089611,75.17092691589563,-145.41077433342414,-107.13947162818872
20191119,112.93919104022022,-122.4367092267272,75.21692018074835,-146.34970269632376,-111.74089756387572
20191120,118.8117822218667,-121.593178824338,73.98372344197605,-146.82079034945932,-115.51419138110035
20191121,123.63661953708589,-121.07174778858199,72.50431325454548,-146.81477849326492,-118.31930195270144
20191122,127.6510495645281,-120.66911154630303,71.49639765891658,-146.88097205409719,-120.01736668931959
20191125,136.38378831690935,-120.67165316714687,70.26784103301902,-146.84618410905264,-76.67960396220036
20191126,143.5709565522891,-118.34114871923181,67.21214984929925,-146.35965071278804,-41.34018126589493
20191127,149.48652687666578,-116.75234398168789,64.89144271104406,-147.15897782743792,-12.860898027444204
20191128,156.05544158741282,-115.53874332674143,62.91964625992314,-147.87704626405912,11.012975504538
20191129,160.94023012901536,-113.76440128506582,60.93813528505089,-148.05853015085577,30.449763594891184
20191202,163.9722258128558,-111.99107195179903,59.267019085354754,-146.77274170810736,46.315542112775425
20191203,165.61380589179998,-110.65404587817287,58.12241113652875,-146.6331674498044,57.06947816999885
20191204,170.55081556439552,-109.60054534299003,57.20481219791183,-151.6807388434881,67.25163934167563
20191205,173.24772828658027,-108.26798534034336,56.57373886024358,-156.05996806754453,75.63580935709125
20191206,175.82908147037367,-107.34787885890267,56.019190847485284,-158.92116090043456,82.55519459399305
20191209,182.00226024827484,-107.51868817717362,56.53786559252677,-165.1438185409275,91.45531047508945
20191210,187.15076183579984,-107.68278504259482,56.97192874866461,-168.82469318705867,98.97793548826256
20191211,190.66377716602676,-108.29663136756632,57.29514372123248,-172.47088437317313,104.32167766718825
20191212,192.43290625555903,-108.34543995018764,57.576271288564776,-174.9199668623535,107.37972405380613
20191213,191.98396197318198,-109.1277574674704,58.01770677865053,-110.56582613849872,109.03866390929772
20191216,190.9468226492295,-109.8418455543498,58.37654772562386,-59.27505690419601,111.0956194676474
20191217,190.16407099660057,-109.09379605772287,58.695275025234935,-18.641654579167582,112.79017292375369
20191218,189.28630353198662,-109.18900882934356,60.00073584639627,-45.977581236713895,70.31054971175612
20191219,186.96197580072752,-109.35973450694439,61.28590739700287,-11.589439354833868,35.76611150239672
20191220,185.75961286589504,-109.392671365987,61.84171399863211,16.45698694662075,6.249929440288388
20191223,184.46869407173216,-70.00225153554781,63.076393157105755,39.57000112407914,-19.25878672159606
20191224,183.51296556487821,-34.70200762521019,69.19313651837447,58.92266896720378,-39.67428624769336
20191225,182.97339227659606,-5.393382255999712,74.36785553985882,75.03797126330741,-57.70555996057396
20191226,182.58167030060733,18.678175548784342,79.19509566905431,86.86855954434215,-71.99908019451821
20191227,183.29404481890748,35.51178645995737,81.33354105839899,96.183473325975,-83.6252656466638
20191230,119.3990405874735,51.740246250465745,84.29413521082954,105.05505100091004,-89.53608014592429
20191231,66.94708723800616,64.9821795377754,86.68878620380065,112.29294788859099,-96.60705153123898
20200102,23.405734292521366,75.66185398426911,88.519510311122,118.27753097585708,-102.5116989297524
20200103,-12.481772366249857,84.53129478783383,89.59659685700589,123.283298748553,-107.36430218954159
20200106,-40.4656999867895,91.76244815142526,90.5931305799262,128.2088151179045,-110.40124858281901
20200107,-65.85684227838532,97.65672925426087,91.91219969106918,132.16508514712646,-112.7323940602954
20200108,-85.93147246879828,101.85021903645237,92.67863195235955,135.38233663046807,-114.03206948284559
20200109,-102.77090151324758,106.2164901880414,94.06357743708445,136.6656989108356,-116.14011182147894
20200110,-111.20945166286286,110.00497373947024,94.92549867947118,137.72819669338062,-115.4065159071914
20200113,-118.74082808598861,112.18629946088865,94.357694309641,138.693016238635,-115.17360419407824
20200114,-125.83343901454423,111.32572487490071,91.51700043726863,139.9186393319681,-114.47020325422571
20200115,-128.45081663280027,110.76723590091576,88.93917343346125,139.6822165301388,-112.94706644361158
20200116,-130.86054295382525,109.51608099750587,87.02881906343558,139.37382205062914,-111.68984587783278
20200117,-133.4495970658256,108.4865972755585,85.50853910275013,142.86317946813097,-110.82192136046802
20200120,-135.56405297984148,108.04494409198166,85.20636121621786,145.79934574051586,-109.91607253686085
20200121,-85.841987336133,72.21253102452039,82.97046861170783,142.7908523065354,-71.39919713078255
20200122,-93.98008565253053,43.543634470830035,80.1002295058223,140.26031966553563,-74.74840317139612
20200123,-99.14624055960799,20.580686427265512,77.72970209083287,137.82191591141523,-77.38477745314675
20200203,-100.44096752594608,6.809420504188038,55.0793896592409,101.31577364833404,-77.16932883273329
20200204,-66.38362570352467,-5.191224573186488,35.729075615932004,71.87362739250106,-51.55128196021573
20200205,-37.60837145271774,-14.543506768698094,20.28357509157999,48.113694568846114,-29.97158381585198
20200206,-14.096603655521395,-21.98173057488604,7.886374977556214,29.61862113741246,-12.2924722994234
20200207,5.150094239375859,-28.071771088820437,-2.228523811227942,14.656209037752706,2.1617508589905974
20200210,20.509140640148235,-33.0615308590973,-10.37814055775673,2.4180367301472323,13.820176022864148
20200211,33.199289365088866,-37.139855660900416,-16.980561653330028,-7.591225287697604,23.43637607969361
20200212,43.548850382807366,-40.652341309099214,-22.369410114310945,-15.647850340582329,31.600104578297998
20200213,51.09324763525825,-43.50484298192949,-26.772437546246962,-22.25469903560434,37.49180690674786
20200214,57.218276777206334,-46.130071219357475,-30.511386264396585,-27.799094962830534,42.314584074065046
20200217,63.20010340116963,-48.0820179141421,-33.483839668092074,-32.08623589757967,46.7958133183593
20200218,67.84752842619672,-49.61387977491586,-35.8950212661188,-35.62853155667981,50.29844014215553
20200219,71.64997250114865,-50.886287438257945,-38.02618736418921,-38.48363244543459,53.306475358254474
20200220,75.34625991516847,-51.627612507148015,-39.63072077954065,-40.67067754160991,55.948675649708996
20200221,78.37271431563815,-52.26496601993381,-40.949847116685426,-42.45612024322342,58.11843568240918
20200224,80.08080659005697,-52.8176452037881,-42.01997468535093,-43.921995909578435,59.231718067934516
20200225,81.30302992453473,-53.32837596104035,-42.85015620690362,-45.12121548660402,60.07218812320041
20200226,82.7508710607476,-54.17296831404541,-43.773879700630346,-46.30611129179302,60.99691481461571
20200227,84.33555344779914,-55.19537645821141,-45.11084952661599,-47.265356750649126,62.28258326644746
20200228,52.34739474561867,-55.09429422503997,-45.49439328770926,-47.56228300616888,39.42270422179116
20200302,57.292314973468486,-58.034133272602375,-47.91597520301723,-51.33880005558177,41.98864140652773
20200303,63.13236195759899,-60.47690569083011,-49.85636418421457,-54.930237376011334,45.00687305366155
20200304,67.9976277435586,-62.945908531034384,-51.68192975720922,-58.28586499254389,47.519388881728766
20200305,71.97619072433262,-65.35720964559873,-52.63373119293988,-63.73924269822435,49.58619491357674
20200306,75.10237837427118,-67.00612999395038,-53.39623404027831,-69.28704714277224,50.9195470628912
20200309,76.97462399434583,-66.72203662666385,-52.95752357603283,-69.75272025149984,51.37307693352564
20200310,78.22682265680655,-66.48877058071429,-52.52290808869077,-69.83258296717666,51.6683795642906
20200311,79.1714646754059,-66.28821742153056,-52.22525373664015,-69.9902443530245,51.9079634361962
20200312,80.7174742446309,-65.65646179891044,-51.742866082985024,-69.23980262379963,52.485416315620974
20200313,81.48329218934964,-65.14809592673282,-51.3597231742811,-68.61098093379073,52.8341393295456
20200316,82.15063373225783,-65.03520846503508,-51.43146943366216,-68.9721954378811,53.20752990138509
20200317,82.79958997492018,-65.06638982867156,-50.91865503702245,-69.3318131162185,53.49661750847057
20200318,83.20661975309682,-65.10261507266584,-50.51178744023934,-69.38004135447218,53.69334898843307
20200319,83.3783120165386,-64.83880403257773,-50.347904396633446,-69.32477896255271,53.784250049661416
20200320,81.40293691786904,-64.26223695980678,-50.21398320090468,-69.07921704718524,53.180693654901845
20200323,78.67719747818062,-63.7500409123296,-50.08499215405017,-68.88474622646926,52.14418528882267
20200324,76.45136742772455,-63.180235268349264,-48.8303898569676,-68.3516362769958,51.22376062378147
20200325,74.46680047314156,-62.27536192833913,-47.46448870223642,-67.84632913183839,50.44895832022394
20200326,71.89493321580417,-61.006014495641246,-46.028196541276024,-67.11928004457796,49.59664290714463
20200327,70.04993137531459,-61.343815663316946,-45.401250074771866,-66.62957998490606,49.084731076728524
20200330,70.00587402124548,-62.0775904438015,-44.86152441975497,-66.04072743201692,50.48983910564398
20200331,69.91028551138733,-62.42169953581203,-44.3054046803475,-65.0197655054672,51.5249751965196
20200401,68.7201813548398,-62.93400845313011,-43.95519651978892,-64.15081757119891,50.852218084098936
20200402,67.69993726683286,-63.33870411166556,-44.018336185855865,-63.445126792444576,50.29917630127675
20200403,66.6124652870774,-63.91716090643276,-44.03242376148298,-62.88237570579609,49.714942295543906
20200407,66.07724125321812,-66.0603824649097,-44.818235573599104,-63.780748370864565,49.60998246324637
20200408,65.71303053195207,-67.64604036213755,-45.22809892227025,-64.67732971986146,49.551149580225946
20200409,65.52843739037209,-68.88017502256234,-45.56571171711876,-64.99497206541419,49.51616623623015
20200410,65.4281337229892,-70.8457512387825,-45.81381073117062,-66.44115116544846,49.51167819780066
20200413,65.4274023681281,-72.4111480287977,-45.963748640459016,-67.69511948577536,49.51158691136201
20200414,65.45168294761261,-73.36242733231343,-46.218160429256386,-68.73551666349557,49.517806277516996
20200415,65.53127671428845,-74.13414002137372,-46.67886299775484,-69.61357686407422,49.5625240060358
20200416,65.20012423205918,-74.76844155568158,-46.75663146546489,-70.94623396427096,49.26570841304824
20200417,64.99746349754467,-75.98491473490064,-46.5750757868213,-71.9079400576724,49.072266833827214
20200420,66.03195953555041,-76.7644696180661,-46.425232125735725,-72.77510812962349,49.38044809175361
20200421,70.1081088302738,-76.17006231614016,-45.576376689563,-72.43713361598488,51.25359723485915
20200422,72.87001571597001,-75.7824148663581,-45.70716622792499,-72.1785531450337,52.62327112073089
20200423,76.0316033353374,-75.03937291039881,-46.17241199133742,-71.80960028911335,53.80735232629403
20200424,80.57596763129457,-75.52346326332614,-46.86608515670298,-72.45115528459347,55.13741710270561
20200427,84.91832542743438,-75.38248577305323,-47.619957763060825,-73.82824976188454,56.73703358749934
20200428,87.86989998680981,-75.47886254362021,-48.62461306543543,-75.57679373933884,57.70789438032217
20200429,90.28563077753867,-76.03737180299643,-49.595336725493326,-79.21913902173698,58.50064361053183
20200430,95.41114728738658,-76.39995181096383,-49.796530247205396,-82.76532415103172,62.394404958005666
20200506,98.50439903595657,-76.66958908747226,-49.73671584562576,-85.64401173009237,64.66290739051361
20200507,102.40935333351352,-76.7758274706219,-49.85385087675361,-87.96016590551172,67.8048341405147
20200508,105.5923953570717,-77.57189324244445,-50.12040635613222,-91.694373970619,70.24075389497396
20200511,108.37453764124187,-78.55302305371892,-50.71536193881156,-94.74136156459322,72.36438488675411
20200512,110.6230054279172,-79.95802636263588,-51.297212593893455,-99.02553256211877,74.18126045259459
20200513,112.49135826115763,-80.91945854011585,-51.95942003364175,-100.46082408935702,75.64546101037824
20200514,113.61983291893867,-81.37889635476436,-52.562870311610205,-101.84255120689153,76.86268817955681
20200515,114.51896504928514,-81.1915401844862,-52.37987299328187,-103.12488431205172,47.871924799274616
20200518,112.98833074351306,-81.14117700496807,-52.161105324232494,-103.79774200409258,24.74748752911928
20200519,113.67949334242763,-81.09992700412089,-52.35188219489595,-104.90441966717766,4.519872934049217
20200520,113.99055135505493,-81.09754093526467,-52.92163888367642,-106.48487064601056,-12.027825147711036
20200521,115.34600330244714,-81.626257846881,-53.37925252992394,-107.91939870961282,-25.726547128169393
20200522,116.34071525181729,-83.62011354729377,-55.55386651553178,-113.8651353135101,-5.20112683998408
20200525,116.9661671624079,-84.85805344275414,-56.809865254553216,-120.05673544325309,11.619471388372569
20200526,117.63253324206696,-88.20792609668344,-58.0138039823143,-125.75615696920732,25.731821852249695
20200527,117.71075695027417,-91.63538421524122,-59.803760631508055,-131.0153627429794,37.087461920357455
20200528,117.44663882588962,-96.67912682457164,-61.46713200978769,-88.00291236837768,47.412306947125145
20200529,120.56254609505886,-98.9077797927894,-62.86297716144011,-52.69237111116888,58.604665263097246
20200601,122.9285882742023,-100.84650179276036,-63.89894865330678,-23.897373098870073,67.16362499555088
20200602,124.89375608377627,-102.25173490719074,-65.39318063916052,-0.3068690979167872,74.19525549061895
20200603,127.43609682489135,-104.69104102650348,-68.4529653459746,18.924784794872853,82.72232592636584
20200604,79.96093124170241,-106.13416282642373,-71.05655221952607,34.60951780557049,47.74633985927694
20200605,41.14203952190195,-107.20813484770441,-73.07293415488937,47.34715970322098,17.48014170301488
20200608,10.679557352135449,-108.16369585858031,-74.63356681410706,57.757685386229404,-6.864169457054127
20200609,-14.239773749162154,-108.97056494344801,-76.45228315834864,66.70724433639785,-26.774787940886856
20200610,-34.930725986737556,-108.7825662936588,-77.87115729693859,75.4657094958049,-43.072795022775466
20200611,-52.96262009542676,-110.13274932856001,-78.8746053989628,82.27932066983973,-55.130301341269885
20200612,-66.84804439769742,-112.30313881433314,-80.14697581196451,87.68823902589509,-64.33030616070421
20200615,-79.13269681344296,-111.8485971994516,-80.42264639925014,92.05237815222621,-71.64019984715888
20200616,-88.27548839660517,-72.67147308198194,-79.22562685911441,96.31121305648684,-77.92781188904713
20200617,-95.33821212436068,-40.64044680875043,-78.32295400675454,99.8649821359191,-83.15460418450947
20200618,-101.55730556517996,-52.06482673682516,-77.33668554798021,102.94538135707897,-88.33694878478298
20200619,-106.65763419793875,-24.874253525866777,-76.73660923823229,107.49295588183452,-92.43898886370032
20200622,-112.1953517256811,-2.3420987936462687,-76.86365479818564,110.37169860621624,-95.92989637682791
20200623,-116.40812813729939,15.81485337600063,-76.55079707711911,113.477584049541,-98.56052069737642
20200624,-121.0911233416706,30.749773071506894,-76.58791688606247,116.44422943045826,-101.03031094201647
20200629,-125.76693962119992,10.505812081379773,-74.11893003657798,126.49822141548245,-102.6939855795903
20200630,-129.69802693900326,-6.698235830725507,-71.94722157774515,134.37363710712708,-104.01923221022469
20200701,-84.87596100446291,-20.76310414033902,-70.1804963127258,140.8798815504731,-103.27113334677863
20200702,-48.259051535603746,-31.891900421161516,-68.75099042567389,146.85310420364112,-66.37605026334762
20200703,-18.232338709910408,-41.02748670642444,-67.84687620814303,152.5220193841139,-36.15406820990149
20200706,6.836850653661818,-48.454115823607665,-66.9420772210156,156.7593111600683,-10.058543044285507
20200707,26.95295707759122,-25.417732499245677,-43.845906191452805,160.63495686941047,11.435712372209931
20200708,44.54100163459196,-6.6866266803334735,-25.063494719828856,162.75126726526483,29.671098064676894
20200709,58.921500422698664,-19.937734645382225,-9.13182839158294,164.8429519399857,44.60657632822308
20200710,70.60346086408212,-30.8464595460198,3.205523550261141,166.5365944931916,56.96884327181198
20200713,78.42651694499537,-10.774446425249723,13.003186243827974,165.94742827574854,28.10927484570835
20200714,85.44861515935452,5.5401743354463635,20.591441393895686,162.490285576676,42.29425929575405
20200715,92.21674091923516,19.70836643268945,26.99276168142488,160.08728775799406,55.47099635649005
20200716,98.58899902043325,31.75213430075585,32.80485040105707,157.59830543542606,65.39156898580505
20200717,104.51792259761167,39.98344314836985,37.163247200956526,148.13453279527465,33.43392762478847
20200720,109.1361455471242,46.39235570184238,40.63905400390632,136.8824088325973,44.73860317049221
20200721,112.79931096624415,52.31909475881997,43.93487090478473,127.38679422078175,54.2498968916451
20200722,115.69197561522257,57.1943215795134,46.64625451720984,119.56273787517458,62.356186028412274
20200723,117.93220720205014,61.12381540126264,48.46046680218465,113.02480921127739,69.29732262922342
20200724,118.30561804558643,64.13145713888979,49.95114720922509,106.72551940768962,75.00625079122736
20200727,119.0910403694384,69.86141942922623,53.34751359357442,102.46831466124162,80.47066966158725
20200728,114.85650928746098,73.10851577953945,54.83998109398119,98.97300240299415,50.50044436583585
20200729,114.06615848767122,75.00960164974467,56.33295363611305,96.0645441877445,24.51674423695133
20200730,113.25891737312529,76.17020948042342,57.49378319299323,93.52870626074096,3.6240859146486506
20200731,112.53378962021056,76.87224098822414,58.329057599958595,91.46327854357156,-13.35372544089481
20200803,112.12873844297567,76.39010933684396,58.474453135691675,88.61936860637938,-27.238931472086772
20200804,111.61592512535607,77.0503516618059,59.22081704183043,86.34863853260356,-38.4475543383008
20200805,72.37714720763947,75.92860257462924,59.18206702904187,84.24232705832472,-47.03680628824917
20200806,40.351662620962834,75.00545364053401,59.145367267953866,81.7083649560269,-54.07619886972019
20200807,13.989145464796607,74.53455179255769,59.9650810905323,78.97248241011258,-59.75835269530362
20200810,-8.810675766823078,73.75662262084994,60.54478316461978,74.91694168552144,-66.25854843437733
20200811,-27.43402863082426,73.18853365698635,61.532220067279134,71.74503218817725,-71.44164079263605
20200812,-42.79821757156731,72.48296363739117,61.8795829783797,69.01595343095846,-75.71460734548505
20200813,-54.95481409285938,69.68372385423133,60.987352410210406,66.69667269678477,-79.62741159854077
20200814,-64.77633080196883,67.85229909771485,60.324876206812505,65.65689060559487,-82.8965328042491
20200817,-72.95692799977523,66.3448846118668,59.90377589411124,66.09503515596516,-89.35748828397203
20200818,-79.66212183010428,65.17028484172643,59.5880694078182,66.40429096433171,-94.81555780381679
20200819,-85.21540706091284,64.21836083502153,59.178690476719325,66.68698798913809,-99.41185293825092
20200820,-90.5105100054938,63.11789553580386,58.527362437481756,66.48456534813027,-103.24018427641165
20200821,-97.11208535169843,62.2441133992289,57.99262365467469,66.64830749746191,-106.68754732829218
20200824,-102.52879977505458,61.57048199670248,57.55451233420555,66.74592292849792,-109.80473049749045
20200825,-113.19996449389458,61.31063928739255,57.67257229325954,66.45769862269574,-114.72688989486227
20200826,-63.30834442678431,61.030376104140764,57.71695733639969,66.20245712265623,-117.93722291152469
20200827,-81.46569265265323,61.06670370406062,57.717685800896795,65.9581197334009,-71.11474621698407
20200828,-96.11083699652035,60.9703400861852,57.56971096458536,65.5343362487684,-83.88308997309062
20200831,-52.54617427911156,61.60041310478492,57.99237233898234,66.2468163618899,-93.90690765508313
20200901,-67.59723343653243,62.123075643229434,58.78927225612009,67.05425111667358,-100.9268298019709
20200902,-82.5656658774178,63.481114379847526,59.85067011722716,67.73307000710786,-109.33543259588417
20200903,-95.25597988594345,64.520745090867,60.798852395249796,70.07763508713929,-116.21590814796406
20200904,-52.42513228520128,65.35597965073379,61.442675169902415,72.48247649660574,-71.14222930887658
20200907,-17.237993570630817,66.40512915582376,62.06324545999624,79.57155967109246,-34.193552428338585
20200908,12.088790101874332,67.06742487612546,62.31220060343043,85.37492839312252,-3.122313015914763
20200909,-15.243189645828522,67.2910988868743,62.355795139282165,90.53236748001974,-25.836319466662914
20200910,-38.18272133148533,71.73161318865807,64.36078482061316,96.4859509765182,-44.74102664545635
20200911,-9.921192970808256,75.91157183204298,66.40754773302352,101.49002595314396,-18.326287892336364
20200914,11.889866937137263,78.43773324694428,66.3184208781577,104.52866403247575,2.9254643884792357
20200915,29.632615839895678,80.3214568206552,66.27931613582719,107.2471914573295,20.045257044227682
20200916,42.386964460746356,81.78920164980596,66.50029237538345,110.048078517786,32.39840288946415
20200917,52.86126232206215,84.18409395340197,68.30480856388124,112.8837922547981,42.53807836645724
20200918,59.72986112377723,85.74466781600724,69.18471352577839,112.48390736010448,49.16157631358706
20200921,65.09537555001572,87.02099213197283,69.96960739579914,109.67136176472161,54.38689100785358
20200922,68.79204592701065,83.74131381238429,67.48074271508416,107.18107095748222,58.6965490962671
20200923,71.7358425343757,80.38282866272932,64.79589137996783,102.90311051532885,62.10447323942778
20200924,74.28435006271833,77.03404285282478,62.253115021312404,99.06535319521316,64.86113042373826
20200925,76.27866274472592,74.51727208021593,60.320966568351814,96.49007823784267,66.98796209308709
20200928,78.3914152073497,72.46952800100996,58.9003648004408,94.35057880056847,68.77622701559478
20200929,80.6143770909261,70.79823540728012,57.713895516865854,92.61517646213692,69.93380225487628
20200930,82.44344600013713,68.68409467873913,38.35184565497882,91.00060917759316,70.88002840690254
20201009,78.60709026320069,65.66946909109937,38.740405323087096,88.31067894001757,68.19038094405978
20201012,75.5411206751893,62.92617560927986,38.93622268643273,85.83342353851616,65.40387479317792
20201013,72.64145438529518,60.62852869473179,39.08107677273191,83.8278024456919,63.05147071468621
20201014,70.241999752593,58.8878639698058,39.268073531889236,82.1876601166817,61.06088945055617
20201015,68.37382677168587,57.56293454923112,39.37165539083015,80.78462280134038,59.53280539945486
20201016,66.76147638583035,56.329547826624896,39.37581566380507,79.67486657690786,58.297808945047144
20201019,65.75517606664177,55.045108005413965,39.047658206411235,77.96213143936932,57.83670126278485
20201020,65.12831885979243,54.23790391294141,39.09137530155504,76.87507033123788,57.38518072330858
20201021,64.62177682609769,53.46721020819581,39.07029466961572,75.99725811949222,57.037871205017915
20201022,64.61860250166556,52.740475149388196,38.99550997588423,75.13019523689275,57.11205085165348
20201023,64.35977542624738,52.344614071723846,39.01379893214981,74.75240720438728,56.92574754014147
20201026,64.89543779787243,52.01515418986332,39.10673458634931,74.7465369759511,57.46056555168754
20201027,65.38848092581617,51.90040589883885,39.20990562880332,76.30555156648327,57.927989469504226
20201028,66.14673857647125,52.81435438568619,40.026578691301616,78.27814221018652,58.56909116037623
20201029,66.39463501592617,54.03258117527854,40.97877015625353,80.2119985644441,58.829472535178866
20201030,66.56345563263326,55.428640748185956,42.009356837990865,82.37574456342624,59.05582030065634
20201102,66.66358247627662,56.49834932509921,42.71091431512199,83.88654195243399,59.317415577585855
20201103,66.72363796924405,56.498122712031396,42.85483561708072,85.32855415752339,59.56169605579885
20201104,66.86608446815544,56.4914430276256,42.973333568678775,86.1201313729798,60.14758523851643
20201105,66.12018467417126,57.30015776093265,43.70917818426602,85.556891970829,59.308058387130984
20201106,72.42015763034124,59.79615447816321,46.414355047059274,86.42449816168451,61.287188882270605
20201109,76.86988389653465,62.133816318418766,48.742666912019686,85.76726067488003,63.7105310329981
20201110,81.46094910565999,64.14281352283169,50.606313415833434,85.29262237432734,65.34536960365216
20201111,81.87747341248102,65.08577335486459,51.47413241591978,84.90107583716902,66.01454472667199
20201112,81.94700816507292,65.95744607778902,52.708598492681446,84.63127351765267,66.38521094185927
20201113,82.19464383432287,67.14654300965579,54.06703861675378,84.46568376624029,66.66329180837457
20201116,82.42859442483804,69.24494985728396,57.36324991682712,85.83700940135134,66.71671375500173
20201117,82.65668762315889,70.9152479689848,59.91184228144835,86.97151913892279,67.11324337030645
20201118,82.84230841001994,72.26629217168629,61.730414734019696,87.86243964343379,67.31370874452007
20201119,83.04699171549414,73.2211353533843,62.736654627931806,88.60163071019241,67.14385647779676
20201120,83.36717898625892,73.89761331016189,62.10749807217415,88.92976205744854,67.1776590887401
20201123,83.30831805383649,73.40979647365816,61.15813210553698,89.21126849242914,67.04014593216161
20201124,82.97348027282474,72.97715729303755,60.37074249069213,89.42215322148968,66.56268608651271
20201125,82.6944065756023,72.62425662766462,59.72976786798786,89.3229928094886,66.1644360001067
20201126,83.20093957472643,72.47227826982297,59.14332402069841,90.26628840029484,66.28841517818796
20201127,83.46480252061367,72.45150986734366,58.74482356473167,91.02433939336106,66.23807005053798
20201130,83.84286943545621,72.52796175527196,58.2202653876738,91.95866736755671,66.05990552654652
20201201,82.65034519408275,74.43191283970513,58.75243158524359,92.77111329752718,65.18014346430998
20201202,81.16105182576744,75.34400335155223,58.64133200436948,94.17389720206754,64.1920003178724
20201203,81.80943009079435,75.73905950393677,58.23732575801576,95.61493405237078,65.99954240632916
20201204,82.12354026016426,76.22677253110037,57.87629166367721,96.5502548346356,67.40569590451597
20201207,82.92196194399123,77.46794240924454,58.07723209896741,100.11840480569107,69.65352174379909
20201208,83.54773642299644,76.91698220882758,57.84059917528205,101.96467639404112,72.02312414321595
20201209,88.66041069087383,77.51462732982749,58.38859694829656,103.66503486806236,75.44537357563283
20201210,92.03399164140446,78.1401276647536,58.84655564229075,105.703483026056,77.6453055732359
20201211,93.84559315109351,77.67334407314317,58.27815149365978,105.60813815918311,78.770786741584
20201214,95.0466923391467,77.62004408966524,57.78306529481138,105.4586116057236,79.72729385513712
20201215,96.29691520375724,77.92577202826037,57.578133442590854,105.94631860300328,80.48421612078047
20201216,96.65749279688872,77.82528695820073,57.147674406307104,106.13660272520373,80.42224122972596
20201217,96.99691615645229,78.60272042930612,57.29355674174406,106.66418641178575,80.7940951542501
20201218,97.22203888459322,78.58150119590522,58.2919204484942,107.12742649160181,81.14283224320668
20201221,94.12214873187986,80.42069823954805,59.854020731640595,107.40583651051845,78.90643087740976
20201222,91.77430784496987,79.97114696339298,38.052718302370174,106.21599250904175,77.54865395639848
20201223,89.85425027886481,79.01809964523179,20.448602395639696,105.66627697884152,76.35055281054336
20201224,88.22250215229464,77.28451299777825,26.524727589807917,102.1671979978334,75.28415321980036
20201225,87.02830770391574,75.88398688015322,31.453093977420362,99.04462130718757,74.65268228657827
20201228,86.15104773698857,73.67093450380479,35.12431597728999,96.26149876234949,74.28361311741926
20201229,86.68109849769563,71.82565590992554,38.07613969276583,93.85352269517394,74.75517017982537
20201230,86.27045520917096,70.52050010579951,40.88802092009109,92.45056266335253,74.64910566379749
20201231,84.16465071504913,69.5745595195014,43.41537633984804,91.72096314839307,73.53363122142234
20210104,82.41355261374001,68.77742688065432,45.45124369253176,90.1043320624998,72.46009451846426
20210105,81.11064973603875,68.06922508083765,47.10173968313648,88.78321902211583,71.56696305175304
20210106,80.12868549900617,68.27130527466268,48.50273182543694,88.32692080060947,70.96394970444199
20210107,79.09327568190449,68.44193690757216,49.654236333451074,88.08736891080385,70.26822882108402
20210108,78.3170005670876,68.57398081808502,50.48648393421326,88.29672091117583,69.78414064464063
20210111,78.22959117393208,68.79007047971693,51.36825868679527,88.55618829018503,70.0437291667022
20210112,78.13062258410538,68.89109244206212,52.10655460623449,88.64110631270012,70.2627273986441
20210113,76.57682617144643,69.03776548612403,52.728737231617984,88.62298573913696,68.77958275453044
20210114,74.73044370217531,67.96433309691531,52.45957130345225,87.71390729234493,67.27355745379865
20210115,73.02455908822093,66.92723224651856,51.97173832503679,86.88471693827364,65.6023458269889
20210118,71.21995966874921,66.40918090085277,51.66588325914182,86.23215667213591,63.91516303567623
20210119,70.66593934290074,65.93126370596111,51.38847552036016,86.07293949067625,63.37359201752184
20210120,68.31718332521726,65.88167059851995,51.44130462378425,85.3870435410277,61.01723785134666
20210121,66.35380648382555,41.612090780294224,32.53375844995334,84.47706756708054,59.10753238175185
20210122,64.12186147183833,20.763640680253452,15.981453673330272,85.87682505036187,57.0903945589314
20210125,62.042136237772226,3.52386316933578,2.411405471708778,87.47235537419057,55.241667467260456
20210126,60.340685069837065,-11.792961864818885,-9.410834482342128,88.7923686523184,53.722121094682045
20210127,58.729049355100265,3.3868615319454287,2.4297095127985973,89.1844207755205,52.365762334411464
20210128,57.70312967971068,16.293738174339662,12.39264106474477,89.71740725464069,51.60360709165979
20210129,57.77841344337383,-0.21086252697937832,-0.20392766595519435,90.16677956507958,51.560316245509455
20210201,57.84086466084032,-13.863385420977561,10.283470963044147,92.67603136455486,51.52553580797828
20210202,57.571204488565684,2.2264500187268434,18.864840611840958,94.39310437441982,51.260906959641694
20210203,57.58050798534283,15.804931694452286,26.45455064396336,95.47882600180839,51.15104839781997
20210204,57.180782028083335,26.60295761601137,32.655084030494294,96.49838301999971,50.530553028049155
20210205,56.80322214590507,34.909354327630986,37.524970909934574,95.47620410497376,49.93795889850225
20210208,56.82523592888713,15.368332245467146,41.42030307582125,94.59337315976236,49.628888792397255
20210209,56.566166135881126,24.412022216477013,43.525514441527534,93.23704160857741,49.19916878724944
20210210,57.94514978442818,31.830687417714135,45.283160946895556,91.930610381779,50.42311655453914
20210218,59.00348506838123,38.3706403751551,46.760511381439805,89.59089511933448,51.272468547101575
20210219,59.83910295593555,43.9409220060785,48.414731248524284,87.72515285227784,52.01663031710777
20210222,60.31836707736225,48.42603230066424,49.79963127623787,86.20638977498905,52.43066763454835
20210223,59.99259764541837,52.27211180030836,51.011493489241275,84.96147805387474,52.302823691841624
20210224,61.215578226830154,56.37933192599918,52.646324210947675,84.62382607338346,53.91542595657607
20210225,62.31863580663839,59.549867258788005,53.895720948335125,84.64895140524386,55.25237579693416
20210226,61.93045277423159,62.28329057414985,55.28301102621639,84.14213398033414,55.123219819278766
20210301,61.9027667334276,64.07773054994513,56.45099549440925,83.72788997498306,55.17932860624945
20210302,61.45293490392424,64.97214318589407,56.367002411044005,83.58901795243469,54.90199591068583
20210303,61.52387639767023,66.50021864982668,57.06757517016154,84.03247437080523,54.88483618178726
20210304,61.45210651883831,67.64369780513849,57.629687504234575,84.2912076627983,54.876438148041494
20210305,61.36370168280564,68.50847797695214,58.096492150023515,84.735910433733,54.7586765265694
20210308,61.0223031715211,67.57580562618892,57.837248634823894,82.01929999655447,54.18634408529857
20210309,60.739020579321014,67.01776520526857,57.117636480678,79.74763215463453,53.49006624955552
20210310,60.0451794690406,68.08553282738843,57.49523812446579,78.94682960464183,52.58581348917458
20210311,59.69027638136517,68.11842417211298,57.793507897434544,77.32958901798314,51.79310813086856
20210312,59.51852799316655,68.109195656388,57.98421118132216,76.26219517379356,51.28475909841247
20210315,59.48847075147724,68.11419217834208,58.11962124946955,75.38324189885674,50.69479408222635
20210316,59.75366808732861,68.2822212029454,58.335479774799325,74.41639347427619,50.38158531405686
20210317,37.90741964366885,68.28240210779255,58.53818525509233,73.52566928381032,32.36203897763809
20210318,19.941422709576724,67.70243101966477,59.497743387542315,72.67576239234533,17.543845895165862
20210319,5.215224908794208,66.33042970000298,59.883153792880684,71.86622376621415,5.482660506897739
20210322,-6.856566274394383,65.27477605238253,59.9514614452254,71.12539948106225,-4.547188665680837
20210323,-17.70405167761523,63.6162713873344,58.95561456231733,70.11099536718189,-13.148016797066155
20210324,-26.33681900937542,62.3515192033341,58.1430718142995,69.72061097132331,-20.073613551766464
20210325,-33.31692615928525,61.46428983662628,57.578133000940696,69.47538175407324,-25.605930902698297
20210326,-41.27141587156097,58.755655656773754,39.225268996700976,67.72440449966754,-31.3739110278588
20210329,-47.618492820635204,56.79235406835825,24.19765633343294,66.29285352952276,-36.022439306768014
20210330,-53.74986927711397,55.126338514959244,11.655229323007823,65.1382580469105,-40.20054165677968
20210331,-59.45151566493701,53.734388881595066,1.4401365187352901,64.17219926772378,-43.65462807716081
20210401,-61.020412393646026,52.16500670727109,8.963535488410603,62.75748998221595,-44.60931828889816
20210402,-62.25392631439061,50.86353320388466,15.122277809009844,61.48128110320645,-45.45886718583387
20210406,-63.522269191125176,50.75567830991622,20.523643799711788,62.6099495140938,-46.391049968958264
20210407,-64.86945428661687,50.664608020665995,25.131706495264723,63.552007682004316,-47.601913109553806
20210408,-67.04520024236194,50.390271863005516,29.03698307090287,64.22724383257463,-28.805531091207687
20210409,-70.42665586444448,50.210111356685296,32.25348240959417,65.11579975427593,-12.063076353458856
20210412,-71.75736972947492,50.02565428605843,34.8189121855908,65.74154481633548,0.7810203670710241
20210413,-72.77630960139122,49.92462942359715,36.876088725162035,66.32818211063663,11.373037263743734
20210414,-45.51282430804133,49.8161196667322,38.60593736422052,66.8144210845479,20.07401236913788
20210415,-51.167101508208695,49.70773178589972,39.916052886774054,67.13495922360819,27.26792702475911
20210416,-55.58900777123262,49.60848814590624,40.73837537980452,67.69159144451119,33.102449995788625
20210419,-59.182951222306095,49.8701467590025,41.53771493795256,68.22515365708378,37.74112439645195
20210420,-62.2296862661998,49.98245113918854,42.17114498582031,68.75933240005625,41.39547946597383
20210421,-64.91213764463201,50.661998042196224,43.01029583832108,69.20122269914555,44.57844369670828
20210422,-66.97072814082763,51.125981768523914,43.689273756616636,69.49674028945252,47.193627877737256
20210423,-68.65264261916498,51.401421998749356,44.15886968666272,69.65862765131051,27.81411209532286
20210426,-70.16414021884519,54.27908037895467,46.16880998567316,71.73062077873176,11.798113902091114
20210427,-71.72244002030803,56.60474459916053,47.71621797982763,73.6390518440261,-1.5796654308313212
20210428,-72.0122281997368,58.23108666041149,29.082610741575074,74.70559754555609,-12.2239157652737
20210429,-72.15697190078276,59.96935685703284,13.712278520332605,75.8264803589066,-21.298028327969092
20210430,-76.63229860288538,62.84771693319922,0.9746234137678591,78.06929373513374,-33.755227556035855
20210506,-78.23984900539409,61.861183598739395,8.9710975799539,75.14403303875676,-13.919344440300156
20210507,-79.52618950490938,61.19197024420375,15.570120284917152,72.80877344704768,2.5755183888626982
20210510,-80.9671893700612,60.34353389075821,20.86011121149313,70.79235083624204,15.86608803606664
20210511,-82.38763792128694,60.26181965639908,25.400381551736913,69.12684394616245,-0.2061419583802641
20210512,-82.0255911442627,59.38049976162576,28.665627517717702,67.36090208465538,11.666751629253314
20210513,-52.9759508412357,58.993248642237226,31.8371812317245,65.84498222373405,20.97969219185933
20210514,-30.13005662377407,57.920531113188055,33.871049619375476,63.919739708906334,27.77807565550185
20210517,-11.322308655399397,56.916862995984495,35.41586611916847,62.27891991459492,33.38798841405737
20210518,4.288037113769241,55.83404625332991,36.62246428972313,60.92759897818847,38.01214872816161
20210519,16.846734360890885,54.77005695188657,37.52852977607728,59.9084850323919,41.747429211337824
20210520,27.210081091088256,53.802671571142945,38.25035360137145,58.94419382554563,45.01251506383965
20210521,35.53685876514475,52.13834458122508,37.87653683393272,57.75580116547026,47.45429474016755
20210524,42.365643772173534,50.86022888562053,37.69250498949179,57.049782782157905,49.523185530432514
20210525,48.341343531351484,49.82588325976251,37.559223747519944,56.519795809371594,51.3585173895128
20210526,53.21751221037718,49.041853207907614,37.492911143560114,56.16274674619937,52.87172543399876
20210527,57.088770052537676,31.908702636249544,37.51609276500976,55.935151871191245,54.011713332159516
20210528,59.781654973857215,34.21321380223848,37.4899581435088,55.3166745073412,54.421395650459075
20210531,62.53662246129544,36.26808540940929,37.48278477923752,54.93106997679142,54.89621743293273
20210601,64.78422957820807,21.429958816440237,37.536295081188115,54.61903123649304,55.24542089004764
20210602,66.52573743272904,25.616584169759424,37.47978063432019,54.019659414959044,55.39187559814599
20210603,69.30515543185928,29.904069136441255,38.09838012533233,55.66034985118496,56.49674034934748
20210604,71.19355995549593,33.22436806571665,38.500650585727314,56.925614856670485,57.05215191421867
20210607,71.34414768775356,36.029976745847634,38.853157378899795,57.975857731756136,56.37423444445134
20210608,71.48438358585238,21.09909900724836,24.842570619010964,58.47400853383968,55.99748218960621
20210609,73.15397062434218,8.122923021502942,12.759334843929865,59.58155731011757,56.71940256147073
20210610,75.99109208786102,15.702314938098016,18.012242544026137,60.51423447126609,58.263796611707214
20210611,79.65253220574672,21.991045393541796,22.180260792673153,61.755916197833365,60.712273356828725
20210615,78.25412043372407,26.280990407731345,11.305101217030375,61.55901210445738,60.08290230124058
20210616,77.15636220643361,30.011587743226325,2.238460196702841,61.06065895971038,59.5862436368804
20210617,49.75468995502859,16.00075151422807,-5.142995596200457,60.70774363172587,38.32110023417753
20210618,28.045611366844135,4.809886611310575,-11.03616958888752,59.79706560540702,21.419080966909235
20210621,10.243371220555154,-4.773207253813568,-16.33376734743258,59.31242108870861,7.3780575308072205
20210622,-4.332540766564946,-12.451280040298352,-20.553284407737433,58.959104239826615,-4.152937221363646
20210623,-16.29577280409907,-18.651944800725058,-23.99613153152053,58.521315920744776,-13.588301665016333
20210624,-26.13439834516627,-23.74332248942199,-26.837369606143998,58.23759012791748,-21.25715344938866
20210625,-34.300808085643276,-27.99082300811148,-29.171578333673363,58.079645928938575,-27.63957047106894
20210628,-41.11841402547681,-31.7190220053258,-31.257037352306146,58.45909541317297,-33.063456478006046
20210629,-46.67834029276359,-34.780765566144595,-32.98404331164422,58.65056120004916,-37.51858389789217
20210630,-51.16275097938855,-37.140127217444764,-34.13327237229404,58.62366556025087,-41.09795339920371
20210701,-31.25932416496373,-38.92971536449147,-34.96182282291915,58.62019127584773,-24.512694958770098
20210702,-15.07650828059005,-40.9369637890812,-36.12005039651806,58.963621695351215,-11.1000993457615
20210705,-1.5657351659188647,-42.75634446369273,-37.22037087564605,59.30225875227678,0.44056902007925103
20210706,10.0335346643227,-44.22331926007494,-37.99937271082386,59.62614007106829,10.68274881624922
20210707,19.199545920613268,-45.82835740641956,-39.04632049727549,59.88141472709092,18.64514823624256
20210708,26.684085920864568,-47.11957248080681,-39.9023021140317,60.07692943240396,25.155853654098323
20210709,32.816387802410055,-48.13946322286379,-40.34173019162984,60.22963776673656,30.48286766898989
20210712,37.842478022669816,-49.28407292314675,-24.839799979454423,60.508179772825166,34.794864963903024
20210713,44.296924783393685,-28.57889379758039,-30.23436497851718,61.74276909483966,40.553248031567584
20210714,49.68814869341404,-10.29112069220199,-35.41581392624155,63.686522989847326,45.30715046081932
20210715,54.16548276193841,-21.571551830787122,-39.64978855014552,65.45437156349146,49.333707114662346
20210716,29.281013271946577,-34.00459144691178,-45.19251799563675,36.733567747694806,26.503127807705695
20210719,38.82382323581213,-44.532547476763746,-49.863879495940914,13.243966133772432,7.849608906922025
20210720,46.60238678371366,-53.36693411275445,-53.75583384270693,-5.743806252096476,-7.424133133931645
20210721,52.762225728874036,-59.930112163998864,-56.101892087081424,-20.540186121257797,-19.677685590311906
20210722,29.356071807254114,-65.76027643394796,-59.03354583736064,-31.36762873946764,-28.45621905080887
20210723,10.663768259994148,-70.79540299970371,-61.19419604751852,-40.59976380937755,-34.948432445521135
20210726,-4.024319086730511,-75.2122018733285,-62.94104086159475,-47.65316818839946,-40.2122467385685
20210727,-15.954851810148334,-78.14651182945376,-64.4943481563997,-53.73621998062385,-44.50847678810184
20210728,-25.761875726328036,-78.6770507126173,-65.43240245309316,-58.15417641522759,-48.128509458839766
20210729,-4.807657610259089,-80.95207270441617,-67.60941941384719,-63.13446568109559,-54.167955393514546
20210730,-20.816819312120217,-82.94575600682374,-69.56072183077012,-67.10991507317276,-59.503057947801835
20210802,0.198091443960904,-80.79660771228068,-66.81708987947549,-69.68324926385466,-64.00761988602594
20210803,17.48694737108953,-79.19239500211175,-64.73375637374,-71.60784126726946,-67.71063821813046
20210804,32.51462585206419,-77.74451426078811,-62.98247450249939,-73.26218294673792,-71.88720328292068
20210805,44.73024078731452,-76.55009816515802,-61.542074452227695,-74.79207487424875,-74.78845658074977
20210806,54.59353717731571,-75.75975526131774,-60.77044625403133,-76.13080360447938,-77.0322001457472
20210809,27.102389141029683,-75.03877380716204,-60.23332523781278,-77.24018283541008,-78.00056103014575
20210810,4.5592492243586795,-74.71420734490272,-59.70090465381431,-78.85561739085404,-78.82907224468029
20210811,-13.909508534627681,-73.2897520959734,-58.44611646660202,-78.81646317599309,-79.622756822991
20210812,-28.282828987450138,-72.06706726621535,-57.408167286206854,-78.97382559847772,-78.67460413059456
20210813,-8.625640394791793,-71.04246672566094,-56.39025205144206,-79.05545951449571,-76.33350848447813
20210816,7.783399523295652,-69.91380143950475,-55.49572271033981,-79.02569246946736,-74.25845384041824
20210817,21.212433384181185,-68.94833043074172,-54.73278861150049,-79.17560794159853,-72.51789828339857
20210818,32.16331297021576,-67.9018252119569,-53.61565883186667,-79.51239434790318,-71.16452364674436
20210819,41.077892388180594,-67.12240515723992,-52.69455670468284,-80.76650540312845,-70.09762215340518
20210820,48.70203862601641,-66.52566368633416,-52.06920884643542,-81.78654559903455,-69.53558420107659
20210823,55.68215085245634,-66.00929496933357,-51.55974799149775,-83.23376206603892,-69.39850243082748
20210824,61.596631870659984,-66.06443139477993,-51.29206500123828,-84.81691677233049,-44.25888030970041
20210825,66.51659253564722,-66.88172155673365,-51.18596145856905,-52.06904168114952,-23.714005143995436
20210826,72.03926559094998,-67.54096251381789,-51.09669639592127,-25.427416623780207,-6.873178806390708
20210827,76.91053862629482,-42.47760966415391,-32.52921615812001,-3.143985461852733,7.313333269216356
20210830,80.6646416248537,-18.01637657734049,-14.437459473732357,16.859911196797864,18.8905933906254
20210831,83.74902269609109,1.8096846348260411,0.2906049937756503,32.87346537437472,28.36702311568234
20210901,86.48048669878915,17.15874616989316,11.647859666303816,45.70325235449304,36.08402482894988
20210902,88.75534054195066,29.65142449586904,20.88901320386811,56.22280946436633,42.583959816628045
20210903,90.67928030541049,38.32236410776436,27.26215147601436,62.966862312019096,47.85271882992797
20210906,92.89022115466948,45.47108673922542,32.478960563329956,68.42702662319374,52.86820704438661
20210907,94.18961683920897,51.3450090920325,36.86903551756557,72.85775847310002,56.6888477207595
20210908,94.82239591160375,58.21565141958298,41.839084707047085,79.73470379843869,59.01437849317077
20210909,58.56008825171715,63.91493318342723,22.579404473946497,85.28846861940207,34.45768557981409
20210910,23.08533683966516,37.62918608131399,8.330220385262491,88.0341648770298,12.453990706778647
20210913,-5.27972422014601,15.409636964324607,-3.3634870661823477,90.53055424310575,-5.357543248110265
20210914,-28.147294448926157,-3.2731692322143373,-13.118483264128235,93.11452998576014,-19.876267746301625
20210915,1.2741960442238445,-19.464162536195882,-21.63385679213503,94.12987325595637,-31.69852723352865
20210916,28.228852764664957,-32.44308959691372,-28.449907736508443,95.0312709437012,-42.68147222690375
20210917,50.12483499896477,-41.00777013435223,-32.57927109500825,93.71761319278372,-52.344680500947106
20210922,69.89828545892908,-47.9159595927353,-35.70635735164439,92.38141602845305,-59.6940998906421
20210923,86.10881033268264,-52.160473034842845,-37.71893792181199,89.236177575418,-65.70433792762233
20210924,98.4440238118581,-55.87879207457493,-39.435345287112895,86.97640941214277,-70.2771562717437
20210927,107.63692446770719,-58.5452373993079,-40.71906357654822,84.97326131783254,-74.8139863971613
20210928,63.337733234980554,-60.617078669728436,-41.75387253818882,83.52654742681587,-76.97645505817394
20210929,26.581484256173503,-62.377203947585485,-42.62517884951533,82.38735203832894,-78.73436313508807
20210930,-3.382076876391752,-63.23003489587041,-43.00211046195765,79.90696962380763,-79.91160369847296
20211008,-20.700857762355103,-40.49175072932011,-27.625419863703527,76.20474030287814,-78.96744297078962
20211011,-34.914087516056036,-21.817638820669647,-14.987973811129553,73.06399859568481,-78.22131167439551
20211012,-46.442584684341156,-6.077676283203928,-4.395269941294106,70.77663882996319,-77.65887706510354
20211013,-54.85645886498065,6.804240165094199,4.269375249806649,68.98320194374729,-76.35724390605561
20211014,-61.94594098811893,17.093633507187846,11.08557864084284,67.25985093718431,-75.5932886105173
20211015,-67.9259699004164,25.368049847045164,16.631079039972498,65.89659553342202,-75.6598236091689
20211018,-72.64882480052934,31.99359380685062,21.114677400067983,64.8374159031286,-75.56377964954122
20211019,-77.20807864549944,38.28959198041675,25.653794787602642,64.61283613108988,-75.90007618570141
20211020,-81.37838299789735,43.390908740442185,29.378969475178202,64.39348745184458,-76.87695103296221
20211021,-84.70434405834011,47.63844190107961,32.42977691761265,64.13128353714849,-78.11995177957753
20211022,-86.84874892034306,49.536434383229725,34.02100239343735,63.3768748484953,-78.36487858466904
20211025,-88.64180742743758,51.09009763827517,35.30296399158219,62.7212470334609,-78.76210683899863
20211026,-90.56595643073196,53.454778868058035,37.38426575992543,62.963577724890975,-79.26783011490308
20211027,-92.27442119875506,55.08648157256247,38.975218125438786,63.085106250673945,-79.8680152877622
20211028,-93.6363895626546,56.7365077558895,40.51131618170487,63.44360925923056,-79.9065939614041
20211029,-94.72072753582107,57.69899109581489,41.356413800371186,63.39156038316417,-80.02956363232076
20211101,-94.88574456072342,58.14787146319402,41.936203562877076,62.89524626562938,-78.37789489722319
20211102,-95.28698708449468,58.478309359142536,42.39830986610147,62.508280792313265,-77.39681840753634
20211103,-95.61985025642615,58.53799276631426,42.66708994956562,62.11651027367041,-76.44373127976668
20211104,-95.70535641378825,38.36215439179633,27.527113219827932,61.86079231721013,-75.11210381971456
20211105,-97.24395654305467,20.798664247809576,31.190713138793583,64.22258228456582,-74.35025064006206
20211108,-97.26617802414552,6.784626068324401,17.14069060862715,66.12764090946476,-73.07288582039864
20211109,-97.28465930430232,-4.074427134369248,6.044399170933023,66.32926146398349,-71.54681754926041
20211110,-97.81799158149943,-12.293710529745963,-2.5456388938365553,65.28245995800874,-70.74363506575781
20211111,-97.96700697684945,-19.033421401415872,-9.6933796636783,64.48828123006263,-69.8233272453101
20211112,-98.09299155402923,-24.670503259788457,-15.59977118846449,63.87216537906732,-69.0548388112139
20211115,-98.5104279496617,-29.46560750508758,-20.55790254706012,63.32651190904182,-68.84466200347399
20211116,-98.3417570863211,-33.53805776621331,-24.672541877942834,63.04835532867692,-68.35397973232398
20211117,-98.29707207207687,-36.86118056026091,-27.942883714526133,62.73541378277007,-67.94055996500217
20211118,-98.09452418021824,-39.534772247354496,-30.590031271576827,62.47860382558577,-67.62779083527778
20211119,-98.2004437623196,-42.35898871124779,-16.718153631736296,62.73333774050807,-67.32288734164426
20211122,-98.30812909183595,-44.36599473428157,-21.685865307423125,61.99132479581941,-65.9225381110322
20211123,-97.62303096643214,-46.08794067093621,-25.687059290269072,61.86602062372924,-64.67615968182862
20211124,-97.0665005303541,-47.41071089047589,-29.005025330518077,61.51791574625636,-63.662518849392434
20211125,-96.42074669670356,-48.4904677130842,-31.756834281862506,61.358428028852074,-62.7662504603535
20211126,-96.11055441412795,-49.72537245969076,-34.26202235340425,61.875422542901624,-61.69666772567783
20211129,-98.56796945343835,-51.02425885702225,-36.471598884091804,62.722861053591444,-62.26146842189621
20211130,-99.82911363804062,-51.45059845629016,-38.025973379415674,63.08577599133028,-62.69309680885619
20211201,-101.01723477873475,-52.1881833431951,-39.583107148390404,63.73462248435785,-62.99001421473227
20211202,-101.98829843730832,-53.72986171255474,-41.636948819275666,64.68692196201802,-63.411919406787156
20211203,-107.68112860556609,-53.942575120851195,-25.78023455877405,64.01209436900311,-65.09825767882381
20211206,-111.94571816005087,-54.4044562690952,-12.482583269763188,63.74438342495236,-66.74204065604901
20211207,-113.55160873265187,-55.47503773524842,-0.9528066091898062,64.58008051773612,-68.29864200853049
20211208,-115.45650012345355,-56.86573562337877,8.83185267500954,66.14513321121778,-69.88629048809669
20211209,-115.21729948612966,-57.98767664205169,16.797590474442384,67.35692034260825,-69.94704785777911
20211210,-114.7219907810998,-58.857956256611445,23.300085381638716,68.24451137586944,-69.88825453903634
20211213,-114.28930521123318,-59.581423748530916,28.62020133814697,68.33821754847195,-69.8309882317471
20211214,-112.4853163741733,-60.0252721403165,32.789341863452734,68.40845146596412,-70.10081081835179
20211215,-109.84972816282817,-60.628167238752006,36.38050216086875,68.62250139961006,-69.34631292086321
20211216,-107.19477276610804,-60.963314456626634,39.09623558848599,68.55356163999161,-68.68199923137118
20211217,-105.02294358839599,-60.95429860509923,22.54814988210673,67.80292328236172,-68.27128879278844
20211220,-103.25971577455019,-60.99728946413091,9.170605443623856,67.55228229288409,-69.50293515834548
20211221,-102.38861920239802,-60.655897148747314,-1.2970531948164068,67.23186560153631,-70.9303812279409
20211222,-101.47964410617483,-60.363222305958956,-9.78611486870583,67.28110411556843,-72.0961608893721
20211223,-66.43388897108134,-60.08613846913868,-16.735918541635325,67.39670912275807,-72.70541890583517
20211224,-37.665486291036935,-59.32203433762866,-22.151747094390135,66.9321337709354,-74.30381416866213
20211227,-14.70134802274899,-58.74695576299544,-26.586974959668424,66.5839798136044,-74.74376775702343
20211228,4.737674531687198,-59.54157528952036,-30.612238143487687,66.73983333972818,-75.71560407191996
20211229,20.081848507419817,-59.90002702506768,-33.76621776451694,66.6836677621594,-76.11710228560126
20211230,32.65304036321473,-60.669285202223065,-36.43060397059576,66.69034257360686,-76.44134041837773
20211231,10.556423916010063,-62.49209258900528,-39.561233118274444,68.51848833750765,-76.84035377236299
20220104,24.199207159723947,-64.03776700168497,-41.99292740944439,69.26244202371042,-49.23832384539114
20220105,35.79994141849314,-65.47052657301566,-43.925269867080495,43.3677659939068,-26.410026052599992
20220106,15.195487118425495,-67.12380015005583,-45.89867598019062,22.07870884137239,-34.00064786766972
20220107,-2.3455485769611504,-68.65815198507941,-47.620246498907086,5.5877675568049465,-41.50625377505318
20220110,-16.828847986933447,-70.12222886774006,-49.1678530197228,-7.9315404070444435,-47.827595617513765
20220111,1.1340135980415025,-71.20084145303078,-50.43823034368233,-19.728416614745825,-25.30414406761753
20220112,16.8005794720822,-72.57774385743626,-52.04836654683099,-29.41443840461382,-6.721128034306939
20220113,30.257794910193276,-74.18097834601672,-54.14165626344573,-37.40177055166822,9.89204963943309
20220114,8.862254710881217,-75.6005977606208,-32.61253897390893,-44.09813838635104,22.591723900673657
20220117,23.06882979065707,-76.83028089754488,-14.88571067678858,-50.64426542608957,33.20134710957083
20220118,34.701327908465935,-80.2955065733444,2.597285748521533,-26.000592622679186,41.96772314919379
20220119,44.10410847340046,-47.453906551159506,17.96583081323139,-5.944137807607259,48.942689204421576
20220120,50.83035112079724,-56.27655529035961,30.50211055344974,9.629577154653147,53.746231782021475
20220121,57.334986884791384,-63.3176578370066,40.77365195561528,22.110842200122867,58.04533355599356
20220124,62.64712995165099,-69.98723980623276,50.937078043069,32.72270692838474,61.67091962955299
20220125,67.31991057940309,-74.51148613086458,59.321756245884785,41.03021935351131,65.32425632616842
20220126,71.32480159402748,-78.54703412670125,66.14837837031756,48.034215431415944,68.38062480653169
20220127,73.33670747373618,-82.31171418764309,73.99762607420375,53.85637624063683,69.34455299419412
20220128,74.72435789917166,-51.49238439919113,80.19756915109969,58.00839621878742,70.14141060143832
20220207,70.15609255161169,-26.93899031404953,84.10634497124639,61.340246675326334,65.60783623686869
20220208,66.45586112071166,-7.588561821358641,84.96878449309466,63.87865816518381,61.87511445608657
20220209,63.419023281712526,8.143953390409116,84.91385656685478,66.08451975194566,58.82050000542546
20220210,61.50774276940077,21.73558764857796,85.66723613896974,68.16540852111629,56.87009498874526
20220211,59.504240660989744,32.362307153473225,86.2598360777622,70.86313551910484,55.168496408891
20220214,57.780030822031385,40.98422966718291,86.63151336436695,73.04100104600032,53.768602910804695
20220215,56.23452308528423,48.25441893122092,87.3051268749018,74.73240812497114,52.641958110852975
20220216,54.97018493328904,54.4269041402391,87.70394642826433,76.12914500588451,51.71145894997047
20220217,53.92929803272063,59.441923027184934,87.62543219615361,77.22062203051634,50.978979181418474
20220218,53.46835555173732,63.15751916242884,86.22676568659277,78.15381401398544,50.817879373280014
20220221,53.21538779022534,66.4270208541519,85.3056129363188,77.08069193059322,50.804374342213734
20220222,53.0864797469105,69.1057128254754,84.10170162512355,76.4326573406862,50.71155536501664
20220223,52.98497240894014,71.2870834805256,81.50647709183605,75.8879415366676,50.63567753833363
20220224,52.42622965651275,70.91601437718619,78.33091874422418,71.97385027553311,49.83106158056889
20220225,50.93034505409189,69.44230686109086,74.74000533035955,68.29102351058677,47.62289009276724
20220228,49.56852882217991,68.53574792136467,71.99714627917088,65.14417106627442,45.75274901675864
20220301,48.4952924970976,67.71732339336405,68.3760172931731,62.40990259284838,44.20762083758458
20220302,47.5781194202766,67.02350775295793,65.29104378997934,60.173004088985124,42.94456182503252
20220303,46.875026177434776,66.4307476879336,62.71648349029033,58.14782484108619,42.03441212870334
20220304,46.29290489969186,64.47402566325567,57.98950217211771,56.00129278682942,41.27303279128989
20220307,47.47982701265387,63.10564309707947,54.157017851950634,54.106031111377284,41.55926648271856
20220308,48.45897853159885,62.18750166250315,51.18520093944458,52.89736498246229,41.64076235693248
20220309,49.23008455905903,61.17240050652747,48.260026643170086,52.1666925780586,41.67233823353338
20220310,49.48446055900851,59.032112066466844,45.431406549663095,50.68644652649163,41.50252186504157
20220311,49.99061155013521,57.316269435536825,43.14761872431525,49.42616508518706,41.42840718760241
20220314,50.49739365622022,55.72321565579817,30.21102694587686,48.18917177826158,41.26162943327162
20220315,50.514125738857196,54.24083036411984,19.812967239291545,46.98815159951764,40.69897094422428
20220316,50.44496372197502,52.81622981715212,11.388703667003888,45.849181466345065,40.13221763800263
20220317,50.39420650872614,51.488211953165376,4.677689273213231,44.70720079144353,39.614145501856676
20220318,50.19714506673992,50.4423362486206,-0.8577680842260991,43.6056865423446,39.09140407918622
20220321,50.02535235426435,49.494168052680216,-5.3663748570719925,42.93523008953222,38.683538162412184
20220322,49.72874408676612,48.672441828790824,-9.012368758842332,42.39728711315876,38.23781748449775
20220323,49.47954097793929,47.97059105628107,-12.073373330375944,41.994234316315804,37.85660151482425
20220324,49.95311052057618,48.277825393244896,-14.685124539325303,42.90251576323597,37.93089662750229
20220325,51.47136702944444,48.846358995553395,-16.840336645497253,43.92590777893428,39.28124254389042
20220328,52.888280580550166,49.4247484359861,-18.603937372056194,44.863806507591335,40.24143759132766
20220329,53.66132588061845,50.535606102392805,-20.32661113063225,46.012586275623754,41.07357902801223
20220330,53.927991566495386,51.62016976361371,-21.810579351017395,46.94078337304363,41.473977892042825
20220331,54.16883984871141,52.664459226428335,-23.10695598404153,48.05019923624071,41.804921762095255
20220401,52.35535185057366,54.16348895513183,-24.489590280392747,49.48908617948984,40.912161023141316
20220406,51.93793552645955,53.45038678877688,-25.105782728986117,49.792615074829655,41.22533882651464
20220407,51.760883314171764,52.86190097388978,-25.612538396247146,49.983627997353814,41.93023823169523
20220408,51.688567946753494,52.65526064018283,-26.475679929302757,50.307968765270786,42.6487366322366
20220411,51.723048607134466,53.560204391247375,-27.343262038634812,51.56526421619462,43.30562756215873
20220412,51.886756774205104,54.01544115241114,-27.90516565548184,52.037184666027485,43.8304225826804
20220413,52.078342421099634,54.695436734353706,-29.293786625668133,52.76506854540494,44.24376915128767
20220414,52.55864712770228,55.488998105852495,-30.73721578306372,53.72732254126214,44.81943473232893
20220415,53.23698220727462,56.46898342529635,-32.02025963525644,54.680576574017316,45.706870902496014
20220418,53.785680137211635,57.68512930161718,-33.79370865549843,56.24724709838918,46.41948439336291
20220419,54.157889881739045,58.623953398144145,-35.22381916773875,58.25087541666713,47.30329760634027
20220420,54.393864522630246,59.41170510938807,-36.10263413160184,59.88154228896401,48.056043082436425
20220421,55.12824305320238,60.094035860324404,-37.040404492356416,61.28341912400506,49.714892169211375
20220422,55.67522819211165,60.90874112851698,-37.76819802632753,62.4379960761005,50.499823551781105
20220425,35.58639640651771,61.26377613896019,-38.421132269187055,63.70690201889618,50.304586506121154
20220426,19.19079476010791,61.535764523382646,-38.88484828928442,64.5162560216703,49.83482569830908
20220427,5.773192111772896,61.675786470267994,-39.20252335201159,65.58834528377064,49.33850361920055
20220428,-5.189232874187818,61.80186885087044,-39.33233873069028,66.70032298223424,48.580659025087265
20220429,-14.421624652683233,62.202107627300144,-39.497089324212965,68.02899922176267,48.14187731913515
20220505,-21.961106543281108,61.75147943019393,-39.16095888943695,67.55582670514185,47.75169442010608
20220506,-32.33235859564246,62.07563729748399,-39.52113718198596,67.40172815553936,29.751756228014102
20220509,-40.09679085327051,65.36573691342534,-41.25073323148752,69.49630402607949,15.351810816053966
20220510,-46.508424583053205,67.89339904040402,-42.6730981600174,71.96170380053313,3.6357589860943538
20220511,-52.07388213050851,70.44943289754538,-43.90756239119942,73.85775526101531,-6.02026312575405
20220512,-57.13719979464783,72.5821507642243,-44.74011079806129,75.64148375691182,-13.949664242460361
20220513,-59.53130652253408,73.98928705251637,-45.651343690163976,78.16197170230382,-2.730356815530026
20220516,-60.99662606095395,75.2682848170924,-46.38680384117687,79.68845362068328,6.3290410643289
20220517,-62.16122192452631,76.39352926706053,-47.02808875635777,81.164842418741,13.996958634577702
20220518,-63.132579116102946,77.53659926971702,-48.004714819317584,83.73877478958552,20.273544557992306
20220519,-63.85335261420998,78.51645337236637,-48.80272819531868,85.82808535324479,25.468552791558384
20220520,-64.95022307817854,79.60809347940445,-49.42288313145738,87.70614478278819,29.696609093933926
20220523,-65.92300583510847,81.24477443078719,-50.64456565136835,89.32070054117857,15.466971357977195
20220524,-66.19437683507695,82.7384643255264,-51.5580128993841,90.83747801101933,4.293546962298208
20220525,-66.58010218652143,83.84687082960295,-52.47505021269185,91.92093529291898,-5.149941922858432
20220526,-68.60888683299514,85.40790151779872,-53.16527472395994,92.92027172200481,-13.870978368430277
20220527,-69.6477594573934,86.7634155267688,-53.705683904257185,92.69100495657253,-21.08781650872507
20220530,-70.46962401945294,87.70423559277967,-34.21716140492878,92.7310519347462,-27.05476544178511
20220531,-71.49146628018748,88.20766358723192,-17.74721476238951,93.40969612485937,-32.46345095979033
20220601,-71.53223414187296,88.66807239597388,-3.5874249065619903,93.97138221755345,-36.27906915290574
20220602,-71.63698613620689,91.22292951316582,8.953379454992563,98.5467588133331,-39.3391596615019
20220606,-72.43634292179472,94.64868832429161,20.49357804602641,102.73498039360373,-43.26292429447563
20220607,-74.10705072779558,97.57370271284756,29.910476656712127,105.88292327546918,-46.73182362510165
20220608,-75.0317821646178,100.81954733579371,37.616171146899795,107.41124749338617,-48.931618799616196
20220609,-75.74240495163731,98.67132274936712,40.62801154724731,107.28649751792366,-50.68848290930534
20220610,-75.84587214249437,96.85729185742868,43.28791349812612,106.88029674520973,-51.61495476344169
20220613,-76.16445329287752,96.0937153595123,45.63770596210826,107.19987625476854,-51.776183061866845
20220614,-77.35355142962847,95.39333677656076,47.41668919647669,108.52283081041905,-52.157768443187706
20220615,-78.17173562693878,93.5884379644886,29.4552024123753,105.63283693168319,-52.44509209272949
20220616,-78.81097923690422,91.32314862358602,14.831669537828299,101.8465738358808,-52.68009532283884
20220617,-78.7236736894273,89.45552853909135,2.8419528471463225,98.51411221205177,-52.521368536902365
20220620,-50.16887851278005,87.0586447146267,-6.180107295892077,95.29854801675806,-52.209240082283955
20220621,-26.902859297640553,58.35669542869735,-13.450470553173167,91.78907555251645,-51.98552533369093
20220622,-7.470112912658121,36.61535369571442,-19.50521548675784,62.32653170948523,-52.314793687721014
20220623,-17.698118622734167,18.686260361506765,-24.500538123662032,38.48923141168228,-51.89193875404037
20220624,-25.88372083139418,4.764144343793392,-27.893307826195834,21.928473878860693,-51.19969972226187
20220627,-33.03338320509436,-5.9834675548870395,-30.644490180432268,7.819739188894065,-50.77160411518734
20220628,-38.25143108387476,-14.327035406745047,-32.0997222455301,-2.8579462093343015,-50.29950282555392
20220629,-42.598480354725346,-21.44905503228369,-33.36769679280569,-11.724233881772745,-49.958058216556736
20220630,-46.31414023700154,-27.242130478810868,-34.37028942427648,-18.990791442349682,-49.970913840994534
20220701,-49.355624032108224,-30.902997774973688,-34.67449642520204,-24.66407677761808,-50.09289567694195
20220704,-51.81707758321879,-34.08960042782075,-34.955683480899815,-29.327291854524425,-50.06562293067816
20220705,-53.82401189014783,-36.06831459137699,-35.03164776142074,-32.80974699433148,-50.19392594580403
20220706,-56.00222632763956,-37.7745591704916,-34.947740758695716,-35.500835623683656,-50.85924621037245
20220707,-57.033977937741604,-39.16276700413879,-35.086818937409205,-37.70089898213265,-50.365193276410736
20220708,-58.35273179068356,-39.75979917231702,-34.66841074342417,-38.59775811559811,-50.33174217893733
20220711,-59.20545792744814,-40.111774899559265,-34.30819825137716,-39.200285111711686,-50.447179987731765
20220712,-59.89405605765488,-40.47762401526032,-34.145082170280986,-39.8026073709257,-50.5370978638601
20220713,-60.38938759548233,-40.457784821701225,-33.99350509693406,-40.36840632005613,-50.576131707798744
20220714,-60.551791907833476,-40.14848281445366,-33.799624178361476,-40.22323947706493,-50.546107481814914
20220715,-60.96302124992408,-39.905940857564495,-33.59460747784296,-40.10458724993698,-50.54631439229554
20220718,-61.0883072639254,-39.159492312972,-32.415100954385665,-39.67066685825242,-49.71168184831809
20220719,-60.99623745016468,-38.614397968930184,-31.458997476441358,-39.2709673470487,-48.777698292257256
20220720,-60.70634459836119,-38.4107358354993,-30.574827207792683,-38.99022835466517,-47.832954005252766
20220721,-62.808599306752974,-38.25577726894748,-29.821583665044606,-38.74286520322656,-47.5309185365144
20220722,-64.61451463190562,-38.33887678384529,-29.3800742889733,-39.42120957199555,-47.43320996021146
20220725,-66.18948107544162,-38.732712610257614,-29.130575585453613,-39.90817678428979,-47.41396868914695
20220726,-66.71249090769223,-38.71655667480222,-28.909813611755165,-40.271350020767926,-47.32690580484934
20220727,-67.12772515277616,-38.705392850902065,-28.721416557069247,-40.54443506912692,-47.18227669704411
20220728,-67.37739205736518,-37.94996550643282,-28.103298354656776,-40.29596242297961,-46.87786295723704
20220729,-67.69575854501312,-37.86274771221526,-27.84976017448363,-40.45477864006851,-46.62082821379428
20220801,-68.15336607813656,-37.75773099862049,-27.625374964588886,-40.5167044425432,-46.63754260658054
20220802,-68.18280565409962,-38.498021657510236,-27.51349093987884,-41.32304231737515,-46.55443340822549
20220803,-68.39527632315634,-39.63056766371592,-27.684187338172265,-43.55197685886273,-46.90054377536792
20220804,-69.0741908988366,-39.56756721449228,-27.709909495043608,-44.918598189578255,-47.8889731589199
20220805,-68.1315076322976,-39.67895438842114,-27.720395707720762,-46.758206541879304,-30.699404271024047
20220808,-67.6407235920773,-39.56801505960135,-27.561342510986613,-48.17602637458333,-16.531083593149596
20220809,-67.32979469127349,-39.48094095110679,-27.485793973440217,-49.42110587319341,-4.916892133783661
20220810,-67.26733948237798,-40.22806744638567,-17.363619281008837,-50.55651592542883,4.5180029293049095
20220811,-67.4182645530543,-40.89985998241454,-9.12854881615525,-51.73838592391363,12.25674466863241
20220812,-67.85534651969044,-41.46939120845545,-2.198579465686863,-52.82263373085788,18.94509505565296
20220815,-67.74564901569998,-42.08654479349011,4.176923417746192,-53.4126602945895,24.90892034978699
20220816,-68.14210258157364,-42.578945700894344,9.476020866308442,-54.273080726632436,30.33406089010439
20220817,-69.509874976196,-42.978206856518,13.904066832767715,-54.975830458363355,35.626438576737826
20220818,-70.53461327131271,-43.09966352624921,17.45409455467352,-54.91198358832047,39.51771388921947
20220819,-71.92007792383784,-43.32744013393155,20.40994981042077,-54.866221014986316,21.784338259609175
20220822,-73.10927938632032,-43.41441597160968,22.735063865444648,-54.85212067793076,28.433024999581818
20220823,-47.196378824656584,-43.92751915380609,24.85303758741763,-55.508277839984466,32.731994298276994
20220824,-26.009551582206143,-44.1380284182218,26.56406565238885,-55.22091427312763,36.23517964176972
20220825,-9.013732019218326,-45.63696174921292,28.76169697969473,-56.04622976069816,39.018354058623444
20220826,4.470271243073538,-47.011995401962075,30.72635943361729,-56.58236387255198,40.94310815996404
20220829,15.508227449073214,-48.2299404004686,32.42384312728388,-57.14087750654302,42.47842173552345
20220830,24.73100908844037,-49.10092465509376,34.29000476143231,-57.63815420376885,43.82258204459837
20220831,32.245762632814184,-49.90086050201962,35.77243862559298,-57.971920306448474,44.887949070915816
20220901,38.432273218072325,-51.13469735590119,36.61064371655067,-57.6297518890931,45.722142477419766
20220902,44.983218716283424,-51.91939982071537,37.4268348799727,-57.39600096042235,47.58842384322591
20220905,50.51141668842949,-52.95542423300555,38.713914478277225,-57.080204589319,49.32914196472754
20220906,54.547079788902984,-53.78883451137416,39.77266438991484,-56.810956807198664,50.67218650959518
20220907,57.86751119918238,-53.45954755056493,40.2177107236388,-55.720487369677144,51.83137666768346
20220908,60.57546598076875,-53.29243922239476,40.91550596718928,-55.37517611922436,52.74077426874529
20220909,62.94390349204325,-53.385699203106036,41.85886442233589,-55.39712180789863,53.83533868608051
20220913,62.125903714272454,-52.879210447727324,42.058725832742915,-55.18572485256845,52.675529131991865
20220914,61.432756505897714,-34.05693373775584,42.22267579750188,-55.20795956812354,51.68402833454253
20220915,60.635680221823314,-18.718873413247305,42.34673656274148,-35.127617147223894,50.61741323319508
20220916,60.05583092494862,-5.951940887505455,42.78844161130994,-18.337154404056605,50.046569390943255
20220919,59.632842307813824,4.557554815829262,43.221679085053076,-4.601469732357219,49.707293922289566
20220920,59.286180796593364,13.550512675058307,44.09554826832048,6.821255798801946,49.36259116740036
20220921,60.60561149732032,20.59108155328125,44.183114496896664,15.809329365335243,50.28464557878252
20220922,61.71311391370803,27.181475907173603,45.075053706931556,24.442118188550896,51.02169224538411
20220923,62.8252947428927,32.54019205034954,45.73542246002817,8.562749657794132,51.75986729558453
20220926,64.06818230146804,36.23977247951485,45.062748813775656,-3.787419062022137,52.73295849847943
20220927,65.07854275665187,39.24368262862696,44.55069247288875,-13.08799987900417,53.43136931031347
20220928,66.0852422754358,41.77103408599249,44.06519330969061,-20.43506072146176,53.93037210035478
20220929,66.52512811759058,43.76499017640613,43.811410975226806,-26.425560754774608,54.14389513547243
20220930,66.67926321843139,46.48870793628125,44.19530680747456,-32.404528201004844,54.1695561499775
20221010,66.87066132312023,48.194721576920394,43.10985712024527,-37.61988749792706,54.138008162241874
20221011,66.8196015555164,49.90526200261075,42.17587213077366,-42.20719863257454,54.02944459125048
20221012,67.15459013780684,30.646414734954522,41.4116085699541,-45.910503792041446,54.106273066223885
20221013,67.44552467567333,13.45653093347651,41.07026162109078,-51.493795038220014,54.196156375515805
20221014,67.27174859451955,-0.5527960236617343,40.58179702163672,-56.25793809519633,54.100497547157
20221017,66.05764672970463,-11.43136064488648,40.10566065080706,-58.81554104249523,52.76794695992216
20221018,69.73138230807884,-21.442902134449326,39.70193487254888,-61.15130188126777,54.70586590258178
20221019,72.75179294901868,-29.612280781113004,39.256843184391315,-62.97571566237952,56.309646648037386
20221020,75.71501187875417,-36.66452611796298,38.91588057415248,-64.47034117333841,58.024830425419175
20221021,78.16360503666823,-42.66826148455873,38.68098441607984,-65.54306592648625,59.16610423669124
20221024,79.80290725011113,-47.37136299440608,38.36060128872401,-66.18037744847214,60.071250444662596
20221025,81.09593517332179,-51.25601664221585,38.05094737652258,-66.70640324755104,60.80963538694241
20221026,81.77357476942271,-54.84886839485907,37.989409253947315,-67.38994391087094,61.28562121812498
20221027,82.22571188680936,-57.51460400618699,37.938601575475616,-67.91698967846733,61.63873428259072
20221028,82.58480748052295,-58.65256504854865,37.75060701127192,-67.79804649544538,61.95053340313026
20221031,82.35584923208313,-61.37505509706928,38.774214547805094,-68.78023164411826,62.269999580354266
20221101,80.50698586835837,-62.545826902519465,39.13421941639621,-68.76199168505067,61.206391716405236
20221102,78.84508226305886,-63.196451266878825,39.86140661051196,-69.04221040921855,60.5936081827341
20221103,78.13073981887199,-63.83809975927358,40.381930485176085,-69.31583646253796,60.62189473851395
20221104,77.72209243922083,-64.3533368211892,40.85252227149215,-44.503873674741776,60.47979730560742
20221107,77.33476009868996,-65.46987568098005,42.52744051004133,-24.208697204331227,60.3983870829024
20221108,77.35547017288329,-66.35095670130146,44.00742407504764,-7.589788801580855,59.61968884082702
20221109,77.4335537429977,-66.79764831272915,44.830914244116364,6.04825890353522,58.93789013219041
20221110,77.42075495017588,-67.17358790498018,45.62369762672661,-7.215312102744504,58.31917825359204
20221111,77.6161778098236,-67.70225893394088,46.350678970062255,-18.01248539851065,57.97970936886724
20221114,78.87787624389213,-67.78902253910324,46.20835557317626,-27.78165915633733,58.54254672687164
20221115,80.44887923398271,-68.08764849835154,46.62619738436825,-35.78771822316803,59.079256723947815
20221116,81.81911630458764,-68.38081862332834,47.10576755639358,-42.264291276843316,59.45703482614934
20221117,82.79082024031906,-68.69039867333646,47.315948457598004,-47.68260779626826,59.76267793986623
20221118,83.32337251017111,-68.91675188063425,47.48785844044551,-26.26910846117056,59.994919099341985
20221121,83.93769468672322,-68.99719668120109,47.842592657881255,-32.62138561018691,60.06835327610295
20221122,84.4314811225848,-69.18628309335357,48.58133818479071,-37.76698360675458,60.134928865594304
20221123,85.28438968690094,-69.27699346210478,49.05136372651037,-42.06670140226755,60.261613496601385
20221124,85.99803876061331,-44.34734379382255,49.14828307989726,-23.289770148056174,60.67927289227284
20221125,86.71141829914411,-22.54052647604914,49.824020705394695,-7.8445793350437265,60.86169058679327
20221128,86.49909391518811,-4.85121376259567,50.15202674055181,5.080795826356442,60.99632767467261
20221129,89.29445918820485,-17.285714862062775,50.35426852584094,17.45031119708233,62.96891911244986
20221130,91.63701987777856,-28.163784799595565,50.75055121097322,27.51939309124877,64.76713856262305
20221201,93.37148490783301,-37.04680146462854,51.018348119263685,35.283950417434596,66.39939445630296
20221202,94.98456734687994,-43.63997451355035,50.92223139619802,43.261962668400066,67.88177559204233
20221205,96.1660485349611,-49.01786308954322,50.84424449498706,49.79639693456111,68.88041375105011
20221206,97.38981572593157,-53.467643471459496,50.75834280279262,55.25448521758948,70.98603180130581
20221207,98.25964903026333,-57.955872980371275,50.90115283042385,30.762038189737883,72.93687474232028
20221208,95.34200290059765,-61.542247537448084,51.007983158694586,10.621629363061096,72.64853015525499
20221209,93.74774987359883,-64.66358554280932,51.66367568496298,22.751227875125544,72.78350859318891
20221212,92.6409295661107,-66.76011789569714,51.659119783547034,31.985514914167855,73.39499121571475
20221213,91.78710667557598,-67.70156035409795,51.379390495712684,38.867726706121104,74.18411108174803
20221214,90.62804196879756,-68.48680795369899,51.1781357181803,44.4230597966507,74.4746136887145
20221215,89.88003604956982,-69.05577108478386,51.26164926494832,49.11928154049037,47.10391897238146
20221216,89.56947836444864,-68.85979318994544,51.315295034472435,27.80664938320317,24.038579826248508
20221219,88.63802664589018,-68.89276099861806,51.32460955614097,8.510552579225212,5.4820225722366915
20221220,87.93361593841139,-68.91590954149999,51.38266445854288,-7.376480688838408,-9.788801822637327
20221221,87.36071908572028,-68.83095690971751,51.42608344186982,-20.206740030043996,-21.994022244046622
20221222,87.08729237455778,-69.01683082143393,51.64950223778362,-30.809861201271865,-32.09074593185262
20221223,87.1300806239011,-69.00719786503983,51.909444098349546,-39.96896239289928,-40.63500365131816
20221226,87.23387190736018,-67.89014110938773,51.20026610677423,-47.307615885490904,-20.00684681754453
20221227,87.44782991972193,-44.32697791731562,51.146177371338354,-26.21716923140408,-2.909448540800153
20221228,86.88653591419595,-24.90912384980696,51.153740190100905,-8.878921157423585,11.181442132671306
20221229,86.38131039485208,-9.002753128450003,51.19337438859534,5.916346018568796,22.796919436025746
20221230,85.6676367824994,4.576259964184118,51.226950034093946,18.018239995821478,31.712704383279515
20230103,85.42638427475097,15.726126676890512,51.29999807622364,28.104975441768804,39.37500941958693
20230104,83.90269586984864,24.739165492296806,51.40437374760974,36.18605142919305,45.38917282318524
20230105,82.38869143842756,32.05152922641944,51.42438426456937,42.2183535399722,50.10083215806287
20230106,83.62495817234705,38.103517753068026,51.45274692515742,47.252597418655206,55.62674051932844
20230109,84.56939759389422,42.87065094038736,51.195595775780355,51.134312138383365,60.23847484149563
20230110,85.82218559089479,47.629818885696096,52.22667676512417,54.77058287880897,66.12547218914837
20230111,86.56397789233456,52.30304591688658,53.34615356569711,30.806625535727335,70.74081538399317
20230112,87.05105189335058,56.09509628551924,54.30359023202528,10.95455458349726,75.46352059557695
20230113,87.26804332264695,59.24977423659872,55.00985895383463,-5.049902332229873,79.12333767935746
20230116,87.4102123898155,62.67945803696925,55.606304276122245,-19.167334384064734,81.55131250536427
20230117,88.1797092319405,65.6397009067804,56.160295372504315,-31.261196408480508,84.47054898297091
20230118,88.06791503550753,67.20991813768721,56.551579611321465,-40.74262884081947,85.23164429161606
20230119,87.09005880509565,68.5928166928716,57.09310381165452,-48.51161263042479,83.86631079157281
20230120,85.88274760012972,70.23591422831262,58.03743653522953,-54.84090643569026,82.09153608276915
20230130,84.44920302721773,71.90906949193311,58.74833660860432,-59.94413139458025,80.3471021256503
20230131,84.62382384605218,74.92150327602347,60.696826815359124,-64.44744698454521,80.03780872865121
20230201,84.75057741019037,81.66967252150673,64.99643239046165,-74.68126443413225,79.86947816180837
20230202,85.43606049077799,83.7962926577696,67.54065860079317,-79.8162232913454,79.88993248729808
20230203,86.35800901324885,85.16803561838252,68.75051762506067,-81.43752243884316,79.95215269063816
20230206,87.59274667349,86.52800419750636,70.89463744632513,-82.70059790856922,81.00393738843283
20230207,87.95700971446801,87.0997165185622,71.9846165988088,-83.74943983605955,80.8064380676629
20230208,89.67643208857314,87.80969707202158,72.83080791374955,-84.64242117953481,80.98859101179657
20230209,90.79974704876207,88.59512086721242,73.8499989550547,-86.1665383381202,80.97979569431892
20230210,91.76776970436148,88.17498084225295,73.93785771668308,-86.83324339756942,80.89616184306736
20230213,92.47451900510572,88.27486265685663,74.80581643796698,-87.48422633204696,80.4500791279674
20230214,93.55378277060066,89.21816182934745,76.62350168372531,-88.40878935359696,80.16349151872667
20230215,94.18597799262461,56.211021287225606,47.56874412568731,-89.0411758856983,79.36724079458072
20230216,95.77951558238715,29.70295692800626,24.440680954670675,-89.01145447450082,78.9672815215761
20230217,97.72460595360602,8.754529292685309,6.592599707779617,-89.41198726027483,78.92747633052744
20230220,98.75919096528082,22.713398600027887,18.797467481542103,-89.65056130498573,78.79059985915241
20230221,99.64996086781315,34.082816299598015,28.721765895353034,-89.85101483058862,78.69111654643082
20230222,102.24057083729531,44.80348919471654,36.849836687177906,-90.51890046384152,80.29092211834039
20230223,105.84840460039013,53.39447659995168,43.34134250934896,-91.05824704958954,83.51061974952576
20230224,63.434858642044546,60.00124585501788,48.286707571693746,-91.50327937425182,49.33289613073409
20230227,76.91641746501514,65.8481955682572,52.32738164049444,-91.92629332363094,20.988161394363953
20230228,86.48066124583042,70.72488858210917,56.17818594043957,-57.98007553520959,35.86582799857174
20230301,93.97291677614145,75.0636486673429,59.47046721194928,-64.65624373343984,47.40621845167962
20230302,100.13068948422897,83.35896656967628,63.626153089379045,-74.11043039176468,56.81780427677496
20230303,104.69556282616239,88.8550410528815,67.44691891656605,-84.69294328584888,64.5626673560177
20230306,108.89526636539598,91.3547501912157,69.32247245462686,-89.03923993426504,71.53500734130067
20230307,113.44916961140854,93.90338977014359,71.12937657259783,-92.41065631886936,78.41208184017098
20230308,117.1715634389416,94.78391080998182,72.00820820872362,-94.64617438736259,84.04576473067034
20230309,121.53799490449975,95.50579902834616,72.74762669205028,-96.10739451794414,89.11743256746445
20230310,125.9341926478262,95.50130699593379,73.47686801483279,-93.8378946791362,93.6870227774612
20230313,130.4273905800256,95.55700068262314,74.06857038649898,-92.44713467327132,99.05894855904457
20230314,80.90847575025185,62.011226401358066,74.40894174426569,-91.42542126529018,58.47982292809948
20230315,39.00675184251127,34.49338072773914,47.218697448938414,-90.4232198689923,23.36364039524192
20230316,5.125196112131395,12.742846712521372,24.605263848301295,-89.09617875561081,-4.759523112056575
20230317,-21.099090195084383,-6.4010673792820825,4.228534470302569,-88.41523782869142,-27.781719347305906
20230320,-38.0894642775466,-22.199646244686445,-11.116379915833186,-87.8644858850837,-45.54831589376834
20230321,-50.61570528366967,-35.083234981644516,-23.604518367411107,-87.40973414962211,-60.02367594559874
20230322,-60.90011987820081,-44.61167452988591,-32.63469141040038,-87.115859397606,-72.52989197489063
20230323,-68.60725371946594,-52.373918837474406,-39.638509142617536,-85.18386031627466,-81.49582299977752
20230324,-75.17764136089806,-59.76757874592139,-45.55354127098236,-83.72525843665078,-89.12540774235292
20230327,-80.6391150192874,-65.72514918468082,-50.35392716975547,-82.20549538649873,-95.33612857365765
20230328,-84.41689230933522,-68.48157422310162,-53.22870664191873,-79.93862263933535,-99.57441484128643
20230329,-87.41248005499773,-70.68277653838288,-55.60864091283621,-78.20185550080686,-103.70597343753953
20230330,-89.84557434137287,-71.75948935915608,-57.310055952665394,-76.8645050383546,-106.74164776561055
20230331,-92.33712360424275,-73.69879971729794,-58.9691166120568,-75.40038235045007,-108.41052398630484
20230403,-61.58005944419304,-74.332218071415,-59.864718363208056,-74.50375682513501,-76.39289577945867
20230404,-36.48969501940855,-74.24505883672299,-60.34978285175399,-73.49101960469405,-50.24852788527657
20230406,-43.463572843260636,-74.3036105579137,-60.952722860470274,-72.61819558939608,-28.93268495238812
20230407,-21.886017742847944,-74.31268248922505,-61.397062182143465,-71.91391923501114,-11.548079293397409
20230410,-4.232130618365672,-74.79498729727631,-62.114039659743966,-73.04466577770427,2.704259591820415
20230411,-17.126854311951373,-74.9309057856299,-61.47422964302958,-73.67971303862521,14.225996471400471
20230412,-27.67284992131685,-75.73388023002168,-61.00997650844099,-73.97532968181797,23.556359414176868
20230413,-9.513206818476194,-76.23446589778536,-60.5389116663213,-74.37441856455557,30.554524342686523
20230414,-20.641437566492083,-78.021268166575,-38.802275687900796,-76.16018210060463,36.27924888047156
20230417,-29.83587208509497,-79.48188485052945,-42.44607136196682,-77.72355848693891,40.93323773374693
20230418,-38.525478891277515,-79.44095252322683,-24.078709151755916,-78.09219787159563,44.77621681281316
20230419,-44.42236445881065,-79.04037933046926,-9.051966921342645,-78.9007036374878,47.74476933260008
20230420,-49.169532574245224,-78.94012188442937,3.9487643844480815,-79.06993844751221,49.527783941091926
20230421,-53.231647197001266,-77.72958898827564,14.56374845078632,-81.67811404448297,51.09376223245553
20230424,-56.53479203453091,-76.72628016950078,23.234480951040325,-82.86942909859121,52.14746604043832
20230425,-59.27742839107312,-75.89543120502724,30.30507995525778,-83.90618642327628,52.94105302600048
20230426,-61.38000765244104,-75.99139531590733,36.5475069698082,-85.50471681731653,53.48689407449889
20230427,-63.08985978819291,-75.63641362658024,18.841399024767508,-86.54635405199498,53.960324340104385
20230428,-64.13923284322792,-75.92757922882372,4.096258093453148,-87.87632798964758,53.974005567375805
20230504,-64.95771732675875,-75.34132625786398,-7.757589855418471,-89.84191886413404,53.60045873685986
20230505,-67.95280275851378,-75.75540654519605,-17.459145083791363,-91.35305162746337,54.74088094766797
20230508,-70.44647101820081,-76.35048763240219,-25.20902324223497,-91.06322021786204,55.60289140376966
20230509,-72.85905299038393,-76.6379654412835,-31.54417294833774,-90.68541760833237,56.44781117795896
20230510,-74.59487222327735,-76.95122930725454,-36.737750847395404,-90.37220144839479,56.939923352068085
20230511,-76.04245881517612,-76.3586993203106,-40.431512476639476,-89.39995330660037,57.34048775286297
20230512,-76.59995845911503,-76.19454635264805,-44.65569991922801,-88.95195844143757,57.403987975278625
20230515,-77.1890056732329,-76.01742456228253,-48.009190228720605,-88.10935295370093,57.563022520615256
20230516,-77.83301211760437,-75.69875907254865,-50.67720892368493,-87.45437327773757,57.95738663442392
20230517,-77.94186855999898,-75.31839610578675,-52.801756667657415,-86.73926413568718,57.977369323046254
20230518,-78.01688663338702,-75.06298441614437,-54.76555925370346,-86.23109023379682,57.69333141484719
20230519,-78.14853143323627,-76.36834271359083,-57.519592253750524,-86.68556828050858,57.5793295958046
20230522,-80.49489657157986,-77.02636962400886,-59.51740549868092,-83.7522379806785,57.63726167542044
20230523,-82.31423376729046,-77.98457597789687,-61.391406340306986,-81.50593552662609,58.23434627677207
20230524,-83.76478429849459,-79.8621143290542,-63.382542049837156,-79.86995102042552,58.26526267890998
20230525,-85.08620577959469,-80.64134097595878,-64.4292329625929,-78.43684395234214,58.57497211121725
20230526,-86.1033070009943,-80.29369896418024,-65.03416623224176,-77.10891265776155,58.88732342482475
20230529,-87.42575280352698,-79.92951027021546,-65.17413473514216,-76.1447459155378,59.0055025829997
20230530,-88.6272748081721,-79.91272784078144,-65.7795668145398,-75.48129661151587,59.09895718069755
20230531,-90.10768076223887,-78.09536915123108,-64.55328354748936,-73.17737007436209,59.87393053674009
20230601,-89.94087169264853,-76.35012823171726,-63.58698631561606,-70.92041721739558,60.91271360001772
20230602,-57.109119034327556,-74.74685838652447,-63.213603103418635,-68.84508353738704,61.47554093533229
20230605,-32.69755675305682,-73.53587849106053,-63.30014083602053,-67.6956969254383,60.33295630365577
20230606,-12.691591500081062,-72.73642540934117,-63.38201828918177,-66.78347359153108,59.28680337047397
20230607,3.926141690866465,-72.08248018300877,-63.45152356803258,-66.05033012108152,58.67047997221951
20230608,17.52246597189282,-72.5247551949891,-64.16820377461215,-65.85443972456456,58.12524579758829
20230609,29.197916365064305,-71.39907733961263,-41.389697451417675,-64.18804242295265,57.86224393180147
20230612,38.902484185955934,-70.4788623511844,-45.10565138999902,-62.91663038774812,57.67753586418151
20230613,46.96190663768594,-69.93941452916815,-48.368300568918265,-61.73160043991734,57.40887777823259
20230614,54.93966374000528,-69.56167649684141,-28.72412091387291,-60.62312245532896,57.500705203182235
20230615,60.75242321715894,-69.15740983036814,-12.638968950295904,-59.71718922232174,57.66824516852272
20230616,65.09958126162455,-46.073768118147356,-1.379011430416479,-58.150841418590815,57.4510174743455
20230619,68.642883297705,-26.614528319356186,8.167354428437598,-58.65057694639205,57.192252619298145
20230620,71.56842880728227,-10.695423873854173,15.978946663380343,-59.1116344232712,57.09321391308869
20230621,74.3098182724045,-19.59785879689735,21.892406107323808,-59.21288606767831,57.46949331561858
20230626,76.22714602833075,-26.946599614570353,26.804428791860538,-59.22491155550871,57.79221139764732
20230627,77.244793561681,-10.95170997260987,30.884006613394558,-59.130419234940746,57.76350912348743
20230628,78.33384102831373,2.3893062347488025,34.18548601177803,-59.08635104218266,58.18255469709938
20230629,79.2685975168544,13.363550037811015,37.05495842816838,-59.09042573067427,58.53897060075864
20230630,80.77841363960954,-2.988948914414286,41.08952692503231,-61.75670318141979,58.878208276215815
20230703,77.5943867060416,8.077211957071198,43.15168719347477,-40.43216876291762,56.357204836757596
20230704,75.53194185019015,16.752808878925233,44.43744235529349,-23.270385328951285,54.61663202777429
20230705,74.58346662692743,23.832388383555962,45.425363142971,-9.297383542127024,53.72612076127736
20230706,73.73833460072858,29.593343237922102,46.28522180173953,2.0990131025381062,53.15651790056035
20230707,73.18166613681318,34.12459426966374,46.75327525499915,11.280315636306494,52.6516472944668
20230710,72.7468510762297,37.86533083915425,47.21167621915717,18.917125651942097,52.39995742300805
20230711,72.4000401691544,41.30412919504465,47.839451860528996,25.75601157982814,52.19483062970519
20230712,72.04755979087287,44.20494831390877,48.53882527872989,31.665146531343627,52.04963347460122
20230713,71.43405018439933,46.26517056956338,48.89957905354752,36.50321164961654,51.91550403952023
20230714,70.97113605717257,47.93984969455723,49.43689509212563,40.37036687113272,51.926711971271445
20230717,70.71942795897121,49.24093440176102,49.85531094446716,43.11214373864573,51.718539113056764
20230718,70.7870441762331,51.71406494698149,52.29750186398614,46.17005615499333,51.487156820426684
20230719,70.47790120625311,53.568349064313345,54.13893374949813,48.648792736141814,51.23754380016093
20230720,70.31373203934221,55.04920398675775,55.576391503305956,50.50156867601297,51.112441878942036
20230721,70.15967423720512,56.39597787790041,57.70809899100127,52.27657891972888,50.834263784610414
20230724,70.30024365367338,57.24666955935571,58.942945096346705,53.08768360880963,50.50302958044382
20230725,70.56667314230005,57.92323576331221,59.604880927827686,53.866169109726584,50.23312459991696
20230726,70.93912039693448,58.387405113418815,60.531618428358364,54.45242219173649,49.91523471980356
20230727,71.3521765915063,58.92582276729061,61.11026040074055,54.784444888200426,49.66885709497887
20230728,71.26474195688203,59.33235547083319,61.41286251829689,54.96854170047928,49.33962585405672
20230731,80.09335673866617,65.37035024068717,64.2572846014389,58.08609512398096,53.1835123423671
20230801,86.56742298330624,70.23505385951341,66.4557421911354,60.822461580810916,56.681265730403
20230802,91.78964771437667,73.82683839888095,68.07424913462812,63.0276239401333,59.523452648157566
20230803,94.41859656058286,75.24329370182166,67.95419957023243,64.77555936263839,62.70148284694383
20230804,96.64896389118961,76.24460569789241,67.95609791223954,66.32298413573727,65.2620190856706
20230807,97.32488424942312,76.88043865474984,67.94415577254549,67.80345227688909,67.34320592505017
20230808,97.65642685743778,76.80318732707413,67.35161608905297,69.03032651583568,68.72545732136467
20230809,97.41018690842971,76.37308283446366,66.67382368639072,70.37445049655933,70.0412241716879
20230810,97.76856784677724,76.40202095113588,66.28059902391232,71.40071004054131,71.6675833777465
20230811,98.0944533558073,76.64275410779986,65.90065572012082,72.20875696817805,72.99656336118048
20230814,98.52244479595569,76.9080336037098,65.77226437850065,73.04457503142899,74.24165974577284
20230815,98.84231909814736,75.68925705532938,64.29446463084487,73.70031236877364,75.59525815710658
20230816,100.53809120935219,75.04620916640225,63.2951098978253,74.24343779318316,76.49211057000466
20230817,101.13243942864258,74.5298950211643,62.5303619464876,74.76675777303576,75.97445926517814
20230818,101.97043913691209,74.56620813985376,62.030520149364314,75.18047048724806,76.09809451207539
20230821,101.58293105213615,74.80962670603601,61.915485834649594,75.71585189878073,75.81769465518569
20230822,98.21284792182827,75.01139226526635,62.20232124731067,75.93234164623884,73.20516807848723
20230823,95.52443102453168,75.72967338677954,62.91565911170158,76.8496582348353,71.13544874165831
20230824,93.45520049162373,75.6066654658695,63.54768801112116,76.61333633854171,69.44651272900573
20230825,91.39321063695199,74.72906846665232,63.87869088567204,76.37857425888264,68.0675220151435
20230828,89.7924004505729,74.88557587672877,65.10966169998737,78.30984625939463,67.81010510352174
20230829,88.71469635640521,75.19759306154123,66.47073750609681,79.53879842182447,67.56095804394123
20230830,87.76152478290565,75.59953621311541,67.70007622471739,80.64631121781613,67.32459977111613
20230831,87.85318369675358,77.65044751759446,70.71626688258112,83.2859316283252,67.22128198658538
20230901,87.6214408579345,79.33449594860481,73.36320177909367,85.55552773501817,67.13486518622634
20230904,86.72587492048426,79.31598932318008,73.86512168378621,85.2792279593351,65.02159200996357
20230905,85.90347551898267,80.24730059037952,75.49543297576909,85.52813785539023,63.39259362237736
20230906,85.64225335992333,81.33832475558229,76.96213779540726,86.13784400032685,61.98639001464714
20230907,85.39802020216412,81.7735718274478,77.51967698721826,86.31369321001871,60.82240123759778
20230908,84.05013123884619,82.11209694286677,78.3334186390288,86.00802351367854,58.47685528578303
20230911,82.85305632904289,82.43174544338208,49.764349868068386,55.069069131662864,39.222031971740634
20230912,81.54617629759696,84.9748577993481,22.565684458296367,29.59853122811145,23.854305720897365
20230913,79.97163591435738,86.160371226643,0.6267550884188432,10.074514667614379,11.209522368864079
20230914,79.08030105451914,86.59905140974865,-16.77764439514866,-6.046221034050103,0.5053523148304286
20230915,77.81855382417142,86.95516336690598,-31.055712015841003,-19.036315777420977,-8.105767712302965
20230918,77.3808319542868,87.05417715677193,-42.51009479710448,-30.11853455583729,-15.67998270341339
20230919,77.6704772831156,86.02701896698967,-51.292259142149604,-37.972630762738014,-22.771755554430342
20230920,77.58358331977294,85.11682788687065,-58.11156975194882,-44.24440403118194,-28.27776086936206
20230921,77.35995125985639,55.862764095113725,-62.59901294070033,-49.5211233844871,-32.60598127667693
20230922,78.11655444882473,30.792130202387987,-66.65665897457414,-53.13639472532311,-36.47473471282755
20230925,79.16107991480342,10.301570584918304,-69.9775830648119,-56.088400354011775,-39.66556979447083
20230926,79.87472564921956,-6.539755044280377,-72.84717282490125,-58.937852448540234,-42.270073938645496
20230927,50.50361478304837,-19.744480753043995,-74.68762458036085,-60.6844995935151,-44.248586784793474
20230928,26.466059530351455,-30.110377934296263,-75.39068467299983,-61.56126369186255,-45.829228356767054
20231009,8.65467149294056,-38.02200926477526,-73.85772006762093,-62.238569006180406,-46.50816398843641
20231010,-5.87380745532002,-44.47424063921329,-73.14321801849349,-63.038536481403845,-47.677498445626014
20231011,-18.270061621170093,-49.637330665323354,-72.50564537668501,-63.69740217633962,-48.800017207663466
20231012,-28.66063079307831,-53.54144035829198,-71.75618966173819,-63.67249078039401,-49.98385783336154
20231013,-36.52053121390519,-56.15580356512891,-70.70639951256751,-63.39516333626095,-50.95232689678655
20231016,-43.33326667436073,-58.34215793597851,-69.75486573475294,-63.3826846628802,-52.879631820648086
20231017,-49.21077890779181,-60.10405811433899,-69.24552854131665,-63.42176387858113,-54.99540906590845
20231018,-54.14064916961685,-61.55853466832994,-68.76777135000845,-63.4141038206912,-57.33493586404619
20231019,-58.5120354963253,-62.99357469366375,-68.47191452852117,-64.05699072987349,-59.2915678068822
20231020,-62.106752692964015,-64.35573755577823,-68.28566269883044,-64.24246639970279,-60.92869755200726
20231023,-66.26171671316973,-65.40225821327952,-68.08594376605927,-64.5424587633804,-63.294253728897004
20231024,-69.69877221454102,-66.27032480806906,-67.93141490324483,-64.26015727175451,-65.23537930215389
20231025,-73.51206378113079,-67.52413453421012,-68.01535830876797,-64.93750077620724,-66.80772311259493
20231026,-77.17038733626822,-67.07160388291399,-66.63311723449993,-64.92682180073834,-69.07355665087671
20231027,-80.36019400389044,-68.1593309248966,-66.16341937636616,-65.65264870857465,-71.29165101338886
20231030,-82.05887740398461,-69.2416813484836,-65.94586792131864,-66.8436786417973,-72.5829252828617
20231031,-82.39647125749067,-69.87162389106429,-65.24433279820931,-67.72238813848129,-71.5756927835459
20231101,-82.5599159840456,-70.2936940683584,-64.61801564562518,-68.48302245179129,-70.76272563528175
20231102,-82.59037815815012,-70.43302672228097,-63.63761223718225,-69.53426587439284,-69.63964283010613
20231103,-82.35965516321563,-70.72134543963203,-63.25721828052658,-70.72820294072112,-68.59357282168824
20231106,-85.03579875369572,-72.58250093162056,-65.30853926025453,-71.95229797617178,-69.2454093019714
20231107,-89.46775862882488,-75.59302606625043,-67.38252381242062,-73.2929898787713,-70.34499637361478
20231108,-93.2876329716175,-77.83480968013458,-68.98170308441553,-74.35509087905356,-72.05397250614656
20231109,-96.2084377508137,-79.70146945354412,-69.88160250998251,-75.95537131774049,-73.41759480481181
20231110,-96.15304008330781,-82.17401766625677,-70.72535800585472,-78.70540614611632,-71.48480818527345
20231113,-95.99325340051473,-84.19990442053584,-71.45408190378315,-80.27997968267515,-69.89551820479707
20231114,-95.72475319113309,-85.24885917945933,-71.67285430831808,-81.03460565777846,-68.4126017681926
20231115,-95.2628991247177,-85.68747053156856,-71.29826072617043,-81.47279195599995,-67.39325120453306
20231116,-94.76620140662295,-85.97399370188857,-70.97914267099137,-81.5685940805864,-66.6065608962237
20231117,-92.53519871775549,-85.91073760927175,-70.716970396546,-82.56545712583039,-64.87919656427208
20231120,-90.40918007418502,-86.34642370422357,-70.58397466324418,-83.25889705290281,-63.49899818396059
20231121,-88.66977125407551,-87.12419724100634,-70.76757670110447,-85.7834158348326,-62.355629889196926
20231122,-87.15099339176713,-87.96843543959076,-45.05590334029624,-87.4041451109188,-61.28349628377003
20231123,-85.61496865143704,-90.49096780025019,-51.05343190482373,-88.49290446683796,-60.40534544738438
20231124,-84.39433475639154,-92.25989276859607,-55.46122707030564,-89.50425955289154,-59.606802502365944
20231127,-83.36734695690082,-93.75792753178895,-58.91572494584905,-90.11276852257019,-58.74619542303338
20231128,-83.39354107376424,-95.90238520975646,-62.79105858225043,-90.64943171803583,-59.21511811159476
20231129,-83.72915296713514,-97.49271769883684,-65.26777776119701,-90.87167587937726,-59.60883172181749
20231130,-84.3848441153121,-99.79561620225887,-68.32408002397855,-90.53173731434137,-60.40158054009796
20231201,-84.70114581263809,-99.92363147828887,-69.93384339774714,-88.92974073557278,-60.326356040580485
20231204,-86.85588536463968,-100.09750714569103,-71.22217695749303,-87.56199004465066,-60.66476924767062
20231205,-88.53759701630678,-100.39722548200166,-71.98005788046653,-86.72571183431411,-61.113703362391945
20231206,-89.82448100084721,-100.78480774663485,-71.80168355660905,-85.04610412686716,-61.25477247977068
20231207,-90.86907213482974,-101.06657175758227,-71.87961323118768,-83.7803868063466,-61.27736981762437
20231208,-92.82864355744361,-66.15442248330511,-71.63841739367983,-81.55347702569085,-63.14049615421425
20231211,-94.89610438370893,-37.57965101539673,-71.39396116270173,-80.06620837276694,-64.74951047069545
20231212,-95.23460788008377,-13.316963047756051,-71.69400471833455,-79.0844754180603,-66.02022750331817
20231213,-96.28421441633101,-28.206302304788093,-72.52289586613884,-78.23381711148551,-67.09881698935118
20231214,-96.41582511853802,-40.38656718657604,-73.17243451619012,-77.7128798052232,-67.58288432465432
20231215,-98.32205365042813,-51.26376917148589,-73.90084235754875,-77.76725745827436,-69.81370162998277
20231218,-100.25404174556466,-24.055364228908477,-46.991776788595615,-77.98659782386996,-71.04163559726378
20231219,-102.86713959546145,-1.741055820977957,-24.97083460799171,-78.18833962509397,-72.04072764415287
20231220,-105.04488357747154,17.159586018478993,-5.958210187248747,-78.99545335169407,-73.17991826044488
20231221,-107.25071786364013,33.461176664297575,9.920713554065673,-80.27602132503229,-73.49468676086383
20231222,-108.88741539427471,46.65745868837491,23.249061969512923,-81.34572838133843,-73.58254224981708
20231225,-111.35532076502214,57.57869295350828,34.53115976626032,-82.34259568059421,-74.59930231628165
20231226,-113.3804663433091,66.46761625965372,43.55510973736407,-83.5133069054945,-75.45972353923943
20231227,-114.38802467280158,72.87720564380999,50.97810815088032,-84.16530846993672,-74.6910940496923
20231228,-115.2269742126409,78.61262969771504,57.47434034767694,-85.64310869734264,-74.05260973364294
20231229,-116.69589896670837,83.51648736929748,62.75625953106276,-87.50027281799571,-74.83739243865
20240102,-115.44553821793959,87.39532717737967,67.13235653322886,-88.8280388769289,-73.48870258023605
20240103,-114.45368404444586,89.96789844183851,70.53872487840813,-89.83239994476594,-72.5840285445045
20240104,-114.03418239770437,92.46418893340262,75.35719714066815,-92.54368295288937,-71.97964875566034
20240105,-112.45564864925143,56.65990850437339,44.14138341373193,-94.78257209532896,-70.80414895548563
20240108,-111.19657713040112,23.41823421078592,16.3286386400233,-101.84359577533728,-70.15788627320887
20240109,-110.08372350102817,-3.064779400184443,-6.161975995030093,-105.89434269657512,-69.7355508881349
20240110,-112.70109037340377,-22.278665124716333,11.614748135158836,-108.68978181677817,-70.01789303677205
20240111,-114.80278817534132,-40.33173143234187,27.930637748448138,-113.05319828514058,-70.25911870543575
20240112,-115.9776090039212,-55.115600324756834,4.847782834222007,-116.50540687724568,-70.70844015496579
20240115,-116.96659407146896,-67.19763898138368,-13.831508944441469,-117.59247082567708,-70.54147759920896
20240116,-117.29299306346321,-77.50015247722355,-29.29045204759216,-118.48444508451969,-70.69752989030574
20240117,-117.67111389759592,-84.51958869643907,-41.245846185742224,-118.9292482683532,-70.929754365089
20240118,-117.92790877595213,-89.41183740759459,-50.25371114693918,-118.47047751285197,-71.10906065097645
20240119,-117.83275151046814,-91.74405321352741,-57.10231108884287,-118.13685802224614,-72.18015284367601
20240122,-117.74176106341903,-93.94680430423183,-62.69158221271289,-115.75614784089504,-73.23642967719252
20240123,-118.25404360952234,-95.6799037091544,-67.06732273050501,-113.03194122461353,-74.1851455476331
20240124,-117.5056560058055,-96.77709197970394,-70.56387276153846,-110.18606287375312,-74.46521360413067
20240125,-117.99519066832961,-98.51615346273057,-73.83932896626928,-107.69572510053214,-77.6001399086367
20240126,-117.88504197904182,-99.86593305908839,-76.78339395297441,-105.43907420246998,-80.57414998941796
20240129,-117.12624352593275,-99.4659276597177,-79.64932374211365,-103.88142230898018,-82.52022357882866
20240130,-118.06237414494133,-96.94303244811954,-79.30675611469857,-100.97301990888295,-86.59000889394098
20240131,-115.72402669372025,-95.26916289583096,-79.48878045154252,-98.7227175071297,-89.14140571696258
20240201,-112.707966297001,-93.94056833094966,-79.6263728093432,-96.61391549486588,-89.33772442904478
20240202,-110.73296254272981,-92.63969684894563,-79.55531716860904,-94.79851700449905,-91.00382599152603
20240205,-109.87764093445898,-91.57672970131777,-79.5136814405315,-93.45815394688117,-92.58182495358483
20240206,-109.09907465223402,-90.91390858660034,-79.42288931903188,-92.81140769964763,-93.97927330642761
20240207,-108.42282446904203,-91.80045752123355,-81.01716739390871,-92.31144959335914,-94.09699294760348
20240208,-107.26033214024234,-91.9101554180593,-81.65842402135823,-91.32674873531117,-93.21953806904584
20240219,-106.940208820327,-91.48907855742608,-82.4017456183152,-90.54988685674736,-92.38148189472857
20240220,-106.5685249473301,-91.11483159552537,-82.94137642613086,-90.51948106155628,-92.63390672875802
20240221,-106.09235036378573,-90.81405812508905,-83.56434149898908,-90.49098112903775,-92.60937613303658
20240222,-106.032917811016,-91.1256359249126,-84.45843927221657,-90.10318252657302,-92.79513710508829
20240223,-106.2765071292323,-91.77271024764995,-85.87287749845655,-90.03661128893071,-93.03219614428359
20240226,-106.53522032002796,-93.78931522182403,-88.03612927055042,-90.08084705479499,-93.27030977499773
20240227,-105.60940046821464,-94.30893062527053,-89.1947499673035,-90.00108467441731,-92.93664013665135
20240228,-104.83590784243042,-94.89630044066993,-90.15640954422676,-90.63008609493913,-92.69372052441396
20240229,-104.59687241892073,-95.28501840035591,-90.71652942471793,-91.6770966362397,-92.96823829240226
20240301,-102.51868087499405,-94.95486330151353,-90.78379389274633,-92.6774629560415,-91.98673606919208
20240304,-100.71491938816271,-94.87895805350158,-90.7434658924387,-93.70020560790313,-91.00253311279138
20240305,-101.0920707087142,-97.85530352915879,-91.97422108677125,-96.23686850886689,-92.35673856983992
20240306,-101.41001304993918,-106.8546456299241,-97.65717011822517,-101.13350522849564,-93.48229710026135
20240307,-102.76225479805184,-114.1666340184144,-103.58676290496336,-105.12676652848067,-94.57656297053455
20240308,-66.97303251139436,-117.02597329225375,-62.355777362412915,-107.5971818143037,-94.53849830556527
20240311,-37.09815689505782,-120.61840101830028,-27.94124248626417,-108.84723005320106,-95.02649859064205
20240312,-12.54522307773248,-123.68611893589565,0.13224797213410974,-109.51083853791422,-94.85995718451531
20240313,7.4103068019008065,-126.27668053237018,23.193085565375718,-110.02162456912778,-94.10350595587005
20240314,23.72664174787119,-128.77371585203076,38.31353412305693,-111.87884626031611,-95.47141266938091
20240315,37.089644925536334,-131.17486409507234,50.277304931138694,-113.95736616226297,-97.06366275387303
20240318,47.652141546163506,-133.62390389201582,60.08273187104368,-115.63620268494745,-98.08146375301247
20240319,56.62340648845044,-135.04727640801266,68.1133073297014,-116.81476987715801,-97.93598844647164
20240320,64.53294944316518,-135.88589681348628,73.41813259602806,-117.27316745811524,-61.16399325526373
20240321,70.70159032542557,-136.58818398341916,77.21243837020633,-118.02543114538031,-31.826265445718345
20240322,73.3008403359384,-136.5949725807458,80.7858506577524,-119.49010105564173,-10.144947519035894
20240325,73.98154829176349,-138.04360614260173,83.91065229410155,-121.93696914310203,5.491818821229495
20240326,74.7626687233479,-138.90665229533897,85.11576821952731,-122.63393813193099,18.38495526094941
20240327,75.5108262459821,-136.84173790116748,84.63741526811906,-120.5521541595205,28.993466299145297
20240328,75.81284072787102,-135.5746404890971,84.30065617477955,-118.58726800006161,36.90198326686349
20240329,76.68083942745041,-133.76202415266343,84.01185558051284,-116.84235565883196,43.751190572194155
20240401,77.88413401609684,-132.12440498684379,83.82984110591386,-115.5295733068621,49.39662751536982
20240402,78.50123819687724,-130.66354857206642,83.44218541161813,-114.30969956490297,53.87298265917665
20240403,78.84257868232143,-129.34115072641615,81.57137757326755,-114.26320979123963,57.542949124835594
20240408,79.0318775058246,-124.72038556985426,77.29915517764354,-113.64566395743138,60.400276845342695
20240409,81.32874920118726,-122.67782042731783,73.94004362511347,-114.24182091845634,63.805277023187934
20240410,83.29766020464606,-121.20945171323747,71.2776247948301,-115.81895463463611,66.64339156546208
20240411,84.5072771639965,-120.45110715002616,69.15262116878647,-117.32429227850112,69.60327420383001
20240412,85.11371954619688,-119.08532027612834,46.03054716511174,-117.53317621265865,72.25427261786706
20240415,86.01864198929135,-118.49182533378126,26.524215391810543,-118.59517928056906,73.60172536877675
20240416,86.73921052158835,-117.74220570496163,10.588379873101964,-118.80514718770779,74.06584826255487
20240417,85.13570592002493,-116.62772574682337,-2.136770599070568,-118.96041566243208,49.64986853928426
20240418,83.6587241003884,-115.5958362977418,-12.605464597003678,-119.00211684654393,29.25978534847283
20240419,82.5394011990291,-73.96136585643714,1.1793673545758718,-73.66493654085512,12.839374464079503
20240422,82.48533072796,-40.07520567734297,12.498897184509325,-36.889750887809086,-0.9641581299428704
20240423,83.37603762332022,-14.238490419572631,21.46441285701029,-15.3350728034711,-12.492294709789261
20240424,85.36518612410485,6.674753057170626,28.93181140538783,2.3376419809237596,-22.752580457330218
20240425,86.79702331584068,23.09943107149198,34.55775523129397,16.474871834512207,-31.12924107682844
20240426,87.95959123164815,36.93577725750016,39.14695862789687,28.515274709201282,-37.984341821997134
20240429,89.2071154330437,48.191616434056556,42.86149475213025,38.2378212161914,-44.147972866039545
20240430,90.52745025939878,58.428089042998046,24.105475413657416,46.234127223785116,-49.32545904564802
20240506,90.18238987726153,66.8489151286372,8.561484115662267,52.42346856214808,-53.02475869793188
20240507,87.85772514401731,72.63497908416961,17.633383946507653,56.92977625099719,-31.515758349962734
20240508,86.23060331035866,78.01640585601288,26.626333638497403,60.80393674914604,-14.00979354498381
20240509,84.70527281972838,84.1695916040561,36.621242446575636,63.98453208107085,0.27478664705783357
20240510,82.86730783017605,87.70745007551218,44.89647288329154,66.38611580973188,11.669287771763296
20240513,81.37389768241113,88.40555607772211,50.14023697629459,67.24358782260232,20.972323137867285
20240514,80.33601242101078,88.95676612019312,54.35784167347264,68.0490985346032,28.692563223544816
20240515,79.57434429808221,89.6767767866347,58.02026185485052,68.78747564212709,35.00469444277964
20240516,78.9209560469586,90.21526054920629,61.19246253759995,69.22616940468387,40.41943616813178
20240517,78.2832567334369,89.58326109364856,62.747236915880634,69.74037351697565,20.97790516086565
20240520,80.53107401189824,89.72074779864802,64.7369740622074,70.35680442397025,0.7098527519862903
20240521,82.43729612675267,89.83338956929026,66.36909928988365,70.88768817771434,-15.653235049606376
20240522,83.8826566790126,90.52365873239961,67.94137575507519,71.38439492061546,2.0091415270460105
20240523,85.26716467024836,90.87660864020964,69.11029932922413,71.56725253856051,16.62287236073723
20240524,85.87325385183661,91.82809412941599,70.3266446660813,74.70531000568175,28.39419119815323
20240527,86.49918713979923,92.52066928841006,71.46294905198847,76.8778594120062,38.07023485220996
20240528,86.88737903050253,92.99103179588819,73.25474775305331,79.57768326619768,45.83178757126718
20240529,86.3587419261849,93.43298354179406,74.76104204122214,81.44763162451754,23.704998322805807
20240530,85.73292668277523,92.56997903155674,75.27782107765402,80.77744445255203,5.515364315474049
20240531,85.28923764333044,91.59315872451404,75.31693706951751,80.16375612822287,-9.399042296203392
20240603,85.73603139191722,88.42390257950171,49.87357870826772,78.23470842617265,-22.008486366681336
20240604,91.91342800476345,86.15502728551469,28.549754923232346,77.0644700977594,-34.8817319725069
20240605,96.5468524128643,84.27903342335001,11.020196941953483,76.12008899114863,-45.0568786901112
20240606,100.31152380413376,82.6662020588098,-3.2040537061066083,75.37905729454114,-53.4127873897959
20240607,104.7509023092351,82.0301618679826,-15.356360265711334,74.9048257673314,-60.52809499367657
20240611,109.41153595960787,52.77459940710954,-24.72141791640378,75.9254345587148,-32.35947820108916
20240612,113.44397423738859,29.045825709101127,-32.04853516436285,76.84296621686904,-43.58612439000808
20240613,114.5199367159766,9.602490845043567,-38.05341318238089,77.29081296061362,-50.46774887368779
20240614,114.11621634713208,-6.293015889449435,-43.10342232639996,77.7227653440831,-55.361431548543315
20240617,113.60630244457144,-20.055463270596345,-47.292418563151436,77.96509502569101,-58.73629627295327
20240618,112.78491750315504,-31.047470816910764,-50.4840662461888,78.04513652491832,-61.400064804690764
20240619,111.87662865768846,-39.81157919033803,-52.895812556393594,78.01136808919716,-63.57024254722386
20240620,112.45807961035085,-47.01880511141779,-54.86756647963331,78.24983907855484,-68.19627976041009
20240621,112.39319398775817,-24.120097103563648,-56.502845193089016,78.18072723456336,-71.88116210330836
20240624,112.1388017799541,-5.3735174844064035,-57.840834678725884,77.79837016912899,-74.59192895670368
20240625,111.70766932774616,9.770916739523816,-58.87932145400246,77.37185526632537,-76.74590831944212
20240626,111.41329821433244,23.19849977962541,-60.32890964191258,77.5534577185698,-78.19186098981622
20240627,112.0530508052042,34.359048742121075,-61.67532085951143,78.607078247697,-79.60122685579383
20240628,112.66681352751901,43.73064592937114,-62.859414529128756,80.63907400012455,-80.63714033473163
20240701,113.4091176125719,51.943290440850966,-39.37754742616118,82.304461217126,-81.26946274163387
20240702,114.55171854167817,60.299783960182694,-18.683985008260777,82.45570914793555,-50.74422670224855
20240703,115.78507840059234,67.23405202677694,-1.7523061268769555,82.85001064693273,-25.47571866546334
20240704,114.38546391081984,72.98216106314403,12.226445996555821,83.18132744878365,-35.66917209416728
20240705,112.69301645521975,78.39880077248941,24.02913004530332,83.35366545816149,-43.65644611042395
20240708,111.17081126453196,83.01158753325132,33.686586265024935,83.48958795370291,-50.26067645537334
20240709,108.99977536485859,87.52225677064483,42.69594940443338,82.87362951887367,-54.394424082070735
20240710,107.17666721704181,54.33317700250634,49.60483880068644,54.94162076477522,-57.63198573771363
20240711,106.55673895328304,27.21909278975167,55.22047667506391,31.76458416344188,-61.79762740519064
20240712,107.47715705546986,5.357304155755585,59.206618939701,13.016273190788695,-66.08801401835007
20240715,68.07795785120575,-13.23151664809395,63.73826817208771,-3.199019208707432,-69.90730006153255
20240716,35.60928618753377,-28.92413308039335,67.45271035358819,-16.463473503905018,-71.69955942832597
20240717,9.699989502458207,-42.31629574361697,70.75708463387532,-27.441956554877,-72.9660465578781
20240718,-11.565853408148696,-52.8270683768212,73.43670631522136,-10.108277372345439,-73.99880947521723
20240719,-28.251426188298947,-61.67102860455696,75.57069690852664,4.459502628886513,-73.910814122755
20240722,-41.83839995173762,-68.23241898373367,76.93466513053701,-9.113857707664584,-73.86947914315554
20240723,-53.16033018553079,-74.0822640952302,78.00025374219115,-20.57979403778275,-73.12316047110413
20240724,-62.379527754991884,-78.41278540064178,77.93814997736875,-29.812312491927504,-72.34550774153689
20240725,-69.98659893446407,-82.00431599335228,78.02989968467604,-37.3586722134131,-71.58781834841668
20240726,-75.97625244213593,-84.57608332893335,77.70830212742882,-43.110413040721966,-70.23656459119407
20240729,-79.76276011204892,-86.19159875076527,48.080915877338114,-47.593457239434066,-69.14967527839629
20240730,-83.56268993765923,-89.47768322801822,23.02271609619165,-52.1212984214376,-68.35358619646
20240731,-86.40997123509364,-92.02356603447227,2.731131447175318,-55.8141783640384,-67.55110452910081
20240801,-90.40055213569144,-93.82658639518426,-13.89965727780622,-58.636487668506504,-67.4781588932217
20240802,-94.39779695106424,-94.09098288758645,2.8368985015281067,-60.826520891248286,-67.68119651541126
20240805,-97.55261139059067,-94.04376604154673,16.18360196649363,-62.612184206931445,-67.68593482348759
20240806,-100.97569243971002,-93.08293318764882,0.7953803753668576,-63.31529047834763,-67.82497633317685
20240807,-103.22888295786159,-94.77473701181826,-12.479544191108669,-65.26249562181673,-67.68245626495964
20240808,-105.48059896836128,-96.07105366905104,-23.335845508206454,-66.75646135357037,-67.55346198219821
20240809,-107.38024580226644,-97.05254967805786,-32.068732588496445,-67.75949358798508,-67.36416578194512
20240812,-111.16053283377698,-97.94120348729406,-39.27824567272632,-68.58013375633726,-67.75678786365383
20240813,-107.96430885815313,-96.84093082621061,-45.01758173947186,-68.29506407523539,-67.22986322511457
20240814,-106.03063891547303,-95.97495219395279,-49.8540916848561,-67.90437631111914,-67.04134824202676
20240815,-103.32397222662584,-95.28109976994224,-53.63842373543859,-69.3794207749773,-66.06345845763788
20240816,-102.12472257209588,-94.70885110180478,-56.81624119272018,-70.66136928406543,-66.17105583255922
20240819,-101.57470569380888,-94.77007711685675,-59.47621799356765,-71.89317356434931,-66.18322095853328
20240820,-100.331436057034,-94.70945128758893,-35.72559962197865,-72.9577158742236,-66.17672983719152
20240821,-99.00639728796567,-94.87369828938401,-15.627327877815203,-73.37011579311813,-65.91356929267411
20240822,-97.9221300908942,-95.0097878465011,0.3724538899563395,-73.70806357872043,-65.78629496260615
20240823,-97.5155445333053,-96.05470672647625,13.955644567526418,-75.26405276321633,-66.81174567964251
20240826,-97.32007490240686,-95.6235252924612,23.330960828718084,-74.7075994992919,-66.7043826739086
20240827,-96.65932253922666,-95.22706636640766,31.027910192193705,-74.94348902435881,-66.51999340408435
20240828,-95.78599877425495,-94.90281125054763,37.406318135160525,-75.14436319196251,-66.42862268295015
20240829,-95.126060138936,-95.04359600029733,42.61119210513107,-75.75932905567267,-66.2517389042043
20240830,-94.20123306283337,-94.89327813724681,47.69447926170908,-48.430629189582525,-66.02569111021667
20240902,-93.59765530677711,-94.1878133943928,51.587172504369654,-52.2780064085325,-66.02172989929547
20240903,-92.72020268267968,-94.56175034136395,57.1176538339094,-32.944416788044634,-44.91659641697372
20240904,-92.29699222142598,-93.79295232556156,60.928987526378,-17.247096064518878,-27.4868210491466
20240905,-91.2804735302242,-93.12738734041467,64.00234031745889,-4.40447394635677,-13.957046930603864
20240906,-89.96880705397783,-92.6963052846128,67.18447414823054,6.199894198054046,-2.8911109346873207
20240909,-88.72036708871902,-92.43704415858329,69.81808771449046,14.885924980186985,6.125132957412927
20240910,-91.64107405369273,-94.62304875012757,72.82238665730969,22.620682067713176,14.082472101720278
20240911,-94.3323018779996,-96.75073947917188,75.34420122394283,29.17836372752169,20.652397710091694
20240912,-97.02263051734904,-98.24952811442444,77.32086992169553,34.53824572632374,26.094391647925587
20240913,-99.27274157839989,-99.61002188568325,78.6797777638147,38.966618618189,30.7609057104753
20240918,-99.89224856603387,-99.00221856158909,78.82408379377262,42.394086419448335,34.61195036331871
20240919,-97.72537053910604,-98.41492230736642,77.78030735352569,45.215937674721715,37.335025735809914
20240920,-95.99652604265798,-97.92702454284546,76.92923687064763,47.53028340343883,39.55003188384864
20240923,-94.6808655634909,-97.53156311659153,76.54699372239715,49.35932717116041,41.439826180494684
20240924,-93.27174891503019,-97.0131811480532,76.24325246684732,50.89942613812702,43.03465043879702
20240925,-91.2617738615593,-97.65192345033118,78.0481445429174,52.48725395196686,43.99873391158481
20240926,-88.81921594770643,-62.292698401390936,78.95060081697936,53.56135426302545,44.45656079289553
20240927,-86.65540249389447,-33.42913703639283,79.79818435036721,54.45220159422032,44.741927920996936
20240930,-84.269844096921,-9.814467418120874,80.38802396320877,55.240638416560465,44.92975075714056
20241008,-79.85369889516694,10.354550396686887,80.19581487930456,56.07205432853714,43.93763469492598
20241009,-76.23679597567451,29.055228089022062,81.1472004829088,57.639074693534745,43.099898386113786
20241010,-73.45985628434062,46.369735961383206,82.01707247470272,68.07800177006234,43.556561095216416
20241011,-71.05773005695585,64.14356135711601,83.57119940816683,78.18395778926195,43.83207045251754
20241014,-69.29308266824819,78.11385763248128,84.94342636002891,84.3553522358882,44.953990447870936
20241015,-68.12460992418012,87.68634183731938,84.79905085023327,89.08753917899197,45.90539839041615
20241016,-67.18759925688695,94.07584744731429,84.13439110634712,91.97357901898674,46.657511631797796
20241017,-66.44064606584534,98.74888695447844,83.78220694601974,93.25603673252898,47.483396172264335
20241018,-65.73086656496531,102.57965463089539,83.27722820528678,94.51844909204738,48.44774501084291
20241021,-65.1537205378134,105.9537438881744,83.25778210448367,91.64744709997161,31.312213780052073
20241022,-64.77808548093373,108.74258545426568,83.66181576025188,89.14359625345989,17.288208788117863
20241023,-65.08630322704862,111.09563392920826,83.78135725487144,86.7265307590316,6.120144433250541
20241024,-66.04346505735951,113.03107997944741,85.15042293035523,84.71572730662099,-3.1047878756186718
20241025,-66.64987447427299,114.56092581424866,86.29186097142703,83.06083306516513,-10.634257695403159
20241028,-66.84696085502246,114.45823774942875,86.89182395275421,81.67128558489718,-16.755216516324108
20241029,-67.2523178296449,114.27106580697297,87.28019430315508,80.46122838795424,-22.01432427783801
20241030,-67.95726186241055,114.10923579702133,87.73444550568807,79.48434457116376,-26.413801193308732
20241031,-69.3902057980809,115.51336768220632,88.54650240418141,79.49341923900981,-12.534786738249494
20241101,-70.53180131821196,115.43102497154251,88.5446030624701,77.55141041130271,-1.1953634519107195
20241104,-72.35742088342599,115.08464758294052,89.00846745686991,75.83214497302829,8.313491522075877
20241105,-80.29809844561807,114.1954266414414,89.26818794529788,73.77246073229512,17.70803364966224
20241106,-86.07971381150278,113.3946051993537,89.8671809174775,72.08902882080119,25.238567425337443
20241107,-87.88297105889369,111.934129537389,89.72411143131663,70.88123595559951,30.16800151743941
20241108,-89.96254563563744,110.78098672354537,89.63720380658623,68.49812251488392,34.017431282127134
20241111,-89.62311944216549,110.21023505103014,89.60218060828899,66.73773314516161,36.62269670655573
20241112,-89.35172041936076,107.22009604131657,90.65180711381895,64.30801817481877,38.67841419739319
20241113,-89.18056403275602,74.65899929634365,87.26964448612506,62.14853788966882,40.38698803027369
20241114,-89.80115628233118,47.90374206941156,84.54380287292238,60.48979961010709,42.00986159443482
20241115,-87.7057954334441,26.049101904493927,82.25656478524692,59.23082883329747,42.77693828650999
20241118,-86.00288010945829,8.715844913227722,79.29915943390851,58.9571137289928,44.640841543349026
20241119,-84.56935330340919,-5.126672845479823,77.00043777311286,58.79383916848952,46.20442348319222
20241120,-83.38825063155878,-17.209941355497953,75.77406028411319,59.310594242787786,47.75394245602178
20241121,-82.41847261543805,-26.963843219264966,72.5238059179764,59.55414830964349,29.317124727739966
20241122,-81.12024306211885,-35.01076474432987,69.86506313000376,59.406599407617605,14.593713593930032
20241125,-80.21973539721411,-41.378524884905,67.57164675943616,59.25255384824846,2.5837541926250616
20241126,-79.6035420413748,-46.615695558072034,65.7007701854575,38.22602707031229,-7.1978034491062335
20241127,-79.10442692681839,-50.60271423594063,64.15845299012408,21.194398849534718,-15.229726488220944
20241128,-78.80599181939388,-53.88708334115249,62.93559753005291,7.261411458611483,-21.839534539274947
20241129,-78.77105668510927,-56.287816314131355,61.602078898320315,-5.464067190785088,-27.23398072811429
20241202,-78.7866916958198,-58.18741930697975,60.513304780991014,-15.714450015718802,-31.66407160659566
20241203,-78.82512638824726,-59.71771385518218,59.52507912101843,-24.462451953053016,-35.31854300983565
20241204,-78.44872218615225,-61.11542600635907,58.613674492692375,-30.84207234808623,-38.10824654497402
20241205,-79.35748481946028,-62.736113990693816,58.09319356110408,-35.95767528146274,-41.755001637827846
20241206,-80.24240588973781,-64.122480076898,57.849421526384965,-41.69334475909512,-45.17058043373603
20241209,-83.16671224182028,-65.24919851770579,57.739472765404855,-46.35885577537149,-49.17687295922881
20241210,-85.69153759240618,-66.73805154848492,37.3500637495152,-51.537147011448624,-52.41336853165125
20241211,-87.83174322272262,-70.26916735244518,19.543088686507403,-55.089258796305316,-55.10119711878435
20241212,-89.58956191883328,-72.77311142441097,5.024986055224515,-57.71398539790838,-57.333338719188795
20241213,-95.40749883604802,-74.82170308739175,-7.159567936996864,-59.84577457561708,-61.01612193118401
20241216,-100.07276421806323,-77.61874426501883,-17.570246204876685,-60.92905340522889,-64.64701112523431
20241217,-103.64275450394283,-81.03851686686622,-25.988250928510116,-61.95741453963818,-67.53561399080289
20241218,-105.2025797079581,-79.82511850743418,-32.39386698249787,-61.802477905580176,-69.72631008827375
20241219,-106.24314435482913,-78.36585132756504,-38.46960667443237,-61.87331488558478,-71.16206896227371
20241220,-104.51638432731387,-76.59570405403822,-43.439636255168146,-60.82871298992339,-70.92550479660747
20241223,-103.68191661691121,-75.44454769636329,-47.766371141689895,-59.92068659793313,-70.89071229122018
20241224,-103.06099032620311,-74.37968757942308,-51.32779309743603,-59.811169701945644,-71.07531587989621
20241225,-102.1484930802931,-73.84133506904426,-54.4566144305608,-59.82144065795857,-70.82928190681099
20241226,-100.85766034932229,-73.4080412011283,-57.007045215669955,-59.86979592914338,-70.64008308742669
20241227,-99.79217082962448,-73.90881589500769,-60.93218510162754,-59.900571334581095,-70.5061248294852
20241230,-98.80315373702803,-74.67610617802764,-64.225196963477,-38.069133320371925,-44.850703393533415
20241231,-98.0892395506203,-75.39807126875463,-68.91429880414928,-20.295532015234397,-23.88388915740695
20250102,-98.70457583833067,-75.98835175892431,-71.95115145522156,-4.866664248444106,-5.2907035418870185
20250103,-100.22652173948198,-76.11339203087448,-73.96350307062575,7.555039248513144,9.350349982484525
20250106,-101.458320488184,-76.16531384265296,-75.60977502854129,17.830696728303835,21.460759949893628
20250107,-101.09503768072067,-76.19546757209467,-74.61136235256953,26.19288522335231,29.912831706529555
20250108,-100.82624166563832,-76.27730089088678,-74.56752226635457,32.98851131275308,36.74311899782885
20250109,-100.3669778692512,-77.7823293301367,-74.0915322002003,39.521960217607536,42.33152549896964
20250110,-98.86557643817167,-78.41739440438077,-73.37604493268188,44.82232034584157,22.394212305163844
20250113,-66.6933363124093,-77.7441003728083,-71.56143401994443,25.082773755717792,28.970739986447292
20250114,-40.37921331148968,-77.12082200881818,-70.16964744722303,8.459350017051225,34.52680028442885
20250115,-18.241934137564073,-76.56766080894549,-68.53553821925894,-5.143707922862172,38.90538674163521
20250116,1.0293483178357077,-79.2208945677048,-67.37619576381158,-15.289626489257332,42.763165558297544
20250117,-15.10030819590122,-83.20614425344245,-67.2698067057084,-23.642785866324274,46.02516720455019
20250120,-29.502616870951638,-87.2948235475908,-67.13772772520629,-32.909652525548815,49.82836846493281
20250121,-41.36349632531201,-90.2512868600245,-67.12401368311095,-40.40451607919424,28.380572627165957
20250122,-50.92750755469114,-92.50740287479927,-67.04068035628258,-46.601562461514945,10.871593574230904
20250123,-58.6106401490185,-93.62313438179086,-66.94240891814333,-51.639422175999265,21.443093329011276
20250124,-64.99289982091796,-94.54353587337525,-66.8930764068475,-55.63676880168602,29.921822346393107
20250127,-36.4520476339725,-94.05614722687046,-66.07408387449728,-58.469805862275514,36.53670917186016
20250205,-16.409598143764654,-92.62172885594866,-64.9727684511661,-60.55935566687545,40.35834101103654
20250206,-0.39138498243938447,-90.85924047164107,-64.05821718255017,-62.3787848360231,42.878671258501996
20250207,12.73673680445525,-60.212345216936,-63.42206973560683,-64.14347150585122,44.943275696790685
20250210,23.743334080563102,-34.84668388495332,-62.89143919390486,-65.83526878028911,47.08067686296581
20250211,32.72672504620134,-13.90869576364722,-62.41908946104055,-67.38985988764753,48.84021579176644
20250212,40.29239751773314,3.0816665342237317,-62.71611718585301,-68.38225595925695,51.47076646550028
20250213,46.42230721280345,-11.119239415276786,-62.48476799743112,-68.58680683744572,53.582959168475334
20250214,51.76803076791871,-23.076542167304115,-62.968606706614125,-68.483630243994,55.23354053443128
20250217,55.92056855640981,-32.57927739271026,-63.43941303511956,-68.37720956136928,56.12734262636664
20250218,61.2066224588228,-41.282005851014574,-64.66685130025745,-69.41336093631746,58.24003892202305
20250219,65.07053062327742,-48.35317907952298,-65.21676082984715,-69.94504880308548,59.390335681372825
20250220,68.16361953660626,-54.28657772654377,-66.86520935645969,-70.22603941728015,60.687132810874935
20250221,70.81131478333239,-60.091976823769286,-69.17621047558914,-39.128991323893715,61.95929098024327
20250224,72.33242886705648,-64.83023340321219,-70.26317776950073,-13.719884206936912,62.635022757237614
20250225,73.81115354251533,-68.85067766567589,-70.89846210245844,6.58156607358845,63.27995320494736
20250226,75.11502297209582,-72.29668915506153,-71.42864751755116,23.260477877922796,63.70085898551917
20250227,75.50681260400235,-75.24728653510468,-71.48485927812705,36.37646164359338,63.81604225676937
20250228,75.83561951531394,-78.39828067836706,-72.19731362010532,12.06090514458633,63.70924891760294
20250303,75.04601790424897,-80.99673220271418,-72.28016120850214,-7.87360518196199,63.05624208501457
20250304,74.21755964437094,-83.56332804786365,-71.51014314965767,-24.04616479987959,62.12336075715575
20250305,74.27948855360135,-86.6040077961635,-71.35272171624932,-37.08996416861396,61.46413923303963
20250306,74.481217171201,-89.52898304715801,-70.86415015686374,-47.512774946974446,61.51707485537179
20250307,74.64678543838944,-51.659498138075,-70.85562378567836,-21.802556575917972,61.554372499713494
20250310,74.19809989457548,-20.03879479657757,-45.057267348280604,-5.493686080966691,58.802035626689374
20250311,72.61696770998893,3.581618733948031,-24.051460993226385,7.056518973940236,56.25766513743139
20250312,71.61292862681752,22.95074159666713,-6.98202156027761,17.465171129067393,54.121918667298374
20250313,70.5522005578096,38.981557823818406,7.7987458793236994,26.62450686638922,52.34141748435095
20250314,69.82761594760656,51.73994009929654,20.272941840551816,34.33105312442101,50.907541586788646
20250317,69.44874290005339,63.68261147759734,30.05766539887681,40.92733867807327,49.82402113756657
20250318,69.1307775929555,73.41229945953955,37.91283110653273,46.55187884004827,48.9778955514125
20250319,69.20969443871425,81.29209743808612,44.777972478328536,51.22338108540214,48.52584898031477
20250320,68.91723680342454,87.77058996045795,49.94022096851552,55.129070577375245,47.76172037656151
20250321,68.72834388598172,93.03822191284817,54.10541799547045,58.33366242170255,47.13890249841609
20250324,68.81658824749526,96.67385312203807,57.62263472594098,60.81725291005838,46.67226424935414
20250325,68.8762167474316,99.38477155058298,59.970816429871014,63.0656975283759,46.218987671070344
20250326,68.63924675703883,101.67850223252515,36.2064687004442,64.93588528808594,45.774620955147704
20250327,69.04805334141425,103.7343106079913,16.45595948823677,66.73886978847709,45.47178551294049
20250328,69.38294930711523,105.12332810872047,25.833399937818648,68.12499320249226,45.2125220383611
20250331,70.47780939320414,106.23758734559382,33.70516811301416,69.15564080599493,45.25359921306375
20250401,71.3065091096679,107.43700712790046,41.578160442840556,70.29224089227944,45.18758724295014
20250402,73.79886341469513,108.76228879692876,47.571702822439306,71.33335605945143,45.824318307117856
20250403,74.94227708504845,110.22040654143504,52.62676158950636,72.29020132231022,46.202860718727244
20250407,75.84575139077774,74.19455818312167,32.40173405940968,71.57005605693091,46.45259459434206
20250408,74.81958092882408,44.67551561712742,15.865161383338704,75.6430905462972,48.849197825090734
20250409,75.17829403882779,19.615664817581674,2.453247080994137,80.12191553307406,51.1104217890791
20250410,75.03857584699055,-0.4877889985546763,-8.018887723003404,84.08716724641525,52.92317746558676
20250411,75.2182941198343,-18.111687402724378,-16.64140551424097,87.3009708679798,54.414128188325954
20250414,75.39764179023709,-33.099309125657015,-23.701754497156266,89.91629314188455,55.45082045884338
20250415,75.20198828155846,-45.36701431900175,-29.613165756700976,91.18186391995715,56.08531872705317
20250416,74.49766151198621,-55.578007230558654,-34.55568647724489,92.22653221727106,56.04529137599855
20250417,47.99348131414487,-63.034922288383726,-38.532555608224264,93.04948208061076,56.03425724743426
20250418,25.64214121926609,-69.08215343081868,-42.30158292435968,92.36121567054833,56.617647713118416
20250421,7.449682730634738,-73.96617761241524,-45.376042819918005,91.68139174026435,56.877119954784305
20250422,-7.438777645304358,-77.70198729258895,-47.89142270375856,91.01662558920513,57.005974004769726
20250423,-19.611940422065377,-80.98219126051545,-50.19591266345353,90.47353753128081,57.270117618471176
20250424,-1.8214888059817995,-83.66812154818663,-52.09362842996804,90.04714017950229,57.390637748071384
20250425,12.469778109092124,-85.45607433661449,-53.3591960378332,89.33547539251865,57.38789376470923
20250428,-3.2337772803635745,-86.3659954369574,-54.359054870304604,87.96899990599543,57.30594833257536
20250429,-16.474912862703242,-87.09784513636744,-55.16509345410404,87.1001349274054,57.13035458246082
20250430,-27.189958375204068,-87.7109374708986,-55.83809510019957,86.4965335208327,57.261668480017185
20250506,-36.23965764244273,-88.38729025463692,-56.45558242077651,86.83594176587337,57.48843348076838
20250507,-44.609257784965926,-89.13059408619789,-57.004702735658256,86.70015590116061,58.13812317785844
20250508,-51.60804418526205,-97.75682666533844,-60.796730406371104,88.81040102585298,58.70780323390964
20250509,-64.44020162066322,-104.78346283149419,-63.92118347497038,90.83607918346536,60.50537895865673
20250512,-75.45905017160301,-111.24562936064879,-66.54465065420068,94.03808739924175,62.558651868298575
20250513,-85.53300489764004,-117.17522946523475,-70.43651571544402,96.94057853908386,64.28099897905473
20250514,-92.50046057961654,-119.60024222879797,-71.36624131510865,99.14644525850663,65.59304796486867
20250515,-98.81286416989305,-119.26526728276008,-71.62494456669647,99.90364112230728,66.68535876346667
20250516,-104.58509610081681,-118.80679077618444,-71.76614409767761,101.51342760627716,67.8871797524066
20250519,-112.00754816030282,-118.5078392543652,-71.94301373263586,102.45235952429628,70.5374160482711
20250520,-118.22677347997592,-119.2179504978529,-72.20506129090724,103.43240738158438,72.70271794820951
20250521,-73.72286849060875,-120.13761860339264,-72.55744068166668,106.60818730336203,73.75343247874541
20250522,-36.49327148044196,-120.42967758602101,-72.61822591648959,109.273706209242,75.03559739203557
20250523,-53.514886798952205,-121.78312170227501,-72.78684823579646,66.29469247779272,46.33578027151203
20250526,-20.136711973541427,-122.37579423852544,-73.1463144373736,31.12591203008185,22.680090233482872
20250527,6.943911129709156,-122.61950502961322,-73.14721392941284,2.747027445362406,2.890244316572066
20250528,29.751931207808667,-124.23795005156964,-73.8286984138716,-21.871469725418766,-13.81208093109175
20250529,51.101067178794096,-128.00032405194298,-75.14487272425073,-46.73845258896154,-28.153044143556823
20250530,69.24764064646622,-129.7927824098876,-75.72043860426405,-65.9481425116764,-41.48467390550842
20250603,85.86564090603255,-131.18452777354776,-75.60533168326076,-80.59612766754283,-50.19861794347969
20250604,99.5265985208473,-133.28000265572877,-76.42623885420252,-89.3899359313636,-57.28725158643061
20250605,110.05401813318879,-135.19628001493658,-77.28224038106099,-98.25346086979185,-62.938462677146376
20250606,114.67113728241367,-135.90739731522032,-77.96575363116023,-105.83410371510217,-66.83224622673123
20250609,119.37334883860169,-136.40411503150045,-78.44122756164496,-111.63296581170067,-70.11128602105941
20250610,123.18684184853588,-137.07210136649425,-79.2913190853657,-116.49148430584975,-72.79423284803904
20250611,127.61077914508856,-136.9246582247192,-79.33139016986789,-120.34728905659281,-77.1665869214626
20250612,132.00325787904328,-141.05908433774846,-81.90423475149429,-124.09633986170105,-80.41449940730496
20250613,135.23877724614226,-144.8197534315578,-84.00818503303992,-126.9269663808777,-83.31676890410556
20250616,139.8162470195909,-141.7505578253606,-82.5717814559399,-125.20229878689752,-86.30690438564379
20250617,143.73372287399602,-139.2624790545126,-81.39329585300027,-123.88923104874975,-88.86181936719521
20250618,146.08584546386123,-135.9318432495079,-80.60726149730993,-121.94237793755774,-90.98993740023411
20250619,151.55177343269287,-132.91750657645855,-79.9820855091607,-120.37261396996898,-93.70178240420346
20250620,155.2625454077338,-86.34956451000288,-50.787829672638466,-119.25125224616959,-95.57006218226765
20250623,98.46543177681356,-48.56760242067687,-26.959767536729814,-118.3719603745909,-96.64743859449536
20250624,51.94981153248602,-20.65550649302621,-8.692196519122183,-115.92715500984593,-97.5484983422351
20250625,17.272040633142364,2.194246936095589,6.416697512475925,-113.51043371988682,-95.604702385482
20250626,-7.454916625431327,21.04997588715909,18.787313473115063,-111.64700017195821,-93.44141602171035
20250627,-27.579480224342255,36.46342966531679,29.23356839037898,-110.12574844439057,-91.72855725061315
20250630,-43.86736036813686,50.018882455890406,38.34834938625671,-109.1127537875507,-90.41808020629955
20250701,-58.252407702101785,61.19347411056201,46.42085097089605,-108.5368976572874,-92.7140163679171
20250702,-69.71431038417703,70.28313423174063,52.93929832631841,-109.6496645283082,-94.7172565268686
20250703,-79.25560417774057,77.63804619467886,58.27422947272716,-68.85574686130938,-96.40309891988377
20250704,-90.57715526575785,83.50819003445673,62.663181006658604,-35.47540188418439,-99.24645905000774
20250707,-99.7813523195596,88.01007350689044,66.36153351885909,-8.619868731065502,-101.33943317531993
20250708,-107.7119438621435,91.53531732263738,68.79168293576024,13.301163960806056,-103.335452378376
20250709,-114.41474433325277,94.85406107504738,72.0864423360305,30.678263492432023,-104.9398835398049
20250710,-119.74526082633865,97.59152955417542,74.5524833275995,5.526947009791685,-106.97201610561699
20250711,-123.10335153805664,100.58516435049305,77.06809627210208,25.105532767911257,-108.01218634402257
20250714,-125.42105023903936,107.42089251115183,84.90841021571876,44.956950345302815,-108.17159122730286
20250715,-128.65536298106568,112.98332470062866,91.00503871810717,62.136362001987514,-108.41638282616051
20250716,-131.36675596288134,120.21061088605103,96.40928458053914,77.89574037195467,-108.66505191268283
20250717,-84.88237416263283,127.21038550103889,100.42444648004629,90.73144543855491,-105.83312004440651
20250718,-47.54960912122286,130.837361283142,101.73333383385147,98.00766177383558,-103.66828282851246
20250721,-16.272969906894946,133.00003582904498,102.49795906820046,103.9322444703081,-102.2494515259017
20250722,9.107711472286908,145.95635761394328,108.49200500323175,110.50785304021396,-101.07422462783074
20250723,32.4656714523409,157.0575549765921,113.23650017265952,117.18156967155403,-105.6090674616751
20250724,3.335531208374711,162.17177569430254,116.41991101509385,122.42888927653712,-105.01148154160477
20250725,-20.46400937416773,165.97106823084775,115.04888001686636,126.56193326137483,-104.4004623222211
20250728,-38.94060558371308,168.93818680212794,114.40374760953839,129.9427095568927,-103.66226601506071
20250729,-53.99160934124756,168.08484145285192,113.92710790853765,132.14176325373367,-103.11787551967653
20250730,-66.08408386394187,167.7826248903617,114.07519147113874,134.502007187736,-100.15653986068858
20250731,-75.94776500669765,166.84496088361183,113.25420567111881,134.74894494352034,-97.13431718561873
20250801,-84.0074878660232,165.92571994118464,112.63592021255033,134.912678427325,-94.38426568539508
20250804,-90.8346890270214,166.14635412921513,111.52520230674925,135.42311535155753,-92.33619628762203
20250805,-96.44503247495655,164.99291839448605,109.59876246622034,135.46391718483005,-90.12636113165078
20250806,-101.08142992062349,164.3644116614899,107.32147307475267,136.18394966748127,-88.26519227697551
20250807,-104.87858910193222,163.65283570433908,105.56725319355185,136.40137846284844,-86.79913537261116
20250808,-108.17266675707619,163.15459994686069,104.17001852934966,136.1279631223169,-85.31442334230367
20250811,-110.41811828410638,162.57252126706905,100.94238550114227,135.8978258535529,-83.17415374319303
20250812,-112.33302697518945,162.07051932918318,97.90976922572841,131.8290954031649,-57.05343567032988
20250813,-72.93594338513554,160.31593080597034,95.34136220894464,125.60260020705934,-37.29598656609718
20250814,-39.39022648128629,157.4287581952107,92.58364001625489,118.36311413075418,-21.63172952930347
20250815,-52.51464072133634,156.0935447873377,90.88757996464435,112.72779237911679,-9.161131023377486
20250818,-63.17320762030259,156.71826254216188,89.45701053306216,108.04972266001421,0.9352995483730311
20250819,-72.030798964247,157.62933941574354,88.28420300747558,104.59627568438276,9.19307246944201
20250820,-79.30346775160885,154.4848847629058,86.97062586512405,101.77022257354706,15.945302489584316
20250821,-87.6610377869952,152.92357365489565,85.96455818710004,99.3660599755207,21.538699979511335
20250822,-93.83206480963928,151.44517143078644,86.31117219984029,97.28804885412727,26.0816655203499
20250825,-99.44612433311426,150.6059219216915,86.54714443636604,95.77399702291468,29.833985346336117
20250826,-102.73001474533497,151.39833331689164,86.31992596591915,94.40885887644022,32.8470763509206
20250827,-104.79977253195851,97.06474566215502,86.11713916156512,93.78158036040435,35.5905357886299
20250828,-106.54817589076724,52.0096830556717,85.95661123765947,93.7721922894753,37.90680486492537
20250829,-107.86840527503544,13.828706331765115,85.36030181319428,93.71410105055297,39.80532171501276
20250901,-109.18405953201211,-17.589388701830025,85.12536531179565,93.66717115981096,41.35661669443926
20250902,-110.33291020844803,17.1036591312515,86.71976796873221,93.7077176731808,42.7328068410102
20250903,-111.10455770648683,46.79981589311693,88.4060914875394,93.80933273321085,43.85341132135986
20250904,-111.54688307406231,71.0631631088454,89.8705490266903,94.15797775274096,44.774406763440126
20250905,-111.82027691480369,87.943921179332,90.49622158509453,94.40930104626919,45.56574864987751
20250908,-112.2344246887406,102.17666613922287,93.51819158702152,94.63113818329788,46.483595447638315
20250909,-112.8250834835523,114.26996910635197,97.73836510268042,97.23206637942144,48.62161881998952
20250910,-119.58258055796462,121.73302034320352,98.06199745709259,105.17166603908721,54.10789695833486
20250911,-124.02373031634183,126.21467538046555,98.55376866402302,116.87553794515993,60.226385783802634
20250912,-128.01954117581545,129.99527886593827,99.44731824209588,128.0018914156876,66.40027728812476
20250915,-130.39238983184612,132.28700794082792,100.11180805294497,137.90393854876044,72.487745063396
20250916,-132.49350450309353,133.7660519465794,100.61760647802924,141.11753066648828,77.45578699134164
20250917,-132.84149981287808,136.86687714606379,101.23370047863031,143.22301875569602,80.25022207265327
20250918,-135.2144192574996,138.12491983518052,101.12989278079017,145.2254842656639,84.68075954192999
20250919,-136.69519721896742,139.63862478015986,101.61918872062942,147.3726877505202,86.22182784105023
20250922,-138.65830541106806,140.73228371177447,101.83034794642431,148.42653938501664,87.46827955130742
20250923,-131.76877527322515,97.03786812595266,68.09355568106301,146.6786280041259,85.78020043952839
20250924,-126.54684966761151,61.18891629139199,40.75647049790549,144.52063498368088,83.733365844934
20250925,-121.30867979994024,32.587198712007506,18.61192528085311,138.94163591880772,81.25767536858989
20250926,-116.90175024213673,9.212506889848711,0.25804839624365966,134.4820247746891,79.182222032916
20250929,-113.30603006151935,-9.911794232786674,-14.925675888674357,130.33590824623397,77.42094601052256
20250930,-110.36570814924632,-25.57871733810825,-27.415416722639353,126.84700045450104,75.97677300635588
20251009,-108.04584455530642,-36.33993510739361,-9.976740950875215,122.28534078282284,74.86857208081264
20251010,-106.15067684933405,-45.113808369905875,3.9811977520302095,116.75604787621947,73.56574203597972
20251013,-104.77679816497798,-52.68169476103297,15.631660425172061,112.29772484375965,72.8364857117937
20251014,-103.61686443517422,-58.88434083371024,25.19841813507926,108.46286238922188,71.89618876294837
20251015,-102.39080212134785,-63.941410958112186,33.037739601015794,105.29017203851203,71.11197588893329
20251016,-101.3851213041198,-69.15010341884965,40.56437761885579,102.98728911787428,70.42129363603715
20251017,-100.56271606702052,-73.79476344715769,46.88792163841913,101.44523144506137,69.71831495475716
20251020,-99.22419640747798,-77.48798607982934,52.088231898634554,100.11215604839235,68.54285459017771
20251021,-98.46810325820098,-80.69434822460569,56.73729219370676,98.97022114668435,67.54933146257547
20251022,-97.86420060799423,-83.30459765512515,60.30139077533107,99.12607345467366,66.8422296837858
20251023,-96.30267972393104,-85.44477514073884,63.253901194888584,99.12653789881979,66.37983011091737
20251024,-95.03713745388455,-87.53255109551512,65.96400985347603,99.11654169879307,66.04506519775376
20251027,-94.23107089688843,-89.26175292870215,68.18884090005731,99.56644072549507,66.52811911481079
20251028,-92.93746686896058,-90.66822336048662,41.916671205636504,100.3792998844117,65.80993357741319
20251029,-98.07766432445109,-99.79863387631612,18.204114967906946,100.02822523927658,41.324372832698444
20251030,-101.81965728085073,-107.07609501701116,-1.492633218507221,63.841029969394185,20.84253055980889
20251031,-105.47006299826283,-114.50843472362615,-18.086412567824016,73.56329158976928,3.3053198942642408
20251103,-109.66101921383749,-120.70702867270626,-31.456337935333774,81.18358311380017,14.04753533262531
20251104,-112.90904729210894,-125.8013344330202,-42.4106869688882,87.50212710071617,22.845012340849532
20251105,-113.16034165510783,-129.76235300768607,-51.40184808373671,92.68853209651273,29.824463544140908
20251106,-113.269977939575,-149.22686247441823,-67.29947810077026,98.22275032322813,35.54143803986105
20251107,-113.60486117716067,-165.65934962077773,-81.30182443522565,105.15361920387234,40.67398958576629
20251110,-113.88565440681111,-177.78174055676072,-92.1923651529893,110.08968265301736,44.80817209689809
20251111,-115.14473557348597,-188.24444752835768,-99.20271894205712,110.46606076375039,48.53673911661561
20251112,-116.22890659813949,-194.84739529304744,-104.99291460641284,110.44957868758546,51.54804071314467
20251113,-117.41535405994252,-199.74745651382773,-109.60130690096183,109.31201855108446,53.994331234513716
20251114,-121.19720925612691,-201.16730371324985,-112.6448489621604,108.54380753829928,57.14223540984805
20251117,-121.00174402248696,-203.03756275933785,-114.77360684567523,107.9852818546858,59.50816664108049
20251118,-120.93464060135327,-203.67666314874273,-116.13146066099435,107.69321860078024,61.648781219646956
20251119,-120.38290875951049,-205.85054200027645,-115.4847846718596,107.28932506735033,63.43037910785507
20251120,-122.32108347119645,-199.98220724916246,-112.4713256688629,107.24409171909609,65.09430557407254
20251121,-123.90977651242883,-194.74802904752357,-109.71925295094135,107.13391472414769,66.50811657467844
20251124,-125.2099426248139,-190.94701752448472,-107.39461609388681,106.96001488919187,67.64505623885462
20251125,-128.57740059493665,-188.597948632674,-105.57101379260166,106.76503963769127,69.7019626880694
20251126,-131.43998228947882,-187.69882771464702,-103.85546917896043,110.16100354834973,71.65184143509556
20251127,-132.4983242473293,-186.31749608658163,-101.8334113629386,112.59309067054268,73.22086458301735
20251128,-134.19373007615468,-185.4856176052458,-99.72276573759814,116.1100060721441,74.6248595811406
20251201,-135.3707650586816,-184.42756117590963,-98.39785513960332,119.11515842726608,84.7587218595326
20251202,-136.3729386261572,-183.61564650391546,-97.2295835628483,121.60202865040124,92.90700850061769
20251203,-143.88411262219665,-183.09349969036208,-96.3265541721043,123.67495254709243,103.31887878709288
20251204,-149.50068675111615,-183.10245898724366,-96.42306925706743,127.06906418441692,112.24378761715231
20251205,-153.9259373892765,-183.12998951689133,-96.2101719202551,130.0274520884909,119.11072829018491
20251208,-153.40078283996266,-182.74913334984592,-95.8581518958944,130.37533794249632,122.63149077445865
20251209,-152.7363940355185,-181.55484232476542,-95.65966341034805,135.4396352389355,125.51414980932867
20251210,-97.64256222059163,-115.52197722884651,-61.46584107189601,141.21429195270701,127.16298530562038
20251211,-52.04223539087737,-61.77587346809636,-34.19250290939964,143.8199818874235,128.53783342198523
20251212,-14.864294965142903,-17.13578807830262,-11.736711997361464,145.3822673434142,128.05374636650745
20251215,19.668374174859235,18.70430636876367,6.581866264306918,143.89662432462745,130.15329653793341
20251216,46.428912301357535,47.45072043826545,21.4066993891337,141.20094977235445,131.5269448194106
20251217,67.97751253898517,71.41057622996966,34.69426276767356,92.80349337465584,131.38828184494383
20251218,85.50392997958886,18.489147225541473,9.235454214822935,53.27974202820764,131.12974149092636
20251219,99.6204843068809,-20.80058856632077,-11.791837340513798,23.173909204072388,131.2579235868966
20251222,110.96382715030417,-50.18280084372007,-27.937219081999952,0.4196450191352031,131.3855668207285
20251223,120.17906896720271,-74.27669931969453,-41.97445500314269,-18.50888596662723,131.40512530815394
20251224,127.27505957728403,-94.09118720626606,-53.922041977487524,-32.42600973228136,131.57327522090856
20251225,133.9385783803099,-109.73926294564218,-64.10436931834009,-43.77909385559993,133.686097454162
20251226,136.95184406718067,-123.35033340608281,-73.2700223881844,-52.6743612678478,131.9805390922666
20251229,139.15913042039793,-136.1372504262958,-80.59750116921451,-59.99812870423901,130.76500526443903
20251230,141.3893739759581,-144.1988785574681,-85.08197605163748,-65.77192968188925,129.5038725300643
20251231,141.98729665360807,-150.8203627829716,-88.4150834290442,-70.4812550224241,126.61850524327966
20260105,142.47465411202162,-156.2977916342414,-90.80845349233893,-74.52038945021165,124.43174978594827
20260106,141.88348540514448,-159.12228181574372,-93.66956182479184,-77.37777132863219,121.94717918337965
20260107,142.3372698398716,-161.05403593209954,-95.79406239287651,-80.31246673400447,120.76062225243805
20260108,141.60059907508494,-163.35513374837768,-97.68212803231617,-82.36141275832104,116.58926857753191
20260109,141.1652269373294,-164.3558299448123,-99.73732740797757,-51.119764285657006,112.90878365508803
20260112,140.86007557374057,-165.68098670673868,-102.36860621285994,-24.47937898085037,109.87420838628063
20260113,139.79538515691328,-167.39160771842913,-105.27969155867767,-2.6684512003640712,107.68603629950191
20260114,138.98905299447333,-170.03086152949263,-108.05144937862727,15.968329292843366,70.73271380391583
20260115,138.81315460336427,-172.59959097020413,-108.11260640571035,-5.201602055073588,40.15584977361294
20260116,88.07450371452278,-173.86246185991763,-108.1530111282183,11.729200528030557,15.174932146530193
20260119,46.45612414550253,-174.90864172664828,-108.05487756955196,24.621612643465607,-4.703721373691958
20260120,12.325576733712325,-181.62368987238764,-108.21625131742601,36.759650417835246,-20.929200336297136
20260121,-15.466347698214685,-188.79303194088533,-108.98232783066467,47.32563565116548,-34.465263062215975
20260122,10.163206336231333,-194.33844986725623,-109.17199760691705,21.56258492039044,-45.16997354355192
20260123,31.139283497542294,-199.32509740180896,-109.10688940611746,-0.41811913330597245,-53.8516168916077
20260126,49.21980136615606,-129.38186877027744,-107.4411092175271,13.269225804922977,-60.01259031616544
20260127,65.39936158645237,-72.1743762428364,-70.44339376894983,24.49640047167807,-66.28410278132287
20260128,78.59539507525349,-25.410120013027786,-39.676612407193794,33.69001347102373,-70.71100137875422
20260129,88.83312754951699,13.087334610227451,-13.84274302432208,41.011089194478146,-73.91297222531014
20260130,96.65651356036292,-18.380133214194036,-29.305701994244625,46.85800457398717,-76.48236398474334
20260202,102.66263536341916,-36.52979259594508,-39.807318090380946,50.49248280420134,-78.55294303729339
20260203,107.66793382977771,-51.6165809732473,-48.31150397123337,53.487114596413946,-80.66815481369122
20260204,114.08040000692903,-63.888642973743046,-55.31052245635245,55.959798722402944,-83.28111635331199
20260205,120.28695616392216,-73.75120746273144,-29.982164175466767,58.17249713418095,-87.85949167917902
20260206,125.36307868216915,-82.04650660540455,-9.207057779586941,60.0978101030456,-91.79038291273318
20260209,129.58590054873085,-88.8335976670365,7.787096706082641,61.76163250703082,-95.00235425136734
20260210,134.49521295064116,-94.35133295768283,21.501021305537098,63.09748395890895,-97.67349637214065
20260211,135.53877373091183,-98.86977286245205,32.71176995783094,64.28748171265467,-98.13741889316078
20260212,136.28888953973032,-103.02859683218283,11.074346670227369,65.44047901232084,-98.36744021092225
20260213,137.2839082292405,-107.04862057478692,-6.640801539259202,67.69455101314142,-99.40682918084988
20260224,137.29228814903118,-109.52056836686853,9.745448695463436,69.66148895630192,-101.30245034347166
20260225,134.48620937302698,-110.87780313949744,-7.524632845145178,71.27661550699725,-102.49162403794567
20260226,132.49079726610398,-111.81798426658439,-21.261497554135488,72.46065885150934,-103.05863352876034
20260227,132.88359268241635,-112.66329651622742,-32.81455491444024,73.48053565053533,-103.80467790394121
20260302,133.69848481707825,-113.28058800506045,-41.76477154202902,73.69087594773487,-104.74598420131073
20260303,134.64907308457467,-114.8944909347019,-49.966619010555426,77.73488991815701,-106.65211191039339
20260304,135.32223327169646,-116.27779743592153,-57.64802354366651,81.06752906800901,-108.10323229982208
20260305,135.96320461626507,-117.9528752456031,-63.73256094693054,83.79373011723347,-109.91267003284635
20260306,131.580270812062,-119.50713997188055,-36.1907123963615,85.30647605793095,-71.1409908458065
20260309,125.9596778241249,-79.55195709695283,-18.547695632323126,84.45834638296421,-40.28434970414861
20260310,121.23643968184251,-47.672099569602544,-4.236680687371683,84.02624294469952,-15.833963296456204
20260311,115.19912575960036,-22.154598028000308,7.495789104714064,83.72033108341232,2.2603858464606983
20260312,110.08244783225047,-1.2934662021105414,16.903912307243157,83.43040431928533,17.166610700649844
20260313,105.00445806348361,15.957384622953459,24.77477114182221,83.7247877596112,27.10245781550661
20260316,99.51139883928636,30.129405682143556,30.854201140644342,83.77881183240177,32.40959315624884
20260317,95.07125889992984,41.2186503667708,35.75908024550221,83.23489277544408,36.76588163365816
20260318,90.9303099813586,49.609667259283505,39.10626924946478,82.75055331578288,39.949086747938075
20260319,87.681536572231,56.36809533042341,41.869424692752986,82.31886506086039,42.73464307728803
20260320,84.88810976326423,62.027939151390186,44.27990328581543,82.42124062463307,44.92245874160644
20260323,82.38151412900784,66.55319064213028,46.21592936357582,82.57135478840476,46.595823211205214
20260324,79.92609925076042,69.24536807797045,46.96594354490073,82.35321761233538,47.84863329711583
20260325,78.05366550041121,71.48552473705954,47.3868537351002,81.72068149139282,48.81517098900951
20260326,76.48562700889963,73.20940654044054,47.93400703747082,81.14367778593622,49.65011984815898
20260327,75.13153803194079,74.60987141673132,48.31545702249544,80.70203763997421,50.222615096785184
20260330,74.04861982653756,75.76023561951055,48.59233017698985,80.94120880172028,50.69495037535877
20260331,73.03438106184612,76.73946136161884,48.75644810608389,81.31086863530997,51.046864546475035
20260401,71.89535147867404,77.42376397688192,48.82785899880038,80.76914882505318,51.197579602334635
20260402,70.98791782700982,77.85246508416417,48.78149754774037,80.10723013820274,51.35169009182225
20260403,71.24382904320575,78.224815355846,48.79618769640395,80.12264042763162,51.79143508542588
